   0.0000000e+00	   0.0000000e+00	   0.0000000e+00	   1.0494312e-01	   5.4504287e-13	
   1.0000000e-02	   2.5927015e-03	   8.1886596e+01	   8.8456638e-02	   5.4536835e-13	
   2.0000000e-02	   9.6363583e-03	   8.6621329e+01	   7.7158877e-02	   5.4625358e-13	
   3.0000000e-02	   2.3714728e-02	   8.9882243e+01	   6.8859543e-02	   5.4802722e-13	
   4.0000000e-02	   3.5662903e-02	   9.1605450e+01	   6.2395277e-02	   5.4953701e-13	
   5.0000000e-02	   3.2609607e-02	   9.1865126e+01	   5.7263884e-02	   5.4915080e-13	
   6.0000000e-02	   4.2551587e-02	   9.2965705e+01	   5.3080001e-02	   5.5040937e-13	
   7.0000000e-02	   3.2448936e-02	   9.2781959e+01	   4.9544675e-02	   5.4913048e-13	
   8.0000000e-02	   2.6740574e-02	   9.2871788e+01	   4.6493515e-02	   5.4840918e-13	
   9.0000000e-02	   3.0683518e-02	   9.3495872e+01	   4.3844159e-02	   5.4890731e-13	
   1.0000000e-01	   1.6800955e-02	   9.3156152e+01	   4.1536390e-02	   5.4715548e-13	
   1.1000000e-01	   1.1064734e-02	   9.3260953e+01	   3.9510630e-02	   5.4643327e-13	
   1.2000000e-01	   2.0375787e-02	   9.4097377e+01	   3.7711413e-02	   5.4760605e-13	
   1.3000000e-01	   2.5218001e-02	   9.4628611e+01	   3.6092767e-02	   5.4821695e-13	
   1.4000000e-01	   2.0316440e-02	   9.4744069e+01	   3.4619080e-02	   5.4759857e-13	
   1.5000000e-01	   1.8361014e-02	   9.4967339e+01	   3.3263979e-02	   5.4735206e-13	
   1.6000000e-01	   3.1570052e-02	   9.5679313e+01	   3.2009091e-02	   5.4901937e-13	
   1.7000000e-01	   6.1333714e-02	   9.6720245e+01	   3.0842765e-02	   5.5279490e-13	
   1.8000000e-01	   1.0175888e-01	   9.7776760e+01	   2.9758264e-02	   5.5796447e-13	
   1.9000000e-01	   1.4818812e-01	   9.8728403e+01	   2.8751426e-02	   5.6396152e-13	
   2.0000000e-01	   2.0192326e-01	   9.9612028e+01	   2.7818429e-02	   5.7098275e-13	
   2.1000000e-01	   2.6944121e-01	   1.0050501e+02	   2.6954462e-02	   5.7992894e-13	
   2.2000000e-01	   3.5920575e-01	   1.0145653e+02	   2.6153508e-02	   5.9204025e-13	
   2.3000000e-01	   4.7907972e-01	   1.0247254e+02	   2.5408888e-02	   6.0860937e-13	
   2.4000000e-01	   6.3523616e-01	   1.0353223e+02	   2.4713961e-02	   6.3089092e-13	
   2.5000000e-01	   8.3215419e-01	   1.0460906e+02	   2.4062645e-02	   6.6015525e-13	
   2.6000000e-01	   1.0730793e+00	   1.0568270e+02	   2.3449657e-02	   6.9781225e-13	
   2.7000000e-01	   1.3604704e+00	   1.0674162e+02	   2.2870540e-02	   7.4555159e-13	
   2.8000000e-01	   1.6960978e+00	   1.0778085e+02	   2.2321589e-02	   8.0545344e-13	
   2.9000000e-01	   2.0806785e+00	   1.0879862e+02	   2.1799731e-02	   8.8003209e-13	
   3.0000000e-01	   2.5132657e+00	   1.0979383e+02	   2.1302421e-02	   9.7220361e-13	
   3.1000000e-01	   2.9908370e+00	   1.1076497e+02	   2.0827541e-02	   1.0852114e-12	
   3.2000000e-01	   3.5084453e+00	   1.1171030e+02	   2.0373327e-02	   1.2225741e-12	
   3.3000000e-01	   4.0599275e+00	   1.1262850e+02	   1.9938304e-02	   1.3881085e-12	
   3.4000000e-01	   4.6387895e+00	   1.1351916e+02	   1.9521219e-02	   1.5860235e-12	
   3.5000000e-01	   5.2387860e+00	   1.1438263e+02	   1.9120992e-02	   1.8209971e-12	
   3.6000000e-01	   5.8539362e+00	   1.1521941e+02	   1.8736662e-02	   2.0980908e-12	
   3.7000000e-01	   6.4780861e+00	   1.1602923e+02	   1.8367356e-02	   2.4223632e-12	
   3.8000000e-01	   7.1043936e+00	   1.1681038e+02	   1.8012250e-02	   2.7981438e-12	
   3.9000000e-01	   7.7251309e+00	   1.1755958e+02	   1.7670562e-02	   3.2280760e-12	
   4.0000000e-01	   8.3319842e+00	   1.1827242e+02	   1.7341533e-02	   3.7121804e-12	
   4.1000000e-01	   8.9167584e+00	   1.1894418e+02	   1.7024430e-02	   4.2472370e-12	
   4.2000000e-01	   9.4722127e+00	   1.1957074e+02	   1.6718545e-02	   4.8267180e-12	
   4.3000000e-01	   9.9927498e+00	   1.2014928e+02	   1.6423195e-02	   5.4413372e-12	
   4.4000000e-01	   1.0474798e+01	   1.2067863e+02	   1.6137728e-02	   6.0800969e-12	
   4.5000000e-01	   1.0916880e+01	   1.2115938e+02	   1.5861526e-02	   6.7316052e-12	
   4.6000000e-01	   1.1319458e+01	   1.2159373e+02	   1.5594004e-02	   7.3854423e-12	
   4.7000000e-01	   1.1684730e+01	   1.2198530e+02	   1.5334620e-02	   8.0334787e-12	
   4.8000000e-01	   1.2016491e+01	   1.2233908e+02	   1.5082877e-02	   8.6712106e-12	
   4.9000000e-01	   1.2320189e+01	   1.2266152e+02	   1.4838326e-02	   9.2992852e-12	
   5.0000000e-01	   1.2603167e+01	   1.2296083e+02	   1.4600571e-02	   9.9253840e-12	
   5.1000000e-01	   1.2874997e+01	   1.2324738e+02	   1.4369271e-02	   1.0566480e-11	
   5.2000000e-01	   1.3147703e+01	   1.2353391e+02	   1.4144143e-02	   1.1251255e-11	
   5.3000000e-01	   1.3435534e+01	   1.2383531e+02	   1.3924960e-02	   1.2022204e-11	
   5.4000000e-01	   1.3753970e+01	   1.2416757e+02	   1.3711544e-02	   1.2936825e-11	
   5.5000000e-01	   1.4117788e+01	   1.2454576e+02	   1.3503762e-02	   1.4067260e-11	
   5.6000000e-01	   1.4538432e+01	   1.2498133e+02	   1.3301517e-02	   1.5497936e-11	
   5.7000000e-01	   1.5021442e+01	   1.2547954e+02	   1.3104731e-02	   1.7321074e-11	
   5.8000000e-01	   1.5564951e+01	   1.2603801e+02	   1.2913345e-02	   1.9630246e-11	
   5.9000000e-01	   1.6159932e+01	   1.2664716e+02	   1.2727299e-02	   2.2512505e-11	
   6.0000000e-01	   1.6792061e+01	   1.2729221e+02	   1.2546528e-02	   2.6039747e-11	
   6.1000000e-01	   1.7444378e+01	   1.2795591e+02	   1.2370958e-02	   3.0259970e-11	
   6.2000000e-01	   1.8099761e+01	   1.2862104e+02	   1.2200496e-02	   3.5188986e-11	
   6.3000000e-01	   1.8742616e+01	   1.2927207e+02	   1.2035037e-02	   4.0803018e-11	
   6.4000000e-01	   1.9359684e+01	   1.2989589e+02	   1.1874459e-02	   4.7032609e-11	
   6.5000000e-01	   1.9940165e+01	   1.3048187e+02	   1.1718627e-02	   5.3758501e-11	
   6.6000000e-01	   2.0475472e+01	   1.3102162e+02	   1.1567394e-02	   6.0810394e-11	
   6.7000000e-01	   2.0958855e+01	   1.3150858e+02	   1.1420607e-02	   6.7969831e-11	
   6.8000000e-01	   2.1385054e+01	   1.3193761e+02	   1.1278107e-02	   7.4978378e-11	
   6.9000000e-01	   2.1750033e+01	   1.3230482e+02	   1.1139732e-02	   8.1551871e-11	
   7.0000000e-01	   2.2050837e+01	   1.3260734e+02	   1.1005318e-02	   8.7400593e-11	
   7.1000000e-01	   2.2285549e+01	   1.3284335e+02	   1.0874700e-02	   9.2254086e-11	
   7.2000000e-01	   2.2453340e+01	   1.3301206e+02	   1.0747715e-02	   9.5888095e-11	
   7.3000000e-01	   2.2554606e+01	   1.3311391e+02	   1.0624200e-02	   9.8150221e-11	
   7.4000000e-01	   2.2591185e+01	   1.3315079e+02	   1.0503993e-02	   9.8980387e-11	
   7.5000000e-01	   2.2566633e+01	   1.3312628e+02	   1.0386933e-02	   9.8422408e-11	
   7.6000000e-01	   2.2486535e+01	   1.3304597e+02	   1.0272861e-02	   9.6623812e-11	
   7.7000000e-01	   2.2358769e+01	   1.3291777e+02	   1.0161622e-02	   9.3822615e-11	
   7.8000000e-01	   2.2193620e+01	   1.3275200e+02	   1.0053062e-02	   9.0321808e-11	
   7.9000000e-01	   2.2003580e+01	   1.3256118e+02	   9.9470305e-03	   8.6454709e-11	
   8.0000000e-01	   2.1802675e+01	   1.3235939e+02	   9.8433802e-03	   8.2546410e-11	
   8.1000000e-01	   2.1605246e+01	   1.3216103e+02	   9.7419685e-03	   7.8877878e-11	
   8.2000000e-01	   2.1424311e+01	   1.3197919e+02	   9.6426571e-03	   7.5659205e-11	
   8.3000000e-01	   2.1269919e+01	   1.3182398e+02	   9.5453128e-03	   7.3016766e-11	
   8.4000000e-01	   2.1148031e+01	   1.3170141e+02	   9.4498077e-03	   7.0995972e-11	
   8.5000000e-01	   2.1060381e+01	   1.3161326e+02	   9.3560197e-03	   6.9577483e-11	
   8.6000000e-01	   2.1005352e+01	   1.3155790e+02	   9.2638330e-03	   6.8701443e-11	
   8.7000000e-01	   2.0979424e+01	   1.3153181e+02	   9.1731386e-03	   6.8292515e-11	
   8.8000000e-01	   2.0978563e+01	   1.3153095e+02	   9.0838346e-03	   6.8278974e-11	
   8.9000000e-01	   2.0999042e+01	   1.3155157e+02	   8.9958268e-03	   6.8601704e-11	
   9.0000000e-01	   2.1037558e+01	   1.3159034e+02	   8.9090291e-03	   6.9212813e-11	
   9.1000000e-01	   2.1090847e+01	   1.3164399e+02	   8.8233643e-03	   7.0067293e-11	
   9.2000000e-01	   2.1155199e+01	   1.3170879e+02	   8.7387643e-03	   7.1113263e-11	
   9.3000000e-01	   2.1226244e+01	   1.3178034e+02	   8.6551712e-03	   7.2286144e-11	
   9.4000000e-01	   2.1299142e+01	   1.3185377e+02	   8.5725372e-03	   7.3509736e-11	
   9.5000000e-01	   2.1369116e+01	   1.3192428e+02	   8.4908256e-03	   7.4703728e-11	
   9.6000000e-01	   2.1432053e+01	   1.3198775e+02	   8.4100105e-03	   7.5794199e-11	
   9.7000000e-01	   2.1484922e+01	   1.3204113e+02	   8.3300774e-03	   7.6722514e-11	
   9.8000000e-01	   2.1525856e+01	   1.3208254e+02	   8.2510229e-03	   7.7449084e-11	
   9.9000000e-01	   2.1553918e+01	   1.3211105e+02	   8.1728539e-03	   7.7951140e-11	
   1.0000000e+00	   2.1568684e+01	   1.3212622e+02	   8.0955875e-03	   7.8216628e-11	
