   0.0000000e+00	   0.0000000e+00	   0.0000000e+00	   1.0494312e-01	   5.4504287e-13	
   1.0000000e-02	   2.5968640e-03	   8.1896153e+01	   8.8456638e-02	   5.4536887e-13	
   2.0000000e-02	   9.6027643e-03	   8.6619167e+01	   7.7158877e-02	   5.4624935e-13	
   3.0000000e-02	   2.3517438e-02	   8.9864985e+01	   6.8859543e-02	   5.4800233e-13	
   4.0000000e-02	   3.5352168e-02	   9.1586703e+01	   6.2395277e-02	   5.4949770e-13	
   5.0000000e-02	   3.1912111e-02	   9.1818666e+01	   5.7263884e-02	   5.4906261e-13	
   6.0000000e-02	   4.1550884e-02	   9.2913088e+01	   5.3080001e-02	   5.5028256e-13	
   7.0000000e-02	   3.0789559e-02	   9.2686319e+01	   4.9544675e-02	   5.4892071e-13	
   8.0000000e-02	   2.4953074e-02	   9.2770659e+01	   4.6493515e-02	   5.4818351e-13	
   9.0000000e-02	   2.8083197e-02	   9.3366299e+01	   4.3844159e-02	   5.4857875e-13	
   1.0000000e-01	   1.3406507e-02	   9.2970193e+01	   4.1536390e-02	   5.4672799e-13	
   1.1000000e-01	   7.4399670e-03	   9.3066988e+01	   3.9510630e-02	   5.4597739e-13	
   1.2000000e-01	   1.6031434e-02	   9.3905302e+01	   3.7711413e-02	   5.4705854e-13	
   1.3000000e-01	   1.9410354e-02	   9.4399019e+01	   3.6092767e-02	   5.4748433e-13	
   1.4000000e-01	   1.3062895e-02	   9.4462179e+01	   3.4619080e-02	   5.4668474e-13	
   1.5000000e-01	   1.0073961e-02	   9.4660184e+01	   3.3263979e-02	   5.4630862e-13	
   1.6000000e-01	   2.2186613e-02	   9.5383830e+01	   3.2009091e-02	   5.4783443e-13	
   1.7000000e-01	   5.0013579e-02	   9.6438530e+01	   3.0842765e-02	   5.5135589e-13	
   1.8000000e-01	   8.7263712e-02	   9.7491097e+01	   2.9758264e-02	   5.5610530e-13	
   1.9000000e-01	   1.2937836e-01	   9.8426656e+01	   2.8751426e-02	   5.6152422e-13	
   2.0000000e-01	   1.7791897e-01	   9.9293111e+01	   2.7818429e-02	   5.6783552e-13	
   2.1000000e-01	   2.3945089e-01	   1.0017510e+02	   2.6954462e-02	   5.7593802e-13	
   2.2000000e-01	   3.2227221e-01	   1.0112340e+02	   2.6153508e-02	   5.8702673e-13	
   2.3000000e-01	   4.3393593e-01	   1.0214167e+02	   2.5408888e-02	   6.0231579e-13	
   2.4000000e-01	   5.8030926e-01	   1.0320584e+02	   2.4713961e-02	   6.2296204e-13	
   2.5000000e-01	   7.6566313e-01	   1.0428705e+02	   2.4062645e-02	   6.5012516e-13	
   2.6000000e-01	   9.9316324e-01	   1.0536384e+02	   2.3449657e-02	   6.8508898e-13	
   2.7000000e-01	   1.2653189e+00	   1.0642438e+02	   2.2870540e-02	   7.2939461e-13	
   2.8000000e-01	   1.5840844e+00	   1.0746386e+02	   2.2321589e-02	   7.8494477e-13	
   2.9000000e-01	   1.9505054e+00	   1.0848082e+02	   2.1799731e-02	   8.5404587e-13	
   3.0000000e-01	   2.3641055e+00	   1.0947452e+02	   2.1302421e-02	   9.3937977e-13	
   3.1000000e-01	   2.8224358e+00	   1.1044380e+02	   2.0827541e-02	   1.0439369e-12	
   3.2000000e-01	   3.3211487e+00	   1.1138719e+02	   2.0373327e-02	   1.1709694e-12	
   3.3000000e-01	   3.8546194e+00	   1.1230356e+02	   1.9938304e-02	   1.3240141e-12	
   3.4000000e-01	   4.4167733e+00	   1.1319265e+02	   1.9521219e-02	   1.5069817e-12	
   3.5000000e-01	   5.0016555e+00	   1.1405492e+02	   1.9120992e-02	   1.7242340e-12	
   3.6000000e-01	   5.6034728e+00	   1.1489095e+02	   1.8736662e-02	   1.9805141e-12	
   3.7000000e-01	   6.2161915e+00	   1.1570056e+02	   1.8367356e-02	   2.2806036e-12	
   3.8000000e-01	   6.8330444e+00	   1.1648215e+02	   1.8012250e-02	   2.6286641e-12	
   3.9000000e-01	   7.4463302e+00	   1.1723251e+02	   1.7670562e-02	   3.0273573e-12	
   4.0000000e-01	   8.0477003e+00	   1.1794726e+02	   1.7341533e-02	   3.4769680e-12	
   4.1000000e-01	   8.6288518e+00	   1.1862168e+02	   1.7024430e-02	   3.9748051e-12	
   4.2000000e-01	   9.1823649e+00	   1.1925160e+02	   1.6718545e-02	   4.5150977e-12	
   4.3000000e-01	   9.7024091e+00	   1.1983406e+02	   1.6423195e-02	   5.0894584e-12	
   4.4000000e-01	   1.0185151e+01	   1.2036777e+02	   1.6137728e-02	   5.6878195e-12	
   4.5000000e-01	   1.0628849e+01	   1.2085319e+02	   1.5861526e-02	   6.2996381e-12	
   4.6000000e-01	   1.1033722e+01	   1.2129236e+02	   1.5594004e-02	   6.9151693e-12	
   4.7000000e-01	   1.1401745e+01	   1.2168880e+02	   1.5334620e-02	   7.5267099e-12	
   4.8000000e-01	   1.1736523e+01	   1.2204736e+02	   1.5082877e-02	   8.1298576e-12	
   4.9000000e-01	   1.2043318e+01	   1.2237441e+02	   1.4838326e-02	   8.7249394e-12	
   5.0000000e-01	   1.2329274e+01	   1.2267800e+02	   1.4600571e-02	   9.3187584e-12	
   5.1000000e-01	   1.2603735e+01	   1.2296832e+02	   1.4369271e-02	   9.9266838e-12	
   5.2000000e-01	   1.2878454e+01	   1.2325789e+02	   1.4144143e-02	   1.0574895e-11	
   5.3000000e-01	   1.3167386e+01	   1.2356134e+02	   1.3924960e-02	   1.1302362e-11	
   5.4000000e-01	   1.3485739e+01	   1.2389444e+02	   1.3711544e-02	   1.2161988e-11	
   5.5000000e-01	   1.3848120e+01	   1.2427209e+02	   1.3503762e-02	   1.3220340e-11	
   5.6000000e-01	   1.4265974e+01	   1.2470577e+02	   1.3301517e-02	   1.4555532e-11	
   5.7000000e-01	   1.4745060e+01	   1.2520096e+02	   1.3104731e-02	   1.6253117e-11	
   5.8000000e-01	   1.5283915e+01	   1.2575567e+02	   1.2913345e-02	   1.8400184e-11	
   5.9000000e-01	   1.5874019e+01	   1.2636081e+02	   1.2727299e-02	   2.1078155e-11	
   6.0000000e-01	   1.6501557e+01	   1.2700209e+02	   1.2546528e-02	   2.4354898e-11	
   6.1000000e-01	   1.7149994e+01	   1.2766265e+02	   1.2370958e-02	   2.8276787e-11	
   6.2000000e-01	   1.7802520e+01	   1.2832558e+02	   1.2200496e-02	   3.2861143e-11	
   6.3000000e-01	   1.8443735e+01	   1.2897554e+02	   1.2035037e-02	   3.8089402e-11	
   6.4000000e-01	   1.9060471e+01	   1.2959950e+02	   1.1874459e-02	   4.3901334e-11	
   6.5000000e-01	   1.9641939e+01	   1.3018688e+02	   1.1718627e-02	   5.0190850e-11	
   6.6000000e-01	   2.0179509e+01	   1.3072923e+02	   1.1567394e-02	   5.6804342e-11	
   6.7000000e-01	   2.0666354e+01	   1.3121992e+02	   1.1420607e-02	   6.3542759e-11	
   6.8000000e-01	   2.1097126e+01	   1.3165376e+02	   1.1278107e-02	   7.0168672e-11	
   6.9000000e-01	   2.1467713e+01	   1.3202676e+02	   1.1139732e-02	   7.6419112e-11	
   7.0000000e-01	   2.1775107e+01	   1.3233602e+02	   1.1005318e-02	   8.2024081e-11	
   7.1000000e-01	   2.2017360e+01	   1.3257968e+02	   1.0874700e-02	   8.6729468e-11	
   7.2000000e-01	   2.2193629e+01	   1.3275696e+02	   1.0747715e-02	   9.0321998e-11	
   7.3000000e-01	   2.2304289e+01	   1.3286829e+02	   1.0624200e-02	   9.2653010e-11	
   7.4000000e-01	   2.2351120e+01	   1.3291548e+02	   1.0503993e-02	   9.3657529e-11	
   7.5000000e-01	   2.2337551e+01	   1.3290199e+02	   1.0386933e-02	   9.3365346e-11	
   7.6000000e-01	   2.2268922e+01	   1.3283318e+02	   1.0272861e-02	   9.1901565e-11	
   7.7000000e-01	   2.2152732e+01	   1.3271659e+02	   1.0161622e-02	   8.9475447e-11	
   7.8000000e-01	   2.1998724e+01	   1.3256197e+02	   1.0053062e-02	   8.6358101e-11	
   7.9000000e-01	   2.1818704e+01	   1.3238117e+02	   9.9470305e-03	   8.2851635e-11	
   8.0000000e-01	   2.1625919e+01	   1.3218749e+02	   9.8433802e-03	   7.9254250e-11	
   8.1000000e-01	   2.1433939e+01	   1.3199456e+02	   9.7419685e-03	   7.5827124e-11	
   8.2000000e-01	   2.1255157e+01	   1.3181484e+02	   9.6426571e-03	   7.2768999e-11	
   8.3000000e-01	   2.1099260e+01	   1.3165808e+02	   9.5453128e-03	   7.0203154e-11	
   8.4000000e-01	   2.0972178e+01	   1.3153026e+02	   9.4498077e-03	   6.8178653e-11	
   8.5000000e-01	   2.0875936e+01	   1.3143344e+02	   9.3560197e-03	   6.6684394e-11	
   8.6000000e-01	   2.0809442e+01	   1.3136653e+02	   9.2638330e-03	   6.5671181e-11	
   8.7000000e-01	   2.0769849e+01	   1.3132669e+02	   9.1731386e-03	   6.5075204e-11	
   8.8000000e-01	   2.0753885e+01	   1.3131064e+02	   9.0838347e-03	   6.4836441e-11	
   8.9000000e-01	   2.0758657e+01	   1.3131547e+02	   8.9958268e-03	   6.4907725e-11	
   9.0000000e-01	   2.0781751e+01	   1.3133875e+02	   8.9090291e-03	   6.5253797e-11	
   9.1000000e-01	   2.0820806e+01	   1.3137810e+02	   8.8233643e-03	   6.5843255e-11	
   9.2000000e-01	   2.0872949e+01	   1.3143065e+02	   8.7387643e-03	   6.6638552e-11	
   9.3000000e-01	   2.0934471e+01	   1.3149266e+02	   8.6551712e-03	   6.7589277e-11	
   9.4000000e-01	   2.1000952e+01	   1.3155968e+02	   8.5725372e-03	   6.8631875e-11	
   9.5000000e-01	   2.1067756e+01	   1.3162704e+02	   8.4908256e-03	   6.9695746e-11	
   9.6000000e-01	   2.1130669e+01	   1.3169052e+02	   8.4100105e-03	   7.0712724e-11	
   9.7000000e-01	   2.1186379e+01	   1.3174679e+02	   8.3300775e-03	   7.1625641e-11	
   9.8000000e-01	   2.1232628e+01	   1.3179356e+02	   8.2510229e-03	   7.2392472e-11	
   9.9000000e-01	   2.1268031e+01	   1.3182947e+02	   8.1728539e-03	   7.2985018e-11	
   1.0000000e+00	   2.1291700e+01	   1.3185360e+02	   8.0955875e-03	   7.3383876e-11	
