   0.0000000e+00	   0.0000000e+00	   0.0000000e+00	   2.0988624e-01	   5.4504287e-13	
   1.0000000e-02	   1.2923256e-02	   8.2911747e+01	   1.5225138e-01	   5.4666716e-13	
   2.0000000e-02	   1.4676323e-02	   8.2186799e+01	   1.2388884e-01	   5.4688787e-13	
   3.0000000e-02	   1.5579792e-02	   8.2745627e+01	   1.0582039e-01	   5.4700165e-13	
   4.0000000e-02	   1.4570011e-02	   8.3300426e+01	   9.3045931e-02	   5.4687448e-13	
   5.0000000e-02	   1.5052114e-02	   8.4994902e+01	   8.3368793e-02	   5.4693520e-13	
   6.0000000e-02	   1.0216859e-03	   7.8007144e+01	   7.5802509e-02	   5.4517110e-13	
   7.0000000e-02	   2.3333731e-03	   8.3768876e+01	   6.9689174e-02	   5.4533578e-13	
   8.0000000e-02	   1.5942966e-03	   8.5734483e+01	   6.4582315e-02	   5.4524299e-13	
   9.0000000e-02	  -9.4628363e-03	   8.3980062e+01	   6.0211041e-02	   5.4385657e-13	
   1.0000000e-01	  -1.5526832e-02	   8.4261836e+01	   5.6425491e-02	   5.4309772e-13	
   1.1000000e-01	  -2.0115421e-02	   8.5191373e+01	   5.3131858e-02	   5.4252420e-13	
   1.2000000e-01	  -3.3681648e-02	   8.2187471e+01	   5.0249644e-02	   5.4083214e-13	
   1.3000000e-01	  -2.9909236e-02	   8.6633090e+01	   4.7704363e-02	   5.4130213e-13	
   1.4000000e-01	  -5.1179542e-02	   8.0193376e+01	   4.5433671e-02	   5.3865749e-13	
   1.5000000e-01	  -5.0482327e-02	   8.5133819e+01	   4.3389443e-02	   5.3874398e-13	
   1.6000000e-01	  -5.7960575e-02	   8.5274349e+01	   4.1535271e-02	   5.3781709e-13	
   1.7000000e-01	  -7.1497339e-02	   8.2838547e+01	   3.9843241e-02	   5.3614335e-13	
   1.8000000e-01	  -7.7468054e-02	   8.3912291e+01	   3.8291501e-02	   5.3540676e-13	
   1.9000000e-01	  -8.1889666e-02	   8.5334683e+01	   3.6862520e-02	   5.3486194e-13	
   2.0000000e-01	  -9.2259248e-02	   8.4535574e+01	   3.5541803e-02	   5.3358638e-13	
   2.1000000e-01	  -1.0642066e-01	   8.1153588e+01	   3.4316980e-02	   5.3184930e-13	
   2.2000000e-01	  -1.0799381e-01	   8.4803062e+01	   3.3177218e-02	   5.3165668e-13	
   2.3000000e-01	  -1.1276439e-01	   8.5934925e+01	   3.2112867e-02	   5.3107300e-13	
   2.4000000e-01	  -1.3004680e-01	   8.2084246e+01	   3.1115282e-02	   5.2896383e-13	
   2.5000000e-01	  -1.3850663e-01	   8.1996507e+01	   3.0176779e-02	   5.2793444e-13	
   2.6000000e-01	  -1.3840415e-01	   8.5733292e+01	   2.9290702e-02	   5.2794690e-13	
   2.7000000e-01	  -1.4784610e-01	   8.5398588e+01	   2.8451525e-02	   5.2680034e-13	
   2.8000000e-01	  -1.6389120e-01	   8.1798676e+01	   2.7654938e-02	   5.2485766e-13	
   2.9000000e-01	  -1.7243817e-01	   8.1686335e+01	   2.6897832e-02	   5.2382575e-13	
   3.0000000e-01	  -1.7406836e-01	   8.5039471e+01	   2.6178155e-02	   5.2362916e-13	
   3.1000000e-01	  -1.8029890e-01	   8.5728692e+01	   2.5494619e-02	   5.2287848e-13	
   3.2000000e-01	  -1.9431261e-01	   8.3658273e+01	   2.4846325e-02	   5.2119399e-13	
   3.3000000e-01	  -2.0678528e-01	   8.1140339e+01	   2.4232390e-02	   5.1969930e-13	
   3.4000000e-01	  -2.1100456e-01	   8.3726996e+01	   2.3651673e-02	   5.1919464e-13	
   3.5000000e-01	  -2.1386025e-01	   8.5750256e+01	   2.3102644e-02	   5.1885336e-13	
   3.6000000e-01	  -2.2488917e-01	   8.4921450e+01	   2.2583397e-02	   5.1753740e-13	
   3.7000000e-01	  -2.4024530e-01	   8.1386079e+01	   2.2091751e-02	   5.1571068e-13	
   3.8000000e-01	  -2.4861236e-01	   8.1458189e+01	   2.1625394e-02	   5.1471808e-13	
   3.9000000e-01	  -2.5015583e-01	   8.4946389e+01	   2.1182011e-02	   5.1453518e-13	
   4.0000000e-01	  -2.5620823e-01	   8.5709553e+01	   2.0759384e-02	   5.1381862e-13	
   4.1000000e-01	  -2.7035433e-01	   8.3644223e+01	   2.0355455e-02	   5.1214770e-13	
   4.2000000e-01	  -2.8315807e-01	   8.0958346e+01	   1.9968359e-02	   5.1064003e-13	
   4.3000000e-01	  -2.8814539e-01	   8.3256534e+01	   1.9596434e-02	   5.1005396e-13	
   4.4000000e-01	  -2.9167629e-01	   8.5244976e+01	   1.9238223e-02	   5.0963944e-13	
   4.5000000e-01	  -3.0177720e-01	   8.4705236e+01	   1.8892461e-02	   5.0845549e-13	
   4.6000000e-01	  -3.1569774e-01	   8.2121686e+01	   1.8558068e-02	   5.0682833e-13	
   4.7000000e-01	  -3.2516877e-01	   8.1473484e+01	   1.8234139e-02	   5.0572425e-13	
   4.8000000e-01	  -3.2925410e-01	   8.3977124e+01	   1.7919935e-02	   5.0524875e-13	
   4.9000000e-01	  -3.3490973e-01	   8.5063525e+01	   1.7614873e-02	   5.0459122e-13	
   5.0000000e-01	  -3.4610890e-01	   8.4093988e+01	   1.7318515e-02	   5.0329170e-13	
   5.1000000e-01	  -3.5865277e-01	   8.2049544e+01	   1.7030555e-02	   5.0184012e-13	
   5.2000000e-01	  -3.6705948e-01	   8.2173092e+01	   1.6750791e-02	   5.0086964e-13	
   5.3000000e-01	  -3.7223070e-01	   8.3946333e+01	   1.6479107e-02	   5.0027360e-13	
   5.4000000e-01	  -3.7931870e-01	   8.4545314e+01	   1.6215440e-02	   4.9945779e-13	
   5.5000000e-01	  -3.9027154e-01	   8.3582973e+01	   1.5959747e-02	   4.9819975e-13	
   5.6000000e-01	  -4.0179940e-01	   8.1989958e+01	   1.5711982e-02	   4.9687909e-13	
   5.7000000e-01	  -4.1035078e-01	   8.2039839e+01	   1.5472069e-02	   4.9590168e-13	
   5.8000000e-01	  -4.1645156e-01	   8.3436183e+01	   1.5239884e-02	   4.9520555e-13	
   5.9000000e-01	  -4.2323228e-01	   8.4229562e+01	   1.5015254e-02	   4.9443298e-13	
   6.0000000e-01	  -4.3233125e-01	   8.4039750e+01	   1.4797950e-02	   4.9339817e-13	
   6.1000000e-01	  -4.4263371e-01	   8.3294789e+01	   1.4587695e-02	   4.9222910e-13	
   6.2000000e-01	  -4.5237675e-01	   8.2719954e+01	   1.4384177e-02	   4.9112607e-13	
   6.3000000e-01	  -4.6112443e-01	   8.2655828e+01	   1.4187057e-02	   4.9013782e-13	
   6.4000000e-01	  -4.6946541e-01	   8.2815195e+01	   1.3995981e-02	   4.8919738e-13	
   6.5000000e-01	  -4.7771171e-01	   8.3016717e+01	   1.3810596e-02	   4.8826938e-13	
   6.6000000e-01	  -4.8564427e-01	   8.3359112e+01	   1.3630551e-02	   4.8737835e-13	
   6.7000000e-01	  -4.9334413e-01	   8.3775823e+01	   1.3455511e-02	   4.8651501e-13	
   6.8000000e-01	  -5.0160274e-01	   8.3929148e+01	   1.3285157e-02	   4.8559073e-13	
   6.9000000e-01	  -5.1113390e-01	   8.3536555e+01	   1.3119192e-02	   4.8452620e-13	
   7.0000000e-01	  -5.2151395e-01	   8.2662125e+01	   1.2957339e-02	   4.8336952e-13	
   7.1000000e-01	  -5.3125581e-01	   8.1999883e+01	   1.2799345e-02	   4.8228647e-13	
   7.2000000e-01	  -5.3918008e-01	   8.2426524e+01	   1.2644979e-02	   4.8140728e-13	
   7.3000000e-01	  -5.4572222e-01	   8.3488905e+01	   1.2494032e-02	   4.8068264e-13	
   7.4000000e-01	  -5.5271263e-01	   8.4168957e+01	   1.2346317e-02	   4.7990955e-13	
   7.5000000e-01	  -5.6168500e-01	   8.4029014e+01	   1.2201666e-02	   4.7891910e-13	
   7.6000000e-01	  -5.7234641e-01	   8.3128641e+01	   1.2059931e-02	   4.7774485e-13	
   7.7000000e-01	  -5.8279068e-01	   8.2132460e+01	   1.1920983e-02	   4.7659731e-13	
   7.8000000e-01	  -5.9133217e-01	   8.2182399e+01	   1.1784711e-02	   4.7566089e-13	
   7.9000000e-01	  -5.9816018e-01	   8.3150957e+01	   1.1651020e-02	   4.7491364e-13	
   8.0000000e-01	  -6.0512718e-01	   8.3883666e+01	   1.1519829e-02	   4.7415239e-13	
   8.1000000e-01	  -6.1387609e-01	   8.3829903e+01	   1.1391073e-02	   4.7319816e-13	
   8.2000000e-01	  -6.2421457e-01	   8.3057943e+01	   1.1264699e-02	   4.7207304e-13	
   8.3000000e-01	  -6.3436578e-01	   8.2235857e+01	   1.1140662e-02	   4.7097091e-13	
   8.4000000e-01	  -6.4279805e-01	   8.2349370e+01	   1.1018928e-02	   4.7005736e-13	
   8.5000000e-01	  -6.4975192e-01	   8.3218183e+01	   1.0899468e-02	   4.6930531e-13	
   8.6000000e-01	  -6.5694462e-01	   8.3843842e+01	   1.0782258e-02	   4.6852870e-13	
   8.7000000e-01	  -6.6582587e-01	   8.3738112e+01	   1.0667275e-02	   4.6757154e-13	
   8.8000000e-01	  -6.7617567e-01	   8.2956314e+01	   1.0554498e-02	   4.6645859e-13	
   8.9000000e-01	  -6.8638158e-01	   8.2095552e+01	   1.0443906e-02	   4.6536370e-13	
   9.0000000e-01	  -6.9502234e-01	   8.2092237e+01	   1.0335475e-02	   4.6443873e-13	
   9.1000000e-01	  -7.0216996e-01	   8.2907686e+01	   1.0229178e-02	   4.6367498e-13	
   9.2000000e-01	  -7.0922002e-01	   8.3633617e+01	   1.0124987e-02	   4.6292289e-13	
   9.3000000e-01	  -7.1754736e-01	   8.3760606e+01	   1.0022869e-02	   4.6203612e-13	
   9.4000000e-01	  -7.2732504e-01	   8.3267042e+01	   9.9227900e-03	   4.6099706e-13	
   9.5000000e-01	  -7.3751991e-01	   8.2491620e+01	   9.8247122e-03	   4.5991616e-13	
   9.6000000e-01	  -7.4690042e-01	   8.2070117e+01	   9.7285962e-03	   4.5892384e-13	
   9.7000000e-01	  -7.5504843e-01	   8.2357505e+01	   9.6344014e-03	   4.5806364e-13	
   9.8000000e-01	  -7.6253900e-01	   8.2958932e+01	   9.5420860e-03	   4.5727426e-13	
   9.9000000e-01	  -7.7031010e-01	   8.3363240e+01	   9.4516080e-03	   4.5645677e-13	
   1.0000000e+00	  -7.7890497e-01	   8.3384230e+01	   9.3629255e-03	   4.5555431e-13	
