   0.0000000e+00	   0.0000000e+00	   0.0000000e+00	   1.0494312e-01	   5.4504287e-13	
   1.0000000e-02	   2.6183659e-03	   8.1944365e+01	   8.8456638e-02	   5.4537157e-13	
   2.0000000e-02	   9.4327956e-03	   8.6607564e+01	   7.7158877e-02	   5.4622798e-13	
   3.0000000e-02	   2.2508275e-02	   8.9773983e+01	   6.8859543e-02	   5.4787500e-13	
   4.0000000e-02	   3.3752884e-02	   9.1487026e+01	   6.2395277e-02	   5.4929538e-13	
   5.0000000e-02	   2.8414797e-02	   9.1575747e+01	   5.7263884e-02	   5.4862064e-13	
   6.0000000e-02	   3.6512692e-02	   9.2635533e+01	   5.3080001e-02	   5.4964455e-13	
   7.0000000e-02	   2.2627677e-02	   9.2179252e+01	   4.9544675e-02	   5.4789007e-13	
   8.0000000e-02	   1.6325862e-02	   9.2243672e+01	   4.6493515e-02	   5.4709563e-13	
   9.0000000e-02	   1.5505661e-02	   9.2674762e+01	   4.3844159e-02	   5.4699232e-13	
   1.0000000e-01	  -2.5094497e-03	   9.1969003e+01	   4.1536390e-02	   5.4472802e-13	
   1.1000000e-01	  -9.0427325e-03	   9.2052959e+01	   3.9510630e-02	   5.4390918e-13	
   1.2000000e-01	  -3.7151524e-03	   9.2903677e+01	   3.7711413e-02	   5.4457681e-13	
   1.3000000e-01	  -6.8305749e-03	   9.3174698e+01	   3.6092767e-02	   5.4418630e-13	
   1.4000000e-01	  -1.8792681e-02	   9.2946211e+01	   3.4619080e-02	   5.4268947e-13	
   1.5000000e-01	  -2.5056648e-02	   9.3045612e+01	   3.3263979e-02	   5.4190729e-13	
   1.6000000e-01	  -1.6757876e-02	   9.3886171e+01	   3.2009091e-02	   5.4294379e-13	
   1.7000000e-01	   3.0543171e-03	   9.5029122e+01	   3.0842765e-02	   5.4542632e-13	
   1.8000000e-01	   2.6867072e-02	   9.6052922e+01	   2.9758264e-02	   5.4842515e-13	
   1.9000000e-01	   5.1261998e-02	   9.6898405e+01	   2.8751426e-02	   5.5151440e-13	
   2.0000000e-01	   7.9239111e-02	   9.7681318e+01	   2.7818429e-02	   5.5507871e-13	
   2.1000000e-01	   1.1754344e-01	   9.8522839e+01	   2.6954462e-02	   5.5999610e-13	
   2.2000000e-01	   1.7328654e-01	   9.9474448e+01	   2.6153508e-02	   5.6723016e-13	
   2.3000000e-01	   2.5222391e-01	   1.0052061e+02	   2.5408888e-02	   5.7763440e-13	
   2.4000000e-01	   3.5856947e-01	   1.0161784e+02	   2.4713961e-02	   5.9195352e-13	
   2.5000000e-01	   4.9545480e-01	   1.0272617e+02	   2.4062645e-02	   6.1090846e-13	
   2.6000000e-01	   6.6546659e-01	   1.0382031e+02	   2.3449657e-02	   6.3529775e-13	
   2.7000000e-01	   8.7103633e-01	   1.0488847e+02	   2.2870540e-02	   6.6609211e-13	
   2.8000000e-01	   1.1145446e+00	   1.0592743e+02	   2.2321589e-02	   7.0450669e-13	
   2.9000000e-01	   1.3980655e+00	   1.0693779e+02	   2.1799731e-02	   7.5203354e-13	
   3.0000000e-01	   1.7228463e+00	   1.0792092e+02	   2.1302421e-02	   8.1042959e-13	
   3.1000000e-01	   2.0888007e+00	   1.0887754e+02	   2.0827541e-02	   8.8167946e-13	
   3.2000000e-01	   2.4943145e+00	   1.0980772e+02	   2.0373327e-02	   9.6797048e-13	
   3.3000000e-01	   2.9364759e+00	   1.1071151e+02	   1.9938304e-02	   1.0717124e-12	
   3.4000000e-01	   3.4115626e+00	   1.1158939e+02	   1.9521219e-02	   1.1956028e-12	
   3.5000000e-01	   3.9154606e+00	   1.1244237e+02	   1.9120992e-02	   1.3426930e-12	
   3.6000000e-01	   4.4437476e+00	   1.1327144e+02	   1.8736662e-02	   1.5163708e-12	
   3.7000000e-01	   4.9914173e+00	   1.1407685e+02	   1.8367356e-02	   1.7201740e-12	
   3.8000000e-01	   5.5524726e+00	   1.1485741e+02	   1.8012250e-02	   1.9573925e-12	
   3.9000000e-01	   6.1197129e+00	   1.1561030e+02	   1.7670562e-02	   2.2304986e-12	
   4.0000000e-01	   6.6849397e+00	   1.1633140e+02	   1.7341533e-02	   2.5405318e-12	
   4.1000000e-01	   7.2395804e+00	   1.1701597e+02	   1.7024430e-02	   2.8866139e-12	
   4.2000000e-01	   7.7755337e+00	   1.1765957e+02	   1.6718545e-02	   3.2657582e-12	
   4.3000000e-01	   8.2859748e+00	   1.1825882e+02	   1.6423195e-02	   3.6730610e-12	
   4.4000000e-01	   8.7659262e+00	   1.1881191e+02	   1.6137728e-02	   4.1022609e-12	
   4.5000000e-01	   9.2125298e+00	   1.1931880e+02	   1.5861526e-02	   4.5465674e-12	
   4.6000000e-01	   9.6250691e+00	   1.1978123e+02	   1.5594004e-02	   4.9996266e-12	
   4.7000000e-01	   1.0004862e+01	   1.2020259e+02	   1.5334620e-02	   5.4565334e-12	
   4.8000000e-01	   1.0355148e+01	   1.2058793e+02	   1.5082878e-02	   5.9148732e-12	
   4.9000000e-01	   1.0681074e+01	   1.2094390e+02	   1.4838326e-02	   6.3758502e-12	
   5.0000000e-01	   1.0989798e+01	   1.2127899e+02	   1.4600571e-02	   6.8455829e-12	
   5.1000000e-01	   1.1290634e+01	   1.2160368e+02	   1.4369271e-02	   7.3365864e-12	
   5.2000000e-01	   1.1595074e+01	   1.2193049e+02	   1.4144143e-02	   7.8693353e-12	
   5.3000000e-01	   1.1916392e+01	   1.2227356e+02	   1.3924960e-02	   8.4736371e-12	
   5.4000000e-01	   1.2268574e+01	   1.2264753e+02	   1.3711544e-02	   9.1894197e-12	
   5.5000000e-01	   1.2664481e+01	   1.2306557e+02	   1.3503763e-02	   1.0066507e-11	
   5.6000000e-01	   1.3113530e+01	   1.2353703e+02	   1.3301517e-02	   1.1163071e-11	
   5.7000000e-01	   1.3619601e+01	   1.2406536e+02	   1.3104732e-02	   1.2542692e-11	
   5.8000000e-01	   1.4180015e+01	   1.2464726e+02	   1.2913345e-02	   1.4270269e-11	
   5.9000000e-01	   1.4786051e+01	   1.2527332e+02	   1.2727299e-02	   1.6407249e-11	
   6.0000000e-01	   1.5424762e+01	   1.2593010e+02	   1.2546528e-02	   1.9006707e-11	
   6.1000000e-01	   1.6081305e+01	   1.2660246e+02	   1.2370958e-02	   2.2108598e-11	
   6.2000000e-01	   1.6740967e+01	   1.2727565e+02	   1.2200496e-02	   2.5735191e-11	
   6.3000000e-01	   1.7390427e+01	   1.2793646e+02	   1.2035037e-02	   2.9886382e-11	
   6.4000000e-01	   1.8018244e+01	   1.2857369e+02	   1.1874459e-02	   3.4534649e-11	
   6.5000000e-01	   1.8614820e+01	   1.2917798e+02	   1.1718627e-02	   3.9619832e-11	
   6.6000000e-01	   1.9172128e+01	   1.2974158e+02	   1.1567394e-02	   4.5044676e-11	
   6.7000000e-01	   1.9683440e+01	   1.3025797e+02	   1.1420607e-02	   5.0672776e-11	
   6.8000000e-01	   2.0143153e+01	   1.3072176e+02	   1.1278107e-02	   5.6330807e-11	
   6.9000000e-01	   2.0546731e+01	   1.3112858e+02	   1.1139732e-02	   6.1816405e-11	
   7.0000000e-01	   2.0890731e+01	   1.3147512e+02	   1.1005318e-02	   6.6911954e-11	
   7.1000000e-01	   2.1172862e+01	   1.3175921e+02	   1.0874700e-02	   7.1403061e-11	
   7.2000000e-01	   2.1392051e+01	   1.3197986e+02	   1.0747715e-02	   7.5099272e-11	
   7.3000000e-01	   2.1548503e+01	   1.3213735e+02	   1.0624200e-02	   7.7854003e-11	
   7.4000000e-01	   2.1643772e+01	   1.3223328e+02	   1.0503993e-02	   7.9580721e-11	
   7.5000000e-01	   2.1680851e+01	   1.3227068e+02	   1.0386933e-02	   8.0263070e-11	
   7.6000000e-01	   2.1664286e+01	   1.3225414e+02	   1.0272861e-02	   7.9957501e-11	
   7.7000000e-01	   2.1600285e+01	   1.3218991e+02	   1.0161622e-02	   7.8787842e-11	
   7.8000000e-01	   2.1496767e+01	   1.3208592e+02	   1.0053062e-02	   7.6932062e-11	
   7.9000000e-01	   2.1363223e+01	   1.3195171e+02	   9.9470305e-03	   7.4602429e-11	
   8.0000000e-01	   2.1210301e+01	   1.3179797e+02	   9.8433802e-03	   7.2021268e-11	
   8.1000000e-01	   2.1049019e+01	   1.3163577e+02	   9.7419685e-03	   6.9395705e-11	
   8.2000000e-01	   2.0889663e+01	   1.3147545e+02	   9.6426572e-03	   6.6895506e-11	
   8.3000000e-01	   2.0740582e+01	   1.3132543e+02	   9.5453128e-03	   6.4638141e-11	
   8.4000000e-01	   2.0607265e+01	   1.3119123e+02	   9.4498077e-03	   6.2684060e-11	
   8.5000000e-01	   2.0492043e+01	   1.3107522e+02	   9.3560197e-03	   6.1042876e-11	
   8.6000000e-01	   2.0394594e+01	   1.3097709e+02	   9.2638330e-03	   5.9688417e-11	
   8.7000000e-01	   2.0313049e+01	   1.3089498e+02	   9.1731387e-03	   5.8578132e-11	
   8.8000000e-01	   2.0245288e+01	   1.3082675e+02	   9.0838347e-03	   5.7671269e-11	
   8.9000000e-01	   2.0189938e+01	   1.3077105e+02	   8.9958268e-03	   5.6940914e-11	
   9.0000000e-01	   2.0146743e+01	   1.3072761e+02	   8.9090291e-03	   5.6377389e-11	
   9.1000000e-01	   2.0116307e+01	   1.3069705e+02	   8.8233643e-03	   5.5983665e-11	
   9.2000000e-01	   2.0099406e+01	   1.3068017e+02	   8.7387643e-03	   5.5766229e-11	
   9.3000000e-01	   2.0096271e+01	   1.3067718e+02	   8.6551712e-03	   5.5725990e-11	
   9.4000000e-01	   2.0106163e+01	   1.3068734e+02	   8.5725373e-03	   5.5853064e-11	
   9.5000000e-01	   2.0127403e+01	   1.3070897e+02	   8.4908256e-03	   5.6126891e-11	
   9.6000000e-01	   2.0157743e+01	   1.3073980e+02	   8.4100106e-03	   5.6520369e-11	
   9.7000000e-01	   2.0194814e+01	   1.3077743e+02	   8.3300775e-03	   5.7004884e-11	
   9.8000000e-01	   2.0236377e+01	   1.3081960e+02	   8.2510229e-03	   5.7553049e-11	
   9.9000000e-01	   2.0280272e+01	   1.3086415e+02	   8.1728540e-03	   5.8137707e-11	
   1.0000000e+00	   2.0324161e+01	   1.3090870e+02	   8.0955876e-03	   5.8728206e-11	
