   0.0000000e+00	   0.0000000e+00	   0.0000000e+00	   1.0494312e-01	   5.4504287e-13	
   1.0000000e-02	   2.6228031e-03	   8.1954091e+01	   8.8456638e-02	   5.4537213e-13	
   2.0000000e-02	   9.3984324e-03	   8.6605092e+01	   7.7158877e-02	   5.4622365e-13	
   3.0000000e-02	   2.2302056e-02	   8.9754829e+01	   6.8859543e-02	   5.4784899e-13	
   4.0000000e-02	   3.3424009e-02	   9.1465868e+01	   6.2395277e-02	   5.4925379e-13	
   5.0000000e-02	   2.7714707e-02	   9.1525020e+01	   5.7263884e-02	   5.4853220e-13	
   6.0000000e-02	   3.5499714e-02	   9.2577023e+01	   5.3080001e-02	   5.4951637e-13	
   7.0000000e-02	   2.1027319e-02	   9.2071835e+01	   4.9544675e-02	   5.4768821e-13	
   8.0000000e-02	   1.4666627e-02	   9.2134014e+01	   4.6493515e-02	   5.4688665e-13	
   9.0000000e-02	   1.3082847e-02	   9.2527177e+01	   4.3844159e-02	   5.4668725e-13	
   1.0000000e-01	  -5.4690108e-03	   9.1753581e+01	   4.1536390e-02	   5.4435693e-13	
   1.1000000e-01	  -1.2005251e-02	   9.1842091e+01	   3.9510630e-02	   5.4353828e-13	
   1.2000000e-01	  -7.2669674e-03	   9.2695705e+01	   3.7711413e-02	   5.4413162e-13	
   1.3000000e-01	  -1.1509956e-02	   9.2914424e+01	   3.6092767e-02	   5.4360027e-13	
   1.4000000e-01	  -2.4273556e-02	   9.2622036e+01	   3.4619080e-02	   5.4200501e-13	
   1.5000000e-01	  -3.0839865e-02	   9.2711260e+01	   3.3263979e-02	   5.4118615e-13	
   1.6000000e-01	  -2.3009739e-02	   9.3589695e+01	   3.2009091e-02	   5.4216276e-13	
   1.7000000e-01	  -4.4954804e-03	   9.4753693e+01	   3.0842765e-02	   5.4447897e-13	
   1.8000000e-01	   1.7108393e-02	   9.5769660e+01	   2.9758264e-02	   5.4719422e-13	
   1.9000000e-01	   3.8726133e-02	   9.6596167e+01	   2.8751426e-02	   5.4992476e-13	
   2.0000000e-01	   6.3651372e-02	   9.7364700e+01	   2.7818429e-02	   5.5308999e-13	
   2.1000000e-01	   9.8603220e-02	   9.8202955e+01	   2.6954462e-02	   5.5755919e-13	
   2.2000000e-01	   1.5039652e-01	   9.9160292e+01	   2.6153508e-02	   5.6424837e-13	
   2.3000000e-01	   2.2440664e-01	   1.0021564e+02	   2.5408888e-02	   5.7394638e-13	
   2.4000000e-01	   3.2452743e-01	   1.0132136e+02	   2.4713961e-02	   5.8733165e-13	
   2.5000000e-01	   4.5367686e-01	   1.0243577e+02	   2.4062645e-02	   6.0505986e-13	
   2.6000000e-01	   6.1431920e-01	   1.0353338e+02	   2.3449657e-02	   6.2785966e-13	
   2.7000000e-01	   8.0882865e-01	   1.0460276e+02	   2.2870540e-02	   6.5661912e-13	
   2.8000000e-01	   1.0395899e+00	   1.0564115e+02	   2.2321589e-02	   6.9245196e-13	
   2.9000000e-01	   1.3087664e+00	   1.0664965e+02	   2.1799731e-02	   7.3672821e-13	
   3.0000000e-01	   1.6178142e+00	   1.0763005e+02	   2.1302421e-02	   7.9106483e-13	
   3.1000000e-01	   1.9669881e+00	   1.0858348e+02	   2.0827541e-02	   8.5729337e-13	
   3.2000000e-01	   2.3551214e+00	   1.0951036e+02	   2.0373327e-02	   9.3743853e-13	
   3.3000000e-01	   2.7797947e+00	   1.1041097e+02	   1.9938304e-02	   1.0337372e-12	
   3.4000000e-01	   3.2377575e+00	   1.1128597e+02	   1.9521219e-02	   1.1486995e-12	
   3.5000000e-01	   3.7253043e+00	   1.1213647e+02	   1.9120992e-02	   1.2851715e-12	
   3.6000000e-01	   4.2383499e+00	   1.1296356e+02	   1.8736662e-02	   1.4463242e-12	
   3.7000000e-01	   4.7721678e+00	   1.1376755e+02	   1.8367356e-02	   1.6354883e-12	
   3.8000000e-01	   5.3209935e+00	   1.1454734e+02	   1.8012250e-02	   1.8557950e-12	
   3.9000000e-01	   5.8778068e+00	   1.1530020e+02	   1.7670562e-02	   2.1096545e-12	
   4.0000000e-01	   6.4345176e+00	   1.1602203e+02	   1.7341533e-02	   2.3981836e-12	
   4.1000000e-01	   6.9825724e+00	   1.1670813e+02	   1.7024430e-02	   2.7207454e-12	
   4.2000000e-01	   7.5137979e+00	   1.1735402e+02	   1.6718545e-02	   3.0747545e-12	
   4.3000000e-01	   8.0212272e+00	   1.1795627e+02	   1.6423195e-02	   3.4558380e-12	
   4.4000000e-01	   8.4997092e+00	   1.1851299e+02	   1.6137728e-02	   3.8583496e-12	
   4.5000000e-01	   8.9462233e+00	   1.1902412e+02	   1.5861526e-02	   4.2761506e-12	
   4.6000000e-01	   9.3599426e+00	   1.1949140e+02	   1.5594004e-02	   4.7035408e-12	
   4.7000000e-01	   9.7421521e+00	   1.1991835e+02	   1.5334620e-02	   5.1362466e-12	
   4.8000000e-01	   1.0096149e+01	   1.2031015e+02	   1.5082878e-02	   5.5724423e-12	
   4.9000000e-01	   1.0427218e+01	   1.2067373e+02	   1.4838326e-02	   6.0138481e-12	
   5.0000000e-01	   1.0742703e+01	   1.2101784e+02	   1.4600571e-02	   6.4669717e-12	
   5.1000000e-01	   1.1052110e+01	   1.2135324e+02	   1.4369271e-02	   6.9445107e-12	
   5.2000000e-01	   1.1367049e+01	   1.2169262e+02	   1.4144143e-02	   7.4668183e-12	
   5.3000000e-01	   1.1700756e+01	   1.2205012e+02	   1.3924960e-02	   8.0631791e-12	
   5.4000000e-01	   1.2066938e+01	   1.2244006e+02	   1.3711544e-02	   8.7725223e-12	
   5.5000000e-01	   1.2477890e+01	   1.2287504e+02	   1.3503763e-02	   9.6431670e-12	
   5.6000000e-01	   1.2942220e+01	   1.2336351e+02	   1.3301517e-02	   1.0731308e-11	
   5.7000000e-01	   1.3462899e+01	   1.2390799e+02	   1.3104732e-02	   1.2098194e-11	
   5.8000000e-01	   1.4036451e+01	   1.2450431e+02	   1.2913345e-02	   1.3806250e-11	
   5.9000000e-01	   1.4653661e+01	   1.2514259e+02	   1.2727299e-02	   1.5914640e-11	
   6.0000000e-01	   1.5301483e+01	   1.2580929e+02	   1.2546528e-02	   1.8474768e-11	
   6.1000000e-01	   1.5965333e+01	   1.2648959e+02	   1.2370958e-02	   2.1526029e-11	
   6.2000000e-01	   1.6630994e+01	   1.2716927e+02	   1.2200496e-02	   2.5091697e-11	
   6.3000000e-01	   1.7285736e+01	   1.2783576e+02	   1.2035037e-02	   2.9174559e-11	
   6.4000000e-01	   1.7918676e+01	   1.2847842e+02	   1.1874459e-02	   3.3751905e-11	
   6.5000000e-01	   1.8520651e+01	   1.2908836e+02	   1.1718627e-02	   3.8769994e-11	
   6.6000000e-01	   1.9083913e+01	   1.2965811e+02	   1.1567394e-02	   4.4138947e-11	
   6.7000000e-01	   1.9601862e+01	   1.3018131e+02	   1.1420607e-02	   4.9729822e-11	
   6.8000000e-01	   2.0068903e+01	   1.3065257e+02	   1.1278107e-02	   5.5375921e-11	
   6.9000000e-01	   2.0480433e+01	   1.3106746e+02	   1.1139732e-02	   6.0879909e-11	
   7.0000000e-01	   2.0832915e+01	   1.3142258e+02	   1.1005318e-02	   6.6027097e-11	
   7.1000000e-01	   2.1123968e+01	   1.3171567e+02	   1.0874700e-02	   7.0603700e-11	
   7.2000000e-01	   2.1352447e+01	   1.3194568e+02	   1.0747715e-02	   7.4417554e-11	
   7.3000000e-01	   2.1518508e+01	   1.3211283e+02	   1.0624200e-02	   7.7318155e-11	
   7.4000000e-01	   2.1623658e+01	   1.3221869e+02	   1.0503993e-02	   7.9213004e-11	
   7.5000000e-01	   2.1670824e+01	   1.3226623e+02	   1.0386933e-02	   8.0077969e-11	
   7.6000000e-01	   2.1664439e+01	   1.3225992e+02	   1.0272861e-02	   7.9960320e-11	
   7.7000000e-01	   2.1610532e+01	   1.3220583e+02	   1.0161622e-02	   7.8973959e-11	
   7.8000000e-01	   2.1516765e+01	   1.3211163e+02	   1.0053062e-02	   7.7287128e-11	
   7.9000000e-01	   2.1392304e+01	   1.3198655e+02	   9.9470305e-03	   7.5103656e-11	
   8.0000000e-01	   2.1247436e+01	   1.3184090e+02	   9.8433802e-03	   7.2639744e-11	
   8.1000000e-01	   2.1092832e+01	   1.3168542e+02	   9.7419685e-03	   7.0099332e-11	
   8.2000000e-01	   2.0938498e+01	   1.3153016e+02	   9.6426571e-03	   6.7651971e-11	
   8.3000000e-01	   2.0792617e+01	   1.3138335e+02	   9.5453128e-03	   6.5417256e-11	
   8.4000000e-01	   2.0660624e+01	   1.3125049e+02	   9.4498077e-03	   6.3458973e-11	
   8.5000000e-01	   2.0544877e+01	   1.3113395e+02	   9.3560197e-03	   6.1790018e-11	
   8.6000000e-01	   2.0445088e+01	   1.3103347e+02	   9.2638330e-03	   6.0386441e-11	
   8.7000000e-01	   2.0359384e+01	   1.3094717e+02	   9.1731386e-03	   5.9206455e-11	
   8.8000000e-01	   2.0285588e+01	   1.3087287e+02	   9.0838347e-03	   5.8208911e-11	
   8.9000000e-01	   2.0222256e+01	   1.3080912e+02	   8.9958268e-03	   5.7366224e-11	
   9.0000000e-01	   2.0169140e+01	   1.3075570e+02	   8.9090291e-03	   5.6668879e-11	
   9.1000000e-01	   2.0127011e+01	   1.3071337e+02	   8.8233643e-03	   5.6121824e-11	
   9.2000000e-01	   2.0097037e+01	   1.3068331e+02	   8.7387643e-03	   5.5735821e-11	
   9.3000000e-01	   2.0080053e+01	   1.3066638e+02	   8.6551712e-03	   5.5518271e-11	
   9.4000000e-01	   2.0076073e+01	   1.3066258e+02	   8.5725373e-03	   5.5467417e-11	
   9.5000000e-01	   2.0084222e+01	   1.3067104e+02	   8.4908256e-03	   5.5571589e-11	
   9.6000000e-01	   2.0103004e+01	   1.3069023e+02	   8.4100106e-03	   5.5812446e-11	
   9.7000000e-01	   2.0130678e+01	   1.3071841e+02	   8.3300775e-03	   5.6169226e-11	
   9.8000000e-01	   2.0165457e+01	   1.3075377e+02	   8.2510229e-03	   5.6620851e-11	
   9.9000000e-01	   2.0205430e+01	   1.3079438e+02	   8.1728540e-03	   5.7144393e-11	
   1.0000000e+00	   2.0248271e+01	   1.3083789e+02	   8.0955876e-03	   5.7710895e-11	
