   0.0000000e+00	   0.0000000e+00	   0.0000000e+00	   1.0494312e-01	   5.4504287e-13	
   1.0000000e-02	   2.6272856e-03	   8.1963845e+01	   8.8456638e-02	   5.4537269e-13	
   2.0000000e-02	   9.3639558e-03	   8.6602571e+01	   7.7158877e-02	   5.4621932e-13	
   3.0000000e-02	   2.2094428e-02	   8.9735354e+01	   6.8859543e-02	   5.4782280e-13	
   4.0000000e-02	   3.3092165e-02	   9.1444291e+01	   6.2395277e-02	   5.4921182e-13	
   5.0000000e-02	   2.7014857e-02	   9.1473571e+01	   5.7263884e-02	   5.4844382e-13	
   6.0000000e-02	   3.4485497e-02	   9.2517477e+01	   5.3080001e-02	   5.4938805e-13	
   7.0000000e-02	   1.9439291e-02	   9.1962339e+01	   4.9544675e-02	   5.4748798e-13	
   8.0000000e-02	   1.3030739e-02	   9.2022942e+01	   4.6493515e-02	   5.4668069e-13	
   9.0000000e-02	   1.0693480e-02	   9.2376305e+01	   4.3844159e-02	   5.4638656e-13	
   1.0000000e-01	  -8.3502837e-03	   9.1532789e+01	   4.1536390e-02	   5.4399591e-13	
   1.1000000e-01	  -1.4855264e-02	   9.1628909e+01	   3.9510630e-02	   5.4318170e-13	
   1.2000000e-01	  -1.0686268e-02	   9.2485470e+01	   3.7711413e-02	   5.4370338e-13	
   1.3000000e-01	  -1.5997788e-02	   9.2649084e+01	   3.6092767e-02	   5.4303882e-13	
   1.4000000e-01	  -2.9457574e-02	   9.2291313e+01	   3.4619080e-02	   5.4135843e-13	
   1.5000000e-01	  -3.6219005e-02	   9.2375351e+01	   3.3263979e-02	   5.4051625e-13	
   1.6000000e-01	  -2.8773686e-02	   9.3297346e+01	   3.2009091e-02	   5.4144368e-13	
   1.7000000e-01	  -1.1465813e-02	   9.4483152e+01	   3.0842765e-02	   5.4360580e-13	
   1.8000000e-01	   8.0839729e-03	   9.5490548e+01	   2.9758264e-02	   5.4605836e-13	
   1.9000000e-01	   2.7174024e-02	   9.6298271e+01	   2.8751426e-02	   5.4846392e-13	
   2.0000000e-01	   4.9385353e-02	   9.7054022e+01	   2.7818429e-02	   5.5127614e-13	
   2.1000000e-01	   8.1387753e-02	   9.7891330e+01	   2.6954462e-02	   5.5535340e-13	
   2.2000000e-01	   1.2968427e-01	   9.8856387e+01	   2.6153508e-02	   5.6156378e-13	
   2.3000000e-01	   1.9927280e-01	   9.9922065e+01	   2.5408888e-02	   5.7063439e-13	
   2.4000000e-01	   2.9374133e-01	   1.0103667e+02	   2.4713961e-02	   5.8318291e-13	
   2.5000000e-01	   4.1580868e-01	   1.0215715e+02	   2.4062645e-02	   5.9980700e-13	
   2.6000000e-01	   5.6782288e-01	   1.0325807e+02	   2.3449657e-02	   6.2117354e-13	
   2.7000000e-01	   7.5209479e-01	   1.0432846e+02	   2.2870540e-02	   6.4809719e-13	
   2.8000000e-01	   9.7099359e-01	   1.0536610e+02	   2.2321589e-02	   6.8160068e-13	
   2.9000000e-01	   1.2267396e+00	   1.0637253e+02	   2.1799731e-02	   7.2294394e-13	
   3.0000000e-01	   1.5209544e+00	   1.0735000e+02	   2.1302421e-02	   7.7361718e-13	
   3.1000000e-01	   1.8541870e+00	   1.0830003e+02	   2.0827541e-02	   8.3531323e-13	
   3.2000000e-01	   2.2256748e+00	   1.0922339e+02	   2.0373327e-02	   9.0990937e-13	
   3.3000000e-01	   2.6334595e+00	   1.1012060e+02	   1.9938304e-02	   9.9948576e-13	
   3.4000000e-01	   3.0747466e+00	   1.1099253e+02	   1.9521219e-02	   1.1063826e-12	
   3.5000000e-01	   3.5462376e+00	   1.1184037e+02	   1.9120992e-02	   1.2332594e-12	
   3.6000000e-01	   4.0441943e+00	   1.1266530e+02	   1.8736662e-02	   1.3830889e-12	
   3.7000000e-01	   4.5641866e+00	   1.1346771e+02	   1.8367356e-02	   1.5590115e-12	
   3.8000000e-01	   5.1007044e+00	   1.1424657e+02	   1.8012250e-02	   1.7640102e-12	
   3.9000000e-01	   5.6469330e+00	   1.1499924e+02	   1.7670562e-02	   2.0004328e-12	
   4.0000000e-01	   6.1949183e+00	   1.1572168e+02	   1.7341533e-02	   2.2694598e-12	
   4.1000000e-01	   6.7361531e+00	   1.1640919e+02	   1.7024430e-02	   2.5706679e-12	
   4.2000000e-01	   7.2624193e+00	   1.1705729e+02	   1.6718545e-02	   2.9018342e-12	
   4.3000000e-01	   7.7666339e+00	   1.1766249e+02	   1.6423195e-02	   3.2590727e-12	
   4.4000000e-01	   8.2434965e+00	   1.1822286e+02	   1.6137728e-02	   3.6373100e-12	
   4.5000000e-01	   8.6898510e+00	   1.1873831e+02	   1.5861526e-02	   4.0310275e-12	
   4.6000000e-01	   9.1047892e+00	   1.1921065e+02	   1.5594004e-02	   4.4351629e-12	
   4.7000000e-01	   9.4895991e+00	   1.1964351e+02	   1.5334620e-02	   4.8460799e-12	
   4.8000000e-01	   9.8476759e+00	   1.2004231e+02	   1.5082878e-02	   5.2625745e-12	
   4.9000000e-01	   1.0184486e+01	   1.2041426e+02	   1.4838326e-02	   5.6869487e-12	
   5.0000000e-01	   1.0507610e+01	   1.2076846e+02	   1.4600571e-02	   6.1262071e-12	
   5.1000000e-01	   1.0826782e+01	   1.2111595e+02	   1.4369271e-02	   6.5933914e-12	
   5.2000000e-01	   1.1153754e+01	   1.2146964e+02	   1.4144143e-02	   7.1089602e-12	
   5.3000000e-01	   1.1501717e+01	   1.2184361e+02	   1.3924960e-02	   7.7019788e-12	
   5.4000000e-01	   1.1884047e+01	   1.2225186e+02	   1.3711544e-02	   8.4107628e-12	
   5.5000000e-01	   1.2312386e+01	   1.2270625e+02	   1.3503763e-02	   9.2825915e-12	
   5.6000000e-01	   1.2794408e+01	   1.2321426e+02	   1.3301517e-02	   1.0372214e-11	
   5.7000000e-01	   1.3332047e+01	   1.2377727e+02	   1.3104732e-02	   1.1739116e-11	
   5.8000000e-01	   1.3920922e+01	   1.2439020e+02	   1.2913345e-02	   1.3443825e-11	
   5.9000000e-01	   1.4551251e+01	   1.2504260e+02	   1.2727299e-02	   1.5543749e-11	
   6.0000000e-01	   1.5209854e+01	   1.2572084e+02	   1.2546528e-02	   1.8089062e-11	
   6.1000000e-01	   1.5882405e+01	   1.2641041e+02	   1.2370958e-02	   2.1118896e-11	
   6.2000000e-01	   1.6555211e+01	   1.2709766e+02	   1.2200496e-02	   2.4657653e-11	
   6.3000000e-01	   1.7216166e+01	   1.2777068e+02	   1.2035037e-02	   2.8710927e-11	
   6.4000000e-01	   1.7854982e+01	   1.2841946e+02	   1.1874459e-02	   3.3260505e-11	
   6.5000000e-01	   1.8462974e+01	   1.2903562e+02	   1.1718627e-02	   3.8258514e-11	
   6.6000000e-01	   1.9032714e+01	   1.2961201e+02	   1.1567394e-02	   4.3621642e-11	
   6.7000000e-01	   1.9557756e+01	   1.3014243e+02	   1.1420607e-02	   4.9227329e-11	
   6.8000000e-01	   2.0032536e+01	   1.3062153e+02	   1.1278107e-02	   5.4914155e-11	
   6.9000000e-01	   2.0452401e+01	   1.3104485e+02	   1.1139732e-02	   6.0488213e-11	
   7.0000000e-01	   2.0813723e+01	   1.3140889e+02	   1.1005318e-02	   6.5735959e-11	
   7.1000000e-01	   2.1114033e+01	   1.3171130e+02	   1.0874700e-02	   7.0442368e-11	
   7.2000000e-01	   2.1352113e+01	   1.3195097e+02	   1.0747715e-02	   7.4411827e-11	
   7.3000000e-01	   2.1528065e+01	   1.3212806e+02	   1.0624200e-02	   7.7488484e-11	
   7.4000000e-01	   2.1643348e+01	   1.3224411e+02	   1.0503993e-02	   7.9572950e-11	
   7.5000000e-01	   2.1700824e+01	   1.3230201e+02	   1.0386933e-02	   8.0633050e-11	
   7.6000000e-01	   2.1704822e+01	   1.3230613e+02	   1.0272861e-02	   8.0707312e-11	
   7.7000000e-01	   2.1661205e+01	   1.3226237e+02	   1.0161622e-02	   7.9900807e-11	
   7.8000000e-01	   2.1577394e+01	   1.3217818e+02	   1.0053062e-02	   7.8373648e-11	
   7.9000000e-01	   2.1462255e+01	   1.3206247e+02	   9.9470305e-03	   7.6323120e-11	
   8.0000000e-01	   2.1325735e+01	   1.3192522e+02	   9.8433802e-03	   7.3961228e-11	
   8.1000000e-01	   2.1178177e+01	   1.3177683e+02	   9.7419685e-03	   7.1490497e-11	
   8.2000000e-01	   2.1029324e+01	   1.3162709e+02	   9.6426571e-03	   6.9081711e-11	
   8.3000000e-01	   2.0887204e+01	   1.3148408e+02	   9.5453128e-03	   6.6857637e-11	
   8.4000000e-01	   2.0757205e+01	   1.3135323e+02	   9.4498077e-03	   6.4886029e-11	
   8.5000000e-01	   2.0641718e+01	   1.3123696e+02	   9.3560197e-03	   6.3183321e-11	
   8.6000000e-01	   2.0540496e+01	   1.3113504e+02	   9.2638330e-03	   6.1727719e-11	
   8.7000000e-01	   2.0451658e+01	   1.3104559e+02	   9.1731386e-03	   6.0477860e-11	
   8.8000000e-01	   2.0372946e+01	   1.3096635e+02	   9.0838347e-03	   5.9391636e-11	
   8.9000000e-01	   2.0302797e+01	   1.3089575e+02	   8.9958268e-03	   5.8440025e-11	
   9.0000000e-01	   2.0240881e+01	   1.3083346e+02	   8.9090291e-03	   5.7612769e-11	
   9.1000000e-01	   2.0188020e+01	   1.3078033e+02	   8.8233643e-03	   5.6915771e-11	
   9.2000000e-01	   2.0145637e+01	   1.3073778e+02	   8.7387643e-03	   5.6363028e-11	
   9.3000000e-01	   2.0115051e+01	   1.3070715e+02	   8.6551712e-03	   5.5967480e-11	
   9.4000000e-01	   2.0096953e+01	   1.3068914e+02	   8.5725373e-03	   5.5734732e-11	
   9.5000000e-01	   2.0091248e+01	   1.3068365e+02	   8.4908256e-03	   5.5661574e-11	
   9.6000000e-01	   2.0097240e+01	   1.3068997e+02	   8.4100106e-03	   5.5738416e-11	
   9.7000000e-01	   2.0113912e+01	   1.3070708e+02	   8.3300775e-03	   5.5952798e-11	
   9.8000000e-01	   2.0140070e+01	   1.3073377e+02	   8.2510230e-03	   5.6290833e-11	
   9.9000000e-01	   2.0174205e+01	   1.3076851e+02	   8.1728540e-03	   5.6735015e-11	
   1.0000000e+00	   2.0214161e+01	   1.3080912e+02	   8.0955876e-03	   5.7259396e-11	
