   0.0000000e+00	   0.0000000e+00	   0.0000000e+00	   2.0988624e-01	   5.4504287e-13	
   1.0000000e-02	   1.2980698e-02	   8.2988399e+01	   1.5225138e-01	   5.4667439e-13	
   2.0000000e-02	   1.4951450e-02	   8.2415630e+01	   1.2388884e-01	   5.4692252e-13	
   3.0000000e-02	   1.5583645e-02	   8.2796957e+01	   1.0582039e-01	   5.4700214e-13	
   4.0000000e-02	   1.3503135e-02	   8.2746680e+01	   9.3045931e-02	   5.4674016e-13	
   5.0000000e-02	   1.4448454e-02	   8.4838785e+01	   8.3368793e-02	   5.4685918e-13	
   6.0000000e-02	   4.5156122e-04	   7.7072017e+01	   7.5802509e-02	   5.4509954e-13	
   7.0000000e-02	   3.2292107e-03	   8.4286426e+01	   6.9689174e-02	   5.4544828e-13	
   8.0000000e-02	   2.6350515e-03	   8.6142179e+01	   6.4582315e-02	   5.4537367e-13	
   9.0000000e-02	  -1.2283776e-02	   8.2641487e+01	   6.0211041e-02	   5.4350342e-13	
   1.0000000e-01	  -1.3526649e-02	   8.5191594e+01	   5.6425491e-02	   5.4334790e-13	
   1.1000000e-01	  -2.1057363e-02	   8.5024353e+01	   5.3131858e-02	   5.4240655e-13	
   1.2000000e-01	  -3.4575458e-02	   8.1866595e+01	   5.0249644e-02	   5.4072085e-13	
   1.3000000e-01	  -3.0461447e-02	   8.6651694e+01	   4.7704363e-02	   5.4123331e-13	
   1.4000000e-01	  -4.9018206e-02	   8.2430864e+01	   4.5433671e-02	   5.3892563e-13	
   1.5000000e-01	  -5.4718003e-02	   8.3640273e+01	   4.3389443e-02	   5.3821879e-13	
   1.6000000e-01	  -5.6467807e-02	   8.5954173e+01	   4.1535271e-02	   5.3800199e-13	
   1.7000000e-01	  -7.0480464e-02	   8.3720046e+01	   3.9843241e-02	   5.3626890e-13	
   1.8000000e-01	  -8.0266593e-02	   8.2795352e+01	   3.8291501e-02	   5.3506187e-13	
   1.9000000e-01	  -8.3165121e-02	   8.5147781e+01	   3.6862520e-02	   5.3470488e-13	
   2.0000000e-01	  -8.9857755e-02	   8.5629630e+01	   3.5541803e-02	   5.3388151e-13	
   2.1000000e-01	  -1.0652137e-01	   8.1603548e+01	   3.4316980e-02	   5.3183697e-13	
   2.2000000e-01	  -1.1277094e-01	   8.2939211e+01	   3.3177218e-02	   5.3107220e-13	
   2.3000000e-01	  -1.1245697e-01	   8.6234799e+01	   3.2112867e-02	   5.3111059e-13	
   2.4000000e-01	  -1.2581531e-01	   8.4602101e+01	   3.1115282e-02	   5.2947947e-13	
   2.5000000e-01	  -1.4101828e-01	   8.0428288e+01	   3.0176779e-02	   5.2762921e-13	
   2.6000000e-01	  -1.4356316e-01	   8.4155083e+01	   2.9290702e-02	   5.2732012e-13	
   2.7000000e-01	  -1.4602891e-01	   8.6152280e+01	   2.8451525e-02	   5.2702082e-13	
   2.8000000e-01	  -1.5922927e-01	   8.4585128e+01	   2.7654938e-02	   5.2542137e-13	
   2.9000000e-01	  -1.7370146e-01	   8.1163614e+01	   2.6897832e-02	   5.2367340e-13	
   3.0000000e-01	  -1.7980466e-01	   8.2773245e+01	   2.6178155e-02	   5.2293799e-13	
   3.1000000e-01	  -1.8231350e-01	   8.5315522e+01	   2.5494619e-02	   5.2263599e-13	
   3.2000000e-01	  -1.9007317e-01	   8.5516551e+01	   2.4846325e-02	   5.2170301e-13	
   3.3000000e-01	  -2.0361187e-01	   8.3521098e+01	   2.4232390e-02	   5.2007918e-13	
   3.4000000e-01	  -2.1530177e-01	   8.1510911e+01	   2.3651673e-02	   5.1868117e-13	
   3.5000000e-01	  -2.1975085e-01	   8.3849250e+01	   2.3102644e-02	   5.1815009e-13	
   3.6000000e-01	  -2.2277630e-01	   8.5794390e+01	   2.2583397e-02	   5.1778925e-13	
   3.7000000e-01	  -2.3339467e-01	   8.5108979e+01	   2.2091751e-02	   5.1652482e-13	
   3.8000000e-01	  -2.4863093e-01	   8.1840668e+01	   2.1625394e-02	   5.1471588e-13	
   3.9000000e-01	  -2.5772140e-01	   8.1372116e+01	   2.1182011e-02	   5.1363962e-13	
   4.0000000e-01	  -2.6001725e-01	   8.4664894e+01	   2.0759384e-02	   5.1336817e-13	
   4.1000000e-01	  -2.6574943e-01	   8.5585420e+01	   2.0355455e-02	   5.1269103e-13	
   4.2000000e-01	  -2.7898572e-01	   8.3853968e+01	   1.9968359e-02	   5.1113084e-13	
   4.3000000e-01	  -2.9184052e-01	   8.1281907e+01	   1.9596434e-02	   5.0962017e-13	
   4.4000000e-01	  -2.9779136e-01	   8.2982317e+01	   1.9238223e-02	   5.0892235e-13	
   4.5000000e-01	  -3.0135388e-01	   8.5087829e+01	   1.8892461e-02	   5.0850505e-13	
   4.6000000e-01	  -3.1011246e-01	   8.5014194e+01	   1.8558068e-02	   5.0748056e-13	
   4.7000000e-01	  -3.2345407e-01	   8.2975691e+01	   1.8234139e-02	   5.0592397e-13	
   4.8000000e-01	  -3.3453598e-01	   8.1344936e+01	   1.7919935e-02	   5.0463464e-13	
   4.9000000e-01	  -3.4052244e-01	   8.3021157e+01	   1.7614873e-02	   5.0393952e-13	
   5.0000000e-01	  -3.4572671e-01	   8.4533171e+01	   1.7318515e-02	   5.0333599e-13	
   5.1000000e-01	  -3.5471933e-01	   8.4379237e+01	   1.7030555e-02	   5.0229485e-13	
   5.2000000e-01	  -3.6636532e-01	   8.2994072e+01	   1.6750791e-02	   5.0094971e-13	
   5.3000000e-01	  -3.7628635e-01	   8.2230884e+01	   1.6479107e-02	   4.9980664e-13	
   5.4000000e-01	  -3.8297670e-01	   8.3309869e+01	   1.6215440e-02	   4.9903728e-13	
   5.5000000e-01	  -3.8922241e-01	   8.4348909e+01	   1.5959747e-02	   4.9832012e-13	
   5.6000000e-01	  -3.9802976e-01	   8.4273558e+01	   1.5711982e-02	   4.9731056e-13	
   5.7000000e-01	  -4.0906946e-01	   8.3193223e+01	   1.5472069e-02	   4.9604801e-13	
   5.8000000e-01	  -4.1961737e-01	   8.2092616e+01	   1.5239884e-02	   4.9484470e-13	
   5.9000000e-01	  -4.2791209e-01	   8.2303311e+01	   1.5015254e-02	   4.9390048e-13	
   6.0000000e-01	  -4.3473002e-01	   8.3297071e+01	   1.4797950e-02	   4.9312572e-13	
   6.1000000e-01	  -4.4198272e-01	   8.3921405e+01	   1.4587695e-02	   4.9230289e-13	
   6.2000000e-01	  -4.5057829e-01	   8.3930914e+01	   1.4384177e-02	   4.9132949e-13	
   6.3000000e-01	  -4.5991480e-01	   8.3615916e+01	   1.4187057e-02	   4.9027436e-13	
   6.4000000e-01	  -4.6904989e-01	   8.3374646e+01	   1.3995981e-02	   4.8924418e-13	
   6.5000000e-01	  -4.7784664e-01	   8.3287758e+01	   1.3810596e-02	   4.8825421e-13	
   6.6000000e-01	  -4.8681495e-01	   8.3112810e+01	   1.3630551e-02	   4.8724699e-13	
   6.7000000e-01	  -4.9608401e-01	   8.2769244e+01	   1.3455511e-02	   4.8620818e-13	
   6.8000000e-01	  -5.0494628e-01	   8.2632704e+01	   1.3285157e-02	   4.8521703e-13	
   6.9000000e-01	  -5.1265762e-01	   8.3113723e+01	   1.3119192e-02	   4.8435624e-13	
   7.0000000e-01	  -5.1958036e-01	   8.3889759e+01	   1.2957339e-02	   4.8358478e-13	
   7.1000000e-01	  -5.2718819e-01	   8.4291076e+01	   1.2799345e-02	   4.8273839e-13	
   7.2000000e-01	  -5.3666873e-01	   8.3944341e+01	   1.2644979e-02	   4.8168574e-13	
   7.3000000e-01	  -5.4753664e-01	   8.2895552e+01	   1.2494032e-02	   4.8048186e-13	
   7.4000000e-01	  -5.5785392e-01	   8.1896631e+01	   1.2346317e-02	   4.7934176e-13	
   7.5000000e-01	  -5.6602708e-01	   8.2179958e+01	   1.2201666e-02	   4.7844052e-13	
   7.6000000e-01	  -5.7241480e-01	   8.3372660e+01	   1.2059931e-02	   4.7773733e-13	
   7.7000000e-01	  -5.7905764e-01	   8.4207532e+01	   1.1920983e-02	   4.7700716e-13	
   7.8000000e-01	  -5.8774587e-01	   8.4177718e+01	   1.1784711e-02	   4.7605384e-13	
   7.9000000e-01	  -5.9833951e-01	   8.3335360e+01	   1.1651020e-02	   4.7489403e-13	
   8.0000000e-01	  -6.0896773e-01	   8.2274622e+01	   1.1519829e-02	   4.7373327e-13	
   8.1000000e-01	  -6.1784873e-01	   8.2117713e+01	   1.1391073e-02	   4.7276551e-13	
   8.2000000e-01	  -6.2492302e-01	   8.2981992e+01	   1.1264699e-02	   4.7199604e-13	
   8.3000000e-01	  -6.3177399e-01	   8.3795232e+01	   1.1140662e-02	   4.7125206e-13	
   8.4000000e-01	  -6.4004670e-01	   8.3938272e+01	   1.1018928e-02	   4.7035524e-13	
   8.5000000e-01	  -6.4995967e-01	   8.3383251e+01	   1.0899468e-02	   4.6928286e-13	
   8.6000000e-01	  -6.6024811e-01	   8.2547215e+01	   1.0782258e-02	   4.6817244e-13	
   8.7000000e-01	  -6.6943414e-01	   8.2228623e+01	   1.0667275e-02	   4.6718323e-13	
   8.8000000e-01	  -6.7714908e-01	   8.2742803e+01	   1.0554498e-02	   4.6635405e-13	
   8.9000000e-01	  -6.8433848e-01	   8.3443936e+01	   1.0443906e-02	   4.6558268e-13	
   9.0000000e-01	  -6.9230828e-01	   8.3730674e+01	   1.0335475e-02	   4.6472906e-13	
   9.1000000e-01	  -7.0158007e-01	   8.3454598e+01	   1.0229178e-02	   4.6373797e-13	
   9.2000000e-01	  -7.1154565e-01	   8.2818509e+01	   1.0124987e-02	   4.6267507e-13	
   9.3000000e-01	  -7.2109679e-01	   8.2322684e+01	   1.0022869e-02	   4.6165865e-13	
   9.4000000e-01	  -7.2957870e-01	   8.2413680e+01	   9.9227900e-03	   4.6075790e-13	
   9.5000000e-01	  -7.3724950e-01	   8.2927869e+01	   9.8247122e-03	   4.5994480e-13	
   9.6000000e-01	  -7.4495262e-01	   8.3371880e+01	   9.7285962e-03	   4.5912971e-13	
   9.7000000e-01	  -7.5338670e-01	   8.3463715e+01	   9.6344014e-03	   4.5823894e-13	
   9.8000000e-01	  -7.6261045e-01	   8.3200487e+01	   9.5420860e-03	   4.5726674e-13	
   9.9000000e-01	  -7.7212003e-01	   8.2777774e+01	   9.4516080e-03	   4.5626658e-13	
   1.0000000e+00	  -7.8132595e-01	   8.2481327e+01	   9.3629255e-03	   4.5530043e-13	
