   0.0000000e+00	   0.0000000e+00	   0.0000000e+00	   2.0988624e-01	   5.4504287e-13	
   1.0000000e-02	   1.2987633e-02	   8.2997155e+01	   1.5225138e-01	   5.4667526e-13	
   2.0000000e-02	   1.4983889e-02	   8.2441771e+01	   1.2388884e-01	   5.4692660e-13	
   3.0000000e-02	   1.5586446e-02	   8.2804034e+01	   1.0582039e-01	   5.4700249e-13	
   4.0000000e-02	   1.3383196e-02	   8.2678704e+01	   9.3045931e-02	   5.4672506e-13	
   5.0000000e-02	   1.4377738e-02	   8.4819382e+01	   8.3368793e-02	   5.4685027e-13	
   6.0000000e-02	   4.1162303e-04	   7.7007522e+01	   7.5802509e-02	   5.4509453e-13	
   7.0000000e-02	   3.3283904e-03	   8.4340839e+01	   6.9689174e-02	   5.4546074e-13	
   8.0000000e-02	   2.7420821e-03	   8.6183334e+01	   6.4582315e-02	   5.4538711e-13	
   9.0000000e-02	  -1.2586101e-02	   8.2468675e+01	   6.0211041e-02	   5.4346559e-13	
   1.0000000e-01	  -1.3321358e-02	   8.5278994e+01	   5.6425491e-02	   5.4337359e-13	
   1.1000000e-01	  -2.1147450e-02	   8.5010416e+01	   5.3131858e-02	   5.4239530e-13	
   1.2000000e-01	  -3.4649449e-02	   8.1847970e+01	   5.0249644e-02	   5.4071163e-13	
   1.3000000e-01	  -3.0610871e-02	   8.6631662e+01	   4.7704363e-02	   5.4121469e-13	
   1.4000000e-01	  -4.8680506e-02	   8.2684007e+01	   4.5433671e-02	   5.3896754e-13	
   1.5000000e-01	  -5.5185318e-02	   8.3436304e+01	   4.3389443e-02	   5.3816088e-13	
   1.6000000e-01	  -5.6428716e-02	   8.5987710e+01	   4.1535271e-02	   5.3800683e-13	
   1.7000000e-01	  -7.0243220e-02	   8.3867130e+01	   3.9843241e-02	   5.3629820e-13	
   1.8000000e-01	  -8.0531257e-02	   8.2677359e+01	   3.8291501e-02	   5.3502926e-13	
   1.9000000e-01	  -8.3443740e-02	   8.5077443e+01	   3.6862520e-02	   5.3467058e-13	
   2.0000000e-01	  -8.9594634e-02	   8.5735478e+01	   3.5541803e-02	   5.3391386e-13	
   2.1000000e-01	  -1.0634000e-01	   8.1796603e+01	   3.4316980e-02	   5.3185918e-13	
   2.2000000e-01	  -1.1331825e-01	   8.2657507e+01	   3.3177218e-02	   5.3100527e-13	
   2.3000000e-01	  -1.1266630e-01	   8.6200947e+01	   3.2112867e-02	   5.3108499e-13	
   2.4000000e-01	  -1.2527450e-01	   8.4837336e+01	   3.1115282e-02	   5.2954541e-13	
   2.5000000e-01	  -1.4101433e-01	   8.0500449e+01	   3.0176779e-02	   5.2762969e-13	
   2.6000000e-01	  -1.4423943e-01	   8.3886943e+01	   2.9290702e-02	   5.2723802e-13	
   2.7000000e-01	  -1.4614247e-01	   8.6143254e+01	   2.8451525e-02	   5.2700703e-13	
   2.8000000e-01	  -1.5864980e-01	   8.4832186e+01	   2.7654938e-02	   5.2549148e-13	
   2.9000000e-01	  -1.7346878e-01	   8.1409481e+01	   2.6897832e-02	   5.2370146e-13	
   3.0000000e-01	  -1.8031689e-01	   8.2501711e+01	   2.6178155e-02	   5.2287632e-13	
   3.1000000e-01	  -1.8287028e-01	   8.5153459e+01	   2.5494619e-02	   5.2256899e-13	
   3.2000000e-01	  -1.8991356e-01	   8.5587862e+01	   2.4846325e-02	   5.2172218e-13	
   3.3000000e-01	  -2.0300334e-01	   8.3839965e+01	   2.4232390e-02	   5.2015206e-13	
   3.4000000e-01	  -2.1530548e-01	   8.1552750e+01	   2.3651673e-02	   5.1868073e-13	
   3.5000000e-01	  -2.2055814e-01	   8.3496019e+01	   2.3102644e-02	   5.1805378e-13	
   3.6000000e-01	  -2.2318065e-01	   8.5695701e+01	   2.2583397e-02	   5.1774104e-13	
   3.7000000e-01	  -2.3271503e-01	   8.5355000e+01	   2.2091751e-02	   5.1660566e-13	
   3.8000000e-01	  -2.4795129e-01	   8.2340014e+01	   2.1625394e-02	   5.1479644e-13	
   3.9000000e-01	  -2.5816326e-01	   8.1053411e+01	   2.1182011e-02	   5.1358737e-13	
   4.0000000e-01	  -2.6091158e-01	   8.4343598e+01	   2.0759384e-02	   5.1326246e-13	
   4.1000000e-01	  -2.6578350e-01	   8.5596373e+01	   2.0355455e-02	   5.1268700e-13	
   4.2000000e-01	  -2.7829848e-01	   8.4179164e+01	   1.9968359e-02	   5.1121173e-13	
   4.3000000e-01	  -2.9168769e-01	   8.1451623e+01	   1.9596434e-02	   5.0963810e-13	
   4.4000000e-01	  -2.9852095e-01	   8.2604113e+01	   1.9238223e-02	   5.0883686e-13	
   4.5000000e-01	  -3.0193235e-01	   8.4915024e+01	   1.8892461e-02	   5.0843732e-13	
   4.6000000e-01	  -3.0975049e-01	   8.5160827e+01	   1.8558068e-02	   5.0752286e-13	
   4.7000000e-01	  -3.2273148e-01	   8.3386840e+01	   1.8234139e-02	   5.0600815e-13	
   4.8000000e-01	  -3.3449609e-01	   8.1429984e+01	   1.7919935e-02	   5.0463928e-13	
   4.9000000e-01	  -3.4122247e-01	   8.2671908e+01	   1.7614873e-02	   5.0385829e-13	
   5.0000000e-01	  -3.4628022e-01	   8.4350183e+01	   1.7318515e-02	   5.0327185e-13	
   5.1000000e-01	  -3.5457253e-01	   8.4466787e+01	   1.7030555e-02	   5.0231183e-13	
   5.2000000e-01	  -3.6595818e-01	   8.3245755e+01	   1.6750791e-02	   5.0099667e-13	
   5.3000000e-01	  -3.7633993e-01	   8.2244571e+01	   1.6479107e-02	   4.9980048e-13	
   5.4000000e-01	  -3.8351370e-01	   8.3075710e+01	   1.6215440e-02	   4.9897558e-13	
   5.5000000e-01	  -3.8960054e-01	   8.4231301e+01	   1.5959747e-02	   4.9827673e-13	
   5.6000000e-01	  -3.9780577e-01	   8.4392460e+01	   1.5711982e-02	   4.9733621e-13	
   5.7000000e-01	  -4.0852397e-01	   8.3497590e+01	   1.5472069e-02	   4.9611032e-13	
   5.8000000e-01	  -4.1937157e-01	   8.2295617e+01	   1.5239884e-02	   4.9487271e-13	
   5.9000000e-01	  -4.2821676e-01	   8.2157146e+01	   1.5015254e-02	   4.9386584e-13	
   6.0000000e-01	  -4.3527535e-01	   8.3058713e+01	   1.4797950e-02	   4.9306381e-13	
   6.1000000e-01	  -4.4233134e-01	   8.3803183e+01	   1.4587695e-02	   4.9226338e-13	
   6.2000000e-01	  -4.5061416e-01	   8.3946695e+01	   1.4384177e-02	   4.9132543e-13	
   6.3000000e-01	  -4.5982210e-01	   8.3689655e+01	   1.4187057e-02	   4.9028482e-13	
   6.4000000e-01	  -4.6897371e-01	   8.3443672e+01	   1.3995981e-02	   4.8925276e-13	
   6.5000000e-01	  -4.7772419e-01	   8.3379464e+01	   1.3810596e-02	   4.8826798e-13	
   6.6000000e-01	  -4.8657063e-01	   8.3267260e+01	   1.3630551e-02	   4.8727440e-13	
   6.7000000e-01	  -4.9588095e-01	   8.2912906e+01	   1.3455511e-02	   4.8623091e-13	
   6.8000000e-01	  -5.0510307e-01	   8.2578959e+01	   1.3285157e-02	   4.8519951e-13	
   6.9000000e-01	  -5.1326229e-01	   8.2831303e+01	   1.3119192e-02	   4.8428881e-13	
   7.0000000e-01	  -5.2025444e-01	   8.3624825e+01	   1.2957339e-02	   4.8350973e-13	
   7.1000000e-01	  -5.2735188e-01	   8.4252675e+01	   1.2799345e-02	   4.8272020e-13	
   7.2000000e-01	  -5.3610992e-01	   8.4194078e+01	   1.2644979e-02	   4.8174772e-13	
   7.3000000e-01	  -5.4670004e-01	   8.3342401e+01	   1.2494032e-02	   4.8057443e-13	
   7.4000000e-01	  -5.5749555e-01	   8.2161693e+01	   1.2346317e-02	   4.7938132e-13	
   7.5000000e-01	  -5.6651663e-01	   8.1903508e+01	   1.2201666e-02	   4.7838659e-13	
   7.6000000e-01	  -5.7336321e-01	   8.2934329e+01	   1.2059931e-02	   4.7763301e-13	
   7.7000000e-01	  -5.7965922e-01	   8.3993554e+01	   1.1920983e-02	   4.7694109e-13	
   7.8000000e-01	  -5.8752022e-01	   8.4287181e+01	   1.1784711e-02	   4.7607857e-13	
   7.9000000e-01	  -5.9756560e-01	   8.3709302e+01	   1.1651020e-02	   4.7497866e-13	
   8.0000000e-01	  -6.0840663e-01	   8.2628263e+01	   1.1519829e-02	   4.7379448e-13	
   8.1000000e-01	  -6.1803123e-01	   8.2037810e+01	   1.1391073e-02	   4.7274564e-13	
   8.2000000e-01	  -6.2567890e-01	   8.2612721e+01	   1.1264699e-02	   4.7191390e-13	
   8.3000000e-01	  -6.3242676e-01	   8.3538975e+01	   1.1140662e-02	   4.7118123e-13	
   8.4000000e-01	  -6.4005476e-01	   8.3959169e+01	   1.1018928e-02	   4.7035437e-13	
   8.5000000e-01	  -6.4939158e-01	   8.3661694e+01	   1.0899468e-02	   4.6934425e-13	
   8.6000000e-01	  -6.5968017e-01	   8.2880718e+01	   1.0782258e-02	   4.6823367e-13	
   8.7000000e-01	  -6.6940691e-01	   8.2277967e+01	   1.0667275e-02	   4.6718616e-13	
   8.8000000e-01	  -6.7769744e-01	   8.2475277e+01	   1.0554498e-02	   4.6629517e-13	
   8.9000000e-01	  -6.8500025e-01	   8.3164812e+01	   1.0443906e-02	   4.6551174e-13	
   9.0000000e-01	  -6.9255917e-01	   8.3650217e+01	   1.0335475e-02	   4.6470221e-13	
   9.1000000e-01	  -7.0128035e-01	   8.3612382e+01	   1.0229178e-02	   4.6376997e-13	
   9.2000000e-01	  -7.1102181e-01	   8.3108955e+01	   1.0124987e-02	   4.6273088e-13	
   9.3000000e-01	  -7.2083074e-01	   8.2505595e+01	   1.0022869e-02	   4.6168694e-13	
   9.4000000e-01	  -7.2980411e-01	   8.2318603e+01	   9.9227900e-03	   4.6073399e-13	
   9.5000000e-01	  -7.3779435e-01	   8.2678615e+01	   9.8247122e-03	   4.5988710e-13	
   9.6000000e-01	  -7.4542167e-01	   8.3184345e+01	   9.7285962e-03	   4.5908013e-13	
   9.7000000e-01	  -7.5348960e-01	   8.3445604e+01	   9.6344014e-03	   4.5822808e-13	
   9.8000000e-01	  -7.6235684e-01	   8.3344914e+01	   9.5420860e-03	   4.5729344e-13	
   9.9000000e-01	  -7.7175725e-01	   8.2989519e+01	   9.4516080e-03	   4.5630469e-13	
   1.0000000e+00	  -7.8111980e-01	   8.2624550e+01	   9.3629255e-03	   4.5532205e-13	
