   0.0000000e+00	   0.0000000e+00	   0.0000000e+00	   1.0494312e-01	   5.4504287e-13	
   1.0000000e-02	   2.6503705e-03	   8.2013019e+01	   8.8456638e-02	   5.4537559e-13	
   2.0000000e-02	   9.1900181e-03	   8.6589269e+01	   7.7158877e-02	   5.4619744e-13	
   3.0000000e-02	   2.1036020e-02	   8.9633094e+01	   6.8859543e-02	   5.4768931e-13	
   4.0000000e-02	   3.1389063e-02	   9.1329929e+01	   6.2395277e-02	   5.4899649e-13	
   5.0000000e-02	   2.3525954e-02	   9.1205433e+01	   5.7263884e-02	   5.4800340e-13	
   6.0000000e-02	   2.9404109e-02	   9.2203590e+01	   5.3080001e-02	   5.4874562e-13	
   7.0000000e-02	   1.1708415e-02	   9.1382399e+01	   4.9544675e-02	   5.4651426e-13	
   8.0000000e-02	   5.2182492e-03	   9.1446620e+01	   4.6493515e-02	   5.4569815e-13	
   9.0000000e-02	  -7.1550409e-04	   9.1569342e+01	   4.3844159e-02	   5.4495308e-13	
   1.0000000e-01	  -2.1535606e-02	   9.0343741e+01	   4.1536390e-02	   5.4234682e-13	
   1.1000000e-01	  -2.7417810e-02	   9.0537277e+01	   3.9510630e-02	   5.4161275e-13	
   1.2000000e-01	  -2.5812505e-02	   9.1407320e+01	   3.7711413e-02	   5.4181298e-13	
   1.3000000e-01	  -3.5561511e-02	   9.1251868e+01	   3.6092767e-02	   5.4059809e-13	
   1.4000000e-01	  -5.0980717e-02	   9.0559843e+01	   3.4619080e-02	   5.3868215e-13	
   1.5000000e-01	  -5.7298301e-02	   9.0732456e+01	   3.3263979e-02	   5.3789911e-13	
   1.6000000e-01	  -5.0746627e-02	   9.1960895e+01	   3.2009091e-02	   5.3871119e-13	
   1.7000000e-01	  -3.8254963e-02	   9.3255123e+01	   3.0842765e-02	   5.4026292e-13	
   1.8000000e-01	  -2.6763150e-02	   9.4209890e+01	   2.9758264e-02	   5.4169440e-13	
   1.9000000e-01	  -1.6766879e-02	   9.4938978e+01	   2.8751426e-02	   5.4294267e-13	
   2.0000000e-01	  -3.4701425e-03	   9.5669709e+01	   2.7818429e-02	   5.4460753e-13	
   2.1000000e-01	   1.9176100e-02	   9.6545166e+01	   2.6954462e-02	   5.4745480e-13	
   2.2000000e-01	   5.5973786e-02	   9.7576979e+01	   2.6153508e-02	   5.5211308e-13	
   2.3000000e-01	   1.1020305e-01	   9.8704282e+01	   2.5408888e-02	   5.5905040e-13	
   2.4000000e-01	   1.8425034e-01	   9.9862046e+01	   2.4713961e-02	   5.6866394e-13	
   2.5000000e-01	   2.8013739e-01	   1.0100752e+02	   2.4062645e-02	   5.8135900e-13	
   2.6000000e-01	   3.9978918e-01	   1.0211929e+02	   2.3449657e-02	   5.9759861e-13	
   2.7000000e-01	   5.4518306e-01	   1.0318995e+02	   2.2870540e-02	   6.1794378e-13	
   2.8000000e-01	   7.1841714e-01	   1.0421979e+02	   2.2321589e-02	   6.4309091e-13	
   2.9000000e-01	   9.2163018e-01	   1.0521237e+02	   2.1799731e-02	   6.7389724e-13	
   3.0000000e-01	   1.1567497e+00	   1.0617182e+02	   2.1302421e-02	   7.1138652e-13	
   3.1000000e-01	   1.4251662e+00	   1.0710154e+02	   2.0827541e-02	   7.5674103e-13	
   3.2000000e-01	   1.7274941e+00	   1.0800398e+02	   2.0373327e-02	   8.1129737e-13	
   3.3000000e-01	   2.0635278e+00	   1.0888107e+02	   1.9938304e-02	   8.7656360e-13	
   3.4000000e-01	   2.4323650e+00	   1.0973460e+02	   1.9521219e-02	   9.5426096e-13	
   3.5000000e-01	   2.8325460e+00	   1.1056641e+02	   1.9120992e-02	   1.0463700e-12	
   3.6000000e-01	   3.2620368e+00	   1.1137808e+02	   1.8736662e-02	   1.1551392e-12	
   3.7000000e-01	   3.7179843e+00	   1.1217037e+02	   1.8367356e-02	   1.2830072e-12	
   3.8000000e-01	   4.1963430e+00	   1.1294268e+02	   1.8012250e-02	   1.4324021e-12	
   3.9000000e-01	   4.6915970e+00	   1.1369274e+02	   1.7670562e-02	   1.6054262e-12	
   4.0000000e-01	   5.1968077e+00	   1.1441687e+02	   1.7341533e-02	   1.8034804e-12	
   4.1000000e-01	   5.7040828e+00	   1.1511053e+02	   1.7024430e-02	   2.0269309e-12	
   4.2000000e-01	   6.2053825e+00	   1.1576925e+02	   1.6718545e-02	   2.2749346e-12	
   4.3000000e-01	   6.6934519e+00	   1.1638948e+02	   1.6423195e-02	   2.5455161e-12	
   4.4000000e-01	   7.1626577e+00	   1.1696927e+02	   1.6137728e-02	   2.8359361e-12	
   4.5000000e-01	   7.6095846e+00	   1.1750879e+02	   1.5861526e-02	   3.1433238e-12	
   4.6000000e-01	   8.0333549e+00	   1.1801046e+02	   1.5594004e-02	   3.4655019e-12	
   4.7000000e-01	   8.4357181e+00	   1.1847901e+02	   1.5334620e-02	   3.8019156e-12	
   4.8000000e-01	   8.8209924e+00	   1.1892138e+02	   1.5082878e-02	   4.1546066e-12	
   4.9000000e-01	   9.1959251e+00	   1.1934661e+02	   1.4838326e-02	   4.5292175e-12	
   5.0000000e-01	   9.5694843e+00	   1.1976560e+02	   1.4600571e-02	   4.9360448e-12	
   5.1000000e-01	   9.9525059e+00	   1.2019081e+02	   1.4369271e-02	   5.3911479e-12	
   5.2000000e-01	   1.0357041e+01	   1.2063551e+02	   1.4144143e-02	   5.9174519e-12	
   5.3000000e-01	   1.0795229e+01	   1.2111261e+02	   1.3924960e-02	   6.5456616e-12	
   5.4000000e-01	   1.1277654e+01	   1.2163298e+02	   1.3711544e-02	   7.3146921e-12	
   5.5000000e-01	   1.1811419e+01	   1.2220351e+02	   1.3503763e-02	   8.2712766e-12	
   5.6000000e-01	   1.2398512e+01	   1.2282560e+02	   1.3301517e-02	   9.4685148e-12	
   5.7000000e-01	   1.3035137e+01	   1.2349471e+02	   1.3104732e-02	   1.0963378e-11	
   5.8000000e-01	   1.3712378e+01	   1.2420124e+02	   1.2913345e-02	   1.2813520e-11	
   5.9000000e-01	   1.4417974e+01	   1.2493254e+02	   1.2727299e-02	   1.5073983e-11	
   6.0000000e-01	   1.5138521e+01	   1.2567511e+02	   1.2546528e-02	   1.7794376e-11	
   6.1000000e-01	   1.5861332e+01	   1.2641644e+02	   1.2370958e-02	   2.1016669e-11	
   6.2000000e-01	   1.6575507e+01	   1.2714598e+02	   1.2200496e-02	   2.4773157e-11	
   6.3000000e-01	   1.7272161e+01	   1.2785527e+02	   1.2035037e-02	   2.9083507e-11	
   6.4000000e-01	   1.7944066e+01	   1.2853752e+02	   1.1874459e-02	   3.3949801e-11	
   6.5000000e-01	   1.8585043e+01	   1.2918692e+02	   1.1718627e-02	   3.9349112e-11	
   6.6000000e-01	   1.9189433e+01	   1.2979816e+02	   1.1567394e-02	   4.5224514e-11	
   6.7000000e-01	   1.9751814e+01	   1.3036609e+02	   1.1420607e-02	   5.1476865e-11	
   6.8000000e-01	   2.0267017e+01	   1.3088576e+02	   1.1278107e-02	   5.7960527e-11	
   6.9000000e-01	   2.0730343e+01	   1.3135267e+02	   1.1139732e-02	   6.4485923e-11	
   7.0000000e-01	   2.1137886e+01	   1.3176305e+02	   1.1005318e-02	   7.0830322e-11	
   7.1000000e-01	   2.1486820e+01	   1.3211422e+02	   1.0874700e-02	   7.6756063e-11	
   7.2000000e-01	   2.1775602e+01	   1.3240473e+02	   1.0747715e-02	   8.2033425e-11	
   7.3000000e-01	   2.2004056e+01	   1.3263448e+02	   1.0624200e-02	   8.6464190e-11	
   7.4000000e-01	   2.2173388e+01	   1.3280474e+02	   1.0503993e-02	   8.9902032e-11	
   7.5000000e-01	   2.2286151e+01	   1.3291812e+02	   1.0386933e-02	   9.2266865e-11	
   7.6000000e-01	   2.2346209e+01	   1.3297852e+02	   1.0272861e-02	   9.3551672e-11	
   7.7000000e-01	   2.2358717e+01	   1.3299113e+02	   1.0161622e-02	   9.3821488e-11	
   7.8000000e-01	   2.2330083e+01	   1.3296239e+02	   1.0053062e-02	   9.3204946e-11	
   7.9000000e-01	   2.2267863e+01	   1.3289990e+02	   9.9470304e-03	   9.1879156e-11	
   8.0000000e-01	   2.2180491e+01	   1.3281212e+02	   9.8433801e-03	   9.0049172e-11	
   8.1000000e-01	   2.2076770e+01	   1.3270788e+02	   9.7419684e-03	   8.7924055e-11	
   8.2000000e-01	   2.1965129e+01	   1.3259567e+02	   9.6426570e-03	   8.5692653e-11	
   8.3000000e-01	   2.1852716e+01	   1.3248265e+02	   9.5453127e-03	   8.3503026e-11	
   8.4000000e-01	   2.1744580e+01	   1.3237391e+02	   9.4498076e-03	   8.1449546e-11	
   8.5000000e-01	   2.1643213e+01	   1.3227197e+02	   9.3560196e-03	   7.9570473e-11	
   8.6000000e-01	   2.1548638e+01	   1.3217685e+02	   9.2638329e-03	   7.7856433e-11	
   8.7000000e-01	   2.1459078e+01	   1.3208678e+02	   9.1731386e-03	   7.6267315e-11	
   8.8000000e-01	   2.1371964e+01	   1.3199918e+02	   9.0838346e-03	   7.4752738e-11	
   8.9000000e-01	   2.1284978e+01	   1.3191174e+02	   8.9958268e-03	   7.3270378e-11	
   9.0000000e-01	   2.1196790e+01	   1.3182311e+02	   8.9090291e-03	   7.1797554e-11	
   9.1000000e-01	   2.1107358e+01	   1.3173325e+02	   8.8233642e-03	   7.0334193e-11	
   9.2000000e-01	   2.1017793e+01	   1.3164330e+02	   8.7387643e-03	   6.8898537e-11	
   9.3000000e-01	   2.0929977e+01	   1.3155513e+02	   8.6551712e-03	   6.7519363e-11	
   9.4000000e-01	   2.0846175e+01	   1.3147104e+02	   8.5725372e-03	   6.6228997e-11	
   9.5000000e-01	   2.0768826e+01	   1.3139348e+02	   8.4908256e-03	   6.5059887e-11	
   9.6000000e-01	   2.0700528e+01	   1.3132506e+02	   8.4100106e-03	   6.4044741e-11	
   9.7000000e-01	   2.0644080e+01	   1.3126859e+02	   8.3300775e-03	   6.3217699e-11	
   9.8000000e-01	   2.0602340e+01	   1.3122695e+02	   8.2510229e-03	   6.2613028e-11	
   9.9000000e-01	   2.0577725e+01	   1.3120257e+02	   8.1728540e-03	   6.2259148e-11	
   1.0000000e+00	   2.0571405e+01	   1.3119661e+02	   8.0955876e-03	   6.2168604e-11	
