   0.0000000e+00	   0.0000000e+00	   0.0000000e+00	   1.0494312e-01	   5.4504287e-13	
   1.0000000e-02	   2.7314800e-03	   8.2174558e+01	   8.8456638e-02	   5.4538578e-13	
   2.0000000e-02	   8.6207423e-03	   8.6539889e+01	   7.7158877e-02	   5.4612585e-13	
   3.0000000e-02	   1.7455125e-02	   8.9249200e+01	   6.8859543e-02	   5.4723791e-13	
   4.0000000e-02	   2.5476651e-02	   9.0884207e+01	   6.2395277e-02	   5.4824960e-13	
   5.0000000e-02	   1.2711933e-02	   9.0223800e+01	   5.7263884e-02	   5.4664056e-13	
   6.0000000e-02	   1.3332018e-02	   9.0993082e+01	   5.3080001e-02	   5.4671862e-13	
   7.0000000e-02	  -9.8938535e-03	   8.9117643e+01	   4.9544675e-02	   5.4380259e-13	
   8.0000000e-02	  -1.5259809e-02	   8.9390241e+01	   4.6493515e-02	   5.4313111e-13	
   9.0000000e-02	  -3.0106769e-02	   8.8255206e+01	   4.3844159e-02	   5.4127751e-13	
   1.0000000e-01	  -4.9157682e-02	   8.5575360e+01	   4.1536390e-02	   5.3890832e-13	
   1.1000000e-01	  -4.9857823e-02	   8.7426439e+01	   3.9510630e-02	   5.3882145e-13	
   1.2000000e-01	  -5.3825583e-02	   8.8190130e+01	   3.7711413e-02	   5.3832940e-13	
   1.3000000e-01	  -6.7750566e-02	   8.6985781e+01	   3.6092767e-02	   5.3660610e-13	
   1.4000000e-01	  -7.6351458e-02	   8.6861471e+01	   3.4619080e-02	   5.3554444e-13	
   1.5000000e-01	  -7.3245189e-02	   8.8959417e+01	   3.3263979e-02	   5.3592762e-13	
   1.6000000e-01	  -6.5589264e-02	   9.0833676e+01	   3.2009091e-02	   5.3687321e-13	
   1.7000000e-01	  -6.0031656e-02	   9.1988605e+01	   3.0842765e-02	   5.3756068e-13	
   1.8000000e-01	  -5.5596796e-02	   9.2833814e+01	   2.9758264e-02	   5.3810990e-13	
   1.9000000e-01	  -4.7542673e-02	   9.3726260e+01	   2.8751426e-02	   5.3910876e-13	
   2.0000000e-01	  -3.2544472e-02	   9.4750340e+01	   2.7818429e-02	   5.4097378e-13	
   2.1000000e-01	  -9.3385497e-03	   9.5841148e+01	   2.6954462e-02	   5.4387213e-13	
   2.2000000e-01	   2.3219173e-02	   9.6946614e+01	   2.6153508e-02	   5.4796469e-13	
   2.3000000e-01	   6.7179426e-02	   9.8052126e+01	   2.5408888e-02	   5.5353948e-13	
   2.4000000e-01	   1.2494013e-01	   9.9148935e+01	   2.4713961e-02	   5.6095067e-13	
   2.5000000e-01	   1.9829333e-01	   1.0022076e+02	   2.4062645e-02	   5.7050571e-13	
   2.6000000e-01	   2.8804694e-01	   1.0125012e+02	   2.3449657e-02	   5.8241876e-13	
   2.7000000e-01	   3.9432835e-01	   1.0222644e+02	   2.2870540e-02	   5.9684766e-13	
   2.8000000e-01	   5.1717981e-01	   1.0314825e+02	   2.2321589e-02	   6.1397211e-13	
   2.9000000e-01	   6.5703662e-01	   1.0402091e+02	   2.1799731e-02	   6.3406579e-13	
   3.0000000e-01	   8.1489945e-01	   1.0485297e+02	   2.1302421e-02	   6.5753762e-13	
   3.1000000e-01	   9.9223736e-01	   1.0565333e+02	   2.0827541e-02	   6.8494294e-13	
   3.2000000e-01	   1.1907737e+00	   1.0642974e+02	   2.0373327e-02	   7.1698163e-13	
   3.3000000e-01	   1.4123026e+00	   1.0718836e+02	   1.9938304e-02	   7.5450290e-13	
   3.4000000e-01	   1.6586036e+00	   1.0793410e+02	   1.9521219e-02	   7.9852960e-13	
   3.5000000e-01	   1.9314169e+00	   1.0867095e+02	   1.9120992e-02	   8.5030033e-13	
   3.6000000e-01	   2.2323641e+00	   1.0940219e+02	   1.8736662e-02	   9.1131197e-13	
   3.7000000e-01	   2.5626937e+00	   1.1013009e+02	   1.8367356e-02	   9.8333169e-13	
   3.8000000e-01	   2.9228128e+00	   1.1085542e+02	   1.8012250e-02	   1.0683460e-12	
   3.9000000e-01	   3.3117205e+00	   1.1157704e+02	   1.7670562e-02	   1.1684300e-12	
   4.0000000e-01	   3.7265934e+00	   1.1229179e+02	   1.7341533e-02	   1.2855530e-12	
   4.1000000e-01	   4.1627954e+00	   1.1299504e+02	   1.7024431e-02	   1.4213800e-12	
   4.2000000e-01	   4.6144532e+00	   1.1368174e+02	   1.6718545e-02	   1.5771608e-12	
   4.3000000e-01	   5.0755108e+00	   1.1434767e+02	   1.6423195e-02	   1.7538068e-12	
   4.4000000e-01	   5.5409812e+00	   1.1499070e+02	   1.6137728e-02	   1.9522201e-12	
   4.5000000e-01	   6.0080474e+00	   1.1561152e+02	   1.5861526e-02	   2.1738792e-12	
   4.6000000e-01	   6.4767241e+00	   1.1621397e+02	   1.5594004e-02	   2.4216037e-12	
   4.7000000e-01	   6.9499298e+00	   1.1680468e+02	   1.5334620e-02	   2.7003723e-12	
   4.8000000e-01	   7.4329691e+00	   1.1739222e+02	   1.5082878e-02	   3.0180579e-12	
   4.9000000e-01	   7.9325673e+00	   1.1798594e+02	   1.4838326e-02	   3.3860034e-12	
   5.0000000e-01	   8.4556994e+00	   1.1859466e+02	   1.4600571e-02	   3.8194480e-12	
   5.1000000e-01	   9.0084959e+00	   1.1922565e+02	   1.4369271e-02	   4.3379071e-12	
   5.2000000e-01	   9.5954359e+00	   1.1988394e+02	   1.4144143e-02	   4.9656288e-12	
   5.3000000e-01	   1.0218891e+01	   1.2057210e+02	   1.3924960e-02	   5.7321793e-12	
   5.4000000e-01	   1.0878939e+01	   1.2129023e+02	   1.3711544e-02	   6.6730534e-12	
   5.5000000e-01	   1.1573327e+01	   1.2203609e+02	   1.3503763e-02	   7.8300295e-12	
   5.6000000e-01	   1.2297542e+01	   1.2280525e+02	   1.3301517e-02	   9.2509178e-12	
   5.7000000e-01	   1.3045066e+01	   1.2359144e+02	   1.3104732e-02	   1.0988470e-11	
   5.8000000e-01	   1.3807926e+01	   1.2438708e+02	   1.2913345e-02	   1.3098550e-11	
   5.9000000e-01	   1.4577520e+01	   1.2518412e+02	   1.2727299e-02	   1.5638054e-11	
   6.0000000e-01	   1.5345576e+01	   1.2597491e+02	   1.2546528e-02	   1.8663294e-11	
   6.1000000e-01	   1.6104964e+01	   1.2675300e+02	   1.2370958e-02	   2.2229363e-11	
   6.2000000e-01	   1.6850136e+01	   1.2751349e+02	   1.2200496e-02	   2.6390294e-11	
   6.3000000e-01	   1.7577096e+01	   1.2825298e+02	   1.2035037e-02	   3.1198968e-11	
   6.4000000e-01	   1.8282948e+01	   1.2896908e+02	   1.1874459e-02	   3.6705019e-11	
   6.5000000e-01	   1.8965237e+01	   1.2965977e+02	   1.1718627e-02	   4.2949128e-11	
   6.6000000e-01	   1.9621324e+01	   1.3032274e+02	   1.1567394e-02	   4.9953169e-11	
   6.7000000e-01	   2.0248010e+01	   1.3095507e+02	   1.1420607e-02	   5.7707417e-11	
   6.8000000e-01	   2.0841505e+01	   1.3155318e+02	   1.1278107e-02	   6.6157813e-11	
   6.9000000e-01	   2.1397707e+01	   1.3211316e+02	   1.1139732e-02	   7.5197144e-11	
   7.0000000e-01	   2.1912659e+01	   1.3263119e+02	   1.1005318e-02	   8.4663576e-11	
   7.1000000e-01	   2.2383031e+01	   1.3310406e+02	   1.0874700e-02	   9.4348226e-11	
   7.2000000e-01	   2.2806492e+01	   1.3352954e+02	   1.0747715e-02	   1.0401114e-10	
   7.3000000e-01	   2.3181938e+01	   1.3390661e+02	   1.0624200e-02	   1.1340298e-10	
   7.4000000e-01	   2.3509550e+01	   1.3423553e+02	   1.0503993e-02	   1.2228852e-10	
   7.5000000e-01	   2.3790749e+01	   1.3451776e+02	   1.0386932e-02	   1.3046846e-10	
   7.6000000e-01	   2.4028076e+01	   1.3475591e+02	   1.0272861e-02	   1.3779652e-10	
   7.7000000e-01	   2.4225064e+01	   1.3495354e+02	   1.0161622e-02	   1.4419064e-10	
   7.8000000e-01	   2.4386094e+01	   1.3511506e+02	   1.0053062e-02	   1.4963738e-10	
   7.9000000e-01	   2.4516243e+01	   1.3524559e+02	   9.9470301e-03	   1.5418955e-10	
   8.0000000e-01	   2.4621081e+01	   1.3535071e+02	   9.8433797e-03	   1.5795696e-10	
   8.1000000e-01	   2.4706397e+01	   1.3543625e+02	   9.7419680e-03	   1.6109065e-10	
   8.2000000e-01	   2.4777816e+01	   1.3550785e+02	   9.6426566e-03	   1.6376166e-10	
   8.3000000e-01	   2.4840352e+01	   1.3557053e+02	   9.5453123e-03	   1.6613681e-10	
   8.4000000e-01	   2.4897960e+01	   1.3562828e+02	   9.4498071e-03	   1.6835524e-10	
   8.5000000e-01	   2.4953192e+01	   1.3568365e+02	   9.3560191e-03	   1.7051000e-10	
   8.6000000e-01	   2.5007076e+01	   1.3573767e+02	   9.2638324e-03	   1.7263873e-10	
   8.7000000e-01	   2.5059249e+01	   1.3578999e+02	   9.1731380e-03	   1.7472519e-10	
   8.8000000e-01	   2.5108323e+01	   1.3583922e+02	   9.0838340e-03	   1.7671076e-10	
   8.9000000e-01	   2.5152374e+01	   1.3588343e+02	   8.9958262e-03	   1.7851227e-10	
   9.0000000e-01	   2.5189399e+01	   1.3592061e+02	   8.9090285e-03	   1.8004064e-10	
   9.1000000e-01	   2.5217645e+01	   1.3594902e+02	   8.8233637e-03	   1.8121540e-10	
   9.2000000e-01	   2.5235737e+01	   1.3596726e+02	   8.7387637e-03	   1.8197193e-10	
   9.3000000e-01	   2.5242653e+01	   1.3597433e+02	   8.6551706e-03	   1.8226193e-10	
   9.4000000e-01	   2.5237611e+01	   1.3596943e+02	   8.5725367e-03	   1.8205046e-10	
   9.5000000e-01	   2.5220013e+01	   1.3595196e+02	   8.4908250e-03	   1.8131424e-10	
   9.6000000e-01	   2.5189510e+01	   1.3592157e+02	   8.4100100e-03	   1.8004523e-10	
   9.7000000e-01	   2.5146233e+01	   1.3587840e+02	   8.3300770e-03	   1.7826001e-10	
   9.8000000e-01	   2.5091118e+01	   1.3582337e+02	   8.2510224e-03	   1.7601209e-10	
   9.9000000e-01	   2.5026210e+01	   1.3575853e+02	   8.1728535e-03	   1.7340103e-10	
   1.0000000e+00	   2.4954776e+01	   1.3568715e+02	   8.0955871e-03	   1.7057220e-10	
