   0.0000000e+00	   0.0000000e+00	   0.0000000e+00	   1.0494312e-01	   5.4504287e-13	
   1.0000000e-02	   2.7368971e-03	   8.2184845e+01	   8.8456638e-02	   5.4538646e-13	
   2.0000000e-02	   8.5847425e-03	   8.6536506e+01	   7.7158877e-02	   5.4612132e-13	
   3.0000000e-02	   1.7223320e-02	   8.9222244e+01	   6.8859543e-02	   5.4720870e-13	
   4.0000000e-02	   2.5085544e-02	   9.0851907e+01	   6.2395277e-02	   5.4820023e-13	
   5.0000000e-02	   1.2065312e-02	   9.0156205e+01	   5.7263884e-02	   5.4655918e-13	
   6.0000000e-02	   1.2352950e-02	   9.0905495e+01	   5.3080001e-02	   5.4659538e-13	
   7.0000000e-02	  -1.1049624e-02	   8.8953263e+01	   4.9544675e-02	   5.4365789e-13	
   8.0000000e-02	  -1.6299174e-02	   8.9253153e+01	   4.6493515e-02	   5.4300114e-13	
   9.0000000e-02	  -3.1539309e-02	   8.8002659e+01	   4.3844159e-02	   5.4109900e-13	
   1.0000000e-01	  -5.0142938e-02	   8.5252109e+01	   4.1536390e-02	   5.3878608e-13	
   1.1000000e-01	  -5.0472104e-02	   8.7302356e+01	   3.9510630e-02	   5.3874524e-13	
   1.2000000e-01	  -5.4675901e-02	   8.8044388e+01	   3.7711413e-02	   5.3822401e-13	
   1.3000000e-01	  -6.8406692e-02	   8.6838842e+01	   3.6092767e-02	   5.3652503e-13	
   1.4000000e-01	  -7.6197967e-02	   8.6907657e+01	   3.4619080e-02	   5.3556337e-13	
   1.5000000e-01	  -7.2506906e-02	   8.9075632e+01	   3.3263979e-02	   5.3601873e-13	
   1.6000000e-01	  -6.4891778e-02	   9.0907789e+01	   3.2009091e-02	   5.3695944e-13	
   1.7000000e-01	  -5.9556374e-02	   9.2030669e+01	   3.0842765e-02	   5.3761951e-13	
   1.8000000e-01	  -5.5004140e-02	   9.2876638e+01	   2.9758264e-02	   5.3818333e-13	
   1.9000000e-01	  -4.6495899e-02	   9.3784668e+01	   2.8751426e-02	   5.3923872e-13	
   2.0000000e-01	  -3.1069929e-02	   9.4814548e+01	   2.7818429e-02	   5.4115748e-13	
   2.1000000e-01	  -7.7295810e-03	   9.5896752e+01	   2.6954462e-02	   5.4407366e-13	
   2.2000000e-01	   2.4670117e-02	   9.6987534e+01	   2.6153508e-02	   5.4814779e-13	
   2.3000000e-01	   6.8302946e-02	   9.8079252e+01	   2.5408888e-02	   5.5368270e-13	
   2.4000000e-01	   1.2561987e-01	   9.9164902e+01	   2.4713961e-02	   5.6103848e-13	
   2.5000000e-01	   1.9832501e-01	   1.0022695e+02	   2.4062645e-02	   5.7050987e-13	
   2.6000000e-01	   2.8703897e-01	   1.0124629e+02	   2.3449657e-02	   5.8228360e-13	
   2.7000000e-01	   3.9168177e-01	   1.0221153e+02	   2.2870540e-02	   5.9648405e-13	
   2.8000000e-01	   5.1213033e-01	   1.0312115e+02	   2.2321589e-02	   6.1325866e-13	
   2.9000000e-01	   6.4872420e-01	   1.0398093e+02	   2.1799731e-02	   6.3285334e-13	
   3.0000000e-01	   8.0243750e-01	   1.0479997e+02	   2.1302421e-02	   6.5565354e-13	
   3.1000000e-01	   9.7476748e-01	   1.0558767e+02	   2.0827541e-02	   6.8219323e-13	
   3.2000000e-01	   1.1675030e+00	   1.0635216e+02	   2.0373327e-02	   7.1315011e-13	
   3.3000000e-01	   1.3825281e+00	   1.0709986e+02	   1.9938304e-02	   7.4934786e-13	
   3.4000000e-01	   1.6217326e+00	   1.0783578e+02	   1.9521219e-02	   7.9177890e-13	
   3.5000000e-01	   1.8869920e+00	   1.0856400e+02	   1.9120992e-02	   8.4164676e-13	
   3.6000000e-01	   2.1801000e+00	   1.0928787e+02	   1.8736662e-02	   9.0041074e-13	
   3.7000000e-01	   2.5025240e+00	   1.1000972e+02	   1.8367356e-02	   9.6980197e-13	
   3.8000000e-01	   2.8549351e+00	   1.1073042e+02	   1.8012250e-02	   1.0517782e-12	
   3.9000000e-01	   3.2366215e+00	   1.1144885e+02	   1.7670562e-02	   1.1483990e-12	
   4.0000000e-01	   3.6450364e+00	   1.1216185e+02	   1.7341533e-02	   1.2616366e-12	
   4.1000000e-01	   4.0757670e+00	   1.1286470e+02	   1.7024431e-02	   1.3931804e-12	
   4.2000000e-01	   4.5230837e+00	   1.1355220e+02	   1.6718545e-02	   1.5443262e-12	
   4.3000000e-01	   4.9809913e+00	   1.1421998e+02	   1.6423195e-02	   1.7160494e-12	
   4.4000000e-01	   5.4445027e+00	   1.1486575e+02	   1.6137728e-02	   1.9093297e-12	
   4.5000000e-01	   5.9107677e+00	   1.1549011e+02	   1.5861526e-02	   2.1257267e-12	
   4.6000000e-01	   6.3797561e+00	   1.1609684e+02	   1.5594004e-02	   2.3681340e-12	
   4.7000000e-01	   6.8543275e+00	   1.1669254e+02	   1.5334620e-02	   2.6415778e-12	
   4.8000000e-01	   7.3396887e+00	   1.1728570e+02	   1.5082878e-02	   2.9539254e-12	
   4.9000000e-01	   7.8423884e+00	   1.1788549e+02	   1.4838326e-02	   3.3164198e-12	
   5.0000000e-01	   8.3691133e+00	   1.1850044e+02	   1.4600571e-02	   3.7440530e-12	
   5.1000000e-01	   8.9255906e+00	   1.1913738e+02	   1.4369271e-02	   4.2558834e-12	
   5.2000000e-01	   9.5158231e+00	   1.1980087e+02	   1.4144143e-02	   4.8754305e-12	
   5.3000000e-01	   1.0141717e+01	   1.2049303e+02	   1.3924960e-02	   5.6312181e-12	
   5.4000000e-01	   1.0802995e+01	   1.2121363e+02	   1.3711544e-02	   6.5573765e-12	
   5.5000000e-01	   1.1497238e+01	   1.2196032e+02	   1.3503763e-02	   7.6940409e-12	
   5.6000000e-01	   1.2219992e+01	   1.2272879e+02	   1.3301517e-02	   9.0871950e-12	
   5.7000000e-01	   1.2964988e+01	   1.2351308e+02	   1.3104732e-02	   1.0787715e-11	
   5.8000000e-01	   1.3724617e+01	   1.2430601e+02	   1.2913345e-02	   1.2849682e-11	
   5.9000000e-01	   1.4490668e+01	   1.2509995e+02	   1.2727299e-02	   1.5328424e-11	
   6.0000000e-01	   1.5255210e+01	   1.2588762e+02	   1.2546528e-02	   1.8278968e-11	
   6.1000000e-01	   1.6011371e+01	   1.2666282e+02	   1.2370958e-02	   2.1755436e-11	
   6.2000000e-01	   1.6753784e+01	   1.2742085e+02	   1.2200496e-02	   2.5811253e-11	
   6.3000000e-01	   1.7478573e+01	   1.2815843e+02	   1.2035037e-02	   3.0499164e-11	
   6.4000000e-01	   1.8182935e+01	   1.2887327e+02	   1.1874459e-02	   3.5869408e-11	
   6.5000000e-01	   1.8864505e+01	   1.2956344e+02	   1.1718627e-02	   4.1964417e-11	
   6.6000000e-01	   1.9520733e+01	   1.3022672e+02	   1.1567394e-02	   4.8809456e-11	
   6.7000000e-01	   2.0148505e+01	   1.3086028e+02	   1.1420607e-02	   5.6400268e-11	
   6.8000000e-01	   2.0744100e+01	   1.3146062e+02	   1.1278107e-02	   6.4690520e-11	
   6.9000000e-01	   2.1303456e+01	   1.3202386e+02	   1.1139732e-02	   7.3582793e-11	
   7.0000000e-01	   2.1822625e+01	   1.3254620e+02	   1.1005318e-02	   8.2926463e-11	
   7.1000000e-01	   2.2298250e+01	   1.3302440e+02	   1.0874700e-02	   9.2524263e-11	
   7.2000000e-01	   2.2727952e+01	   1.3345620e+02	   1.0747715e-02	   1.0214705e-10	
   7.3000000e-01	   2.3110556e+01	   1.3384049e+02	   1.0624200e-02	   1.1155428e-10	
   7.4000000e-01	   2.3446163e+01	   1.3417745e+02	   1.0503993e-02	   1.2051664e-10	
   7.5000000e-01	   2.3736105e+01	   1.3446848e+02	   1.0386932e-02	   1.2883717e-10	
   7.6000000e-01	   2.3982830e+01	   1.3471607e+02	   1.0272861e-02	   1.3636838e-10	
   7.7000000e-01	   2.4189769e+01	   1.3492368e+02	   1.0161622e-02	   1.4302357e-10	
   7.8000000e-01	   2.4361197e+01	   1.3509564e+02	   1.0053062e-02	   1.4878198e-10	
   7.9000000e-01	   2.4502074e+01	   1.3523693e+02	   9.9470301e-03	   1.5368733e-10	
   8.0000000e-01	   2.4617855e+01	   1.3535304e+02	   9.8433797e-03	   1.5783967e-10	
   8.1000000e-01	   2.4714213e+01	   1.3544965e+02	   9.7419680e-03	   1.6138083e-10	
   8.2000000e-01	   2.4796676e+01	   1.3553232e+02	   9.6426566e-03	   1.6447436e-10	
   8.3000000e-01	   2.4870189e+01	   1.3560602e+02	   9.5453123e-03	   1.6728215e-10	
   8.4000000e-01	   2.4938683e+01	   1.3567468e+02	   9.4498071e-03	   1.6994132e-10	
   8.5000000e-01	   2.5004735e+01	   1.3574089e+02	   9.3560191e-03	   1.7254569e-10	
   8.6000000e-01	   2.5069440e+01	   1.3580577e+02	   9.2638324e-03	   1.7513569e-10	
   8.7000000e-01	   2.5132537e+01	   1.3586904e+02	   9.1731380e-03	   1.7769874e-10	
   8.8000000e-01	   2.5192750e+01	   1.3592943e+02	   9.0838340e-03	   1.8017962e-10	
   8.9000000e-01	   2.5248258e+01	   1.3598512e+02	   8.9958262e-03	   1.8249733e-10	
   9.0000000e-01	   2.5297145e+01	   1.3603420e+02	   8.9090285e-03	   1.8456324e-10	
   9.1000000e-01	   2.5337719e+01	   1.3607495e+02	   8.8233636e-03	   1.8629557e-10	
   9.2000000e-01	   2.5368645e+01	   1.3610606e+02	   8.7387637e-03	   1.8762692e-10	
   9.3000000e-01	   2.5388920e+01	   1.3612651e+02	   8.6551706e-03	   1.8850492e-10	
   9.4000000e-01	   2.5397766e+01	   1.3613553e+02	   8.5725366e-03	   1.8888927e-10	
   9.5000000e-01	   2.5394555e+01	   1.3613247e+02	   8.4908250e-03	   1.8874967e-10	
   9.6000000e-01	   2.5378865e+01	   1.3611693e+02	   8.4100099e-03	   1.8806896e-10	
   9.7000000e-01	   2.5350680e+01	   1.3608887e+02	   8.3300769e-03	   1.8685240e-10	
   9.8000000e-01	   2.5310711e+01	   1.3604902e+02	   8.2510224e-03	   1.8514065e-10	
   9.9000000e-01	   2.5260690e+01	   1.3599909e+02	   8.1728534e-03	   1.8302048e-10	
   1.0000000e+00	   2.5203519e+01	   1.3594200e+02	   8.0955870e-03	   1.8062696e-10	
