   0.0000000e+00	   0.0000000e+00	   0.0000000e+00	   2.0988624e-01	   5.4504287e-13	
   1.0000000e-02	   1.3124331e-02	   8.3154354e+01	   1.5225138e-01	   5.4669247e-13	
   2.0000000e-02	   1.5593964e-02	   8.2905666e+01	   1.2388884e-01	   5.4700344e-13	
   3.0000000e-02	   1.5720977e-02	   8.2974509e+01	   1.0582039e-01	   5.4701944e-13	
   4.0000000e-02	   1.1381376e-02	   8.1314049e+01	   9.3045931e-02	   5.4647311e-13	
   5.0000000e-02	   1.3089547e-02	   8.4427857e+01	   8.3368793e-02	   5.4668809e-13	
   6.0000000e-02	   6.4876451e-04	   7.7937859e+01	   7.5802509e-02	   5.4512429e-13	
   7.0000000e-02	   4.8479334e-03	   8.5131303e+01	   6.9689174e-02	   5.4565162e-13	
   8.0000000e-02	   4.0479366e-03	   8.6713897e+01	   6.4582315e-02	   5.4555112e-13	
   9.0000000e-02	  -1.6625764e-02	   7.9130222e+01	   6.0211041e-02	   5.4296031e-13	
   1.0000000e-01	  -1.1146164e-02	   8.6213334e+01	   5.6425491e-02	   5.4364581e-13	
   1.1000000e-01	  -2.1978466e-02	   8.5025964e+01	   5.3131858e-02	   5.4229152e-13	
   1.2000000e-01	  -3.4656618e-02	   8.2438318e+01	   5.0249644e-02	   5.4071074e-13	
   1.3000000e-01	  -3.5917387e-02	   8.5413966e+01	   4.7704363e-02	   5.4055380e-13	
   1.4000000e-01	  -4.1682092e-02	   8.6042271e+01	   4.5433671e-02	   5.3983675e-13	
   1.5000000e-01	  -6.0109889e-02	   8.0679713e+01	   4.3389443e-02	   5.3755100e-13	
   1.6000000e-01	  -6.0622106e-02	   8.5025202e+01	   4.1535271e-02	   5.3748760e-13	
   1.7000000e-01	  -6.5277615e-02	   8.6116146e+01	   3.9843241e-02	   5.3691174e-13	
   1.8000000e-01	  -8.0495819e-02	   8.3364065e+01	   3.8291501e-02	   5.3503363e-13	
   1.9000000e-01	  -9.0702113e-02	   8.2080646e+01	   3.6862520e-02	   5.3377773e-13	
   2.0000000e-01	  -8.9723222e-02	   8.6091070e+01	   3.5541803e-02	   5.3389805e-13	
   2.1000000e-01	  -9.8591884e-02	   8.5894819e+01	   3.4316980e-02	   5.3280890e-13	
   2.2000000e-01	  -1.1670425e-01	   8.0973616e+01	   3.3177218e-02	   5.3059143e-13	
   2.3000000e-01	  -1.2243641e-01	   8.2848643e+01	   3.2112867e-02	   5.2989158e-13	
   2.4000000e-01	  -1.2179012e-01	   8.6335822e+01	   3.1115282e-02	   5.2997044e-13	
   2.5000000e-01	  -1.3316266e-01	   8.5420212e+01	   3.0176779e-02	   5.2858446e-13	
   2.6000000e-01	  -1.4963219e-01	   8.1225268e+01	   2.9290702e-02	   5.2658374e-13	
   2.7000000e-01	  -1.5571571e-01	   8.2835366e+01	   2.8451525e-02	   5.2584662e-13	
   2.8000000e-01	  -1.5700682e-01	   8.5775251e+01	   2.7654938e-02	   5.2569032e-13	
   2.9000000e-01	  -1.6557450e-01	   8.5706019e+01	   2.6897832e-02	   5.2465427e-13	
   3.0000000e-01	  -1.7857499e-01	   8.3977694e+01	   2.6178155e-02	   5.2308608e-13	
   3.1000000e-01	  -1.8903920e-01	   8.2899651e+01	   2.5494619e-02	   5.2182723e-13	
   3.2000000e-01	  -1.9638240e-01	   8.3465194e+01	   2.4846325e-02	   5.2094565e-13	
   3.3000000e-01	  -2.0158160e-01	   8.4848090e+01	   2.4232390e-02	   5.2032237e-13	
   3.4000000e-01	  -2.0789459e-01	   8.5558798e+01	   2.3651673e-02	   5.1956657e-13	
   3.5000000e-01	  -2.1963909e-01	   8.4358492e+01	   2.3102644e-02	   5.1816342e-13	
   3.6000000e-01	  -2.3296052e-01	   8.1639628e+01	   2.2583397e-02	   5.1657645e-13	
   3.7000000e-01	  -2.3993888e-01	   8.2648672e+01	   2.2091751e-02	   5.1574707e-13	
   3.8000000e-01	  -2.4261154e-01	   8.5234359e+01	   2.1625394e-02	   5.1542978e-13	
   3.9000000e-01	  -2.5010475e-01	   8.5550921e+01	   2.1182011e-02	   5.1454123e-13	
   4.0000000e-01	  -2.6351596e-01	   8.3657034e+01	   2.0759384e-02	   5.1295476e-13	
   4.1000000e-01	  -2.7487171e-01	   8.2014407e+01	   2.0355455e-02	   5.1161526e-13	
   4.2000000e-01	  -2.8025629e-01	   8.3795125e+01	   1.9968359e-02	   5.1098133e-13	
   4.3000000e-01	  -2.8505824e-01	   8.5253184e+01	   1.9596434e-02	   5.1041665e-13	
   4.4000000e-01	  -2.9498731e-01	   8.4767268e+01	   1.9238223e-02	   5.0925104e-13	
   4.5000000e-01	  -3.0817002e-01	   8.2594875e+01	   1.8892461e-02	   5.0770759e-13	
   4.6000000e-01	  -3.1869544e-01	   8.1210355e+01	   1.8558068e-02	   5.0647862e-13	
   4.7000000e-01	  -3.2463189e-01	   8.2996601e+01	   1.8234139e-02	   5.0578678e-13	
   4.8000000e-01	  -3.2962207e-01	   8.4632143e+01	   1.7919935e-02	   5.0520595e-13	
   4.9000000e-01	  -3.3764215e-01	   8.4841454e+01	   1.7614873e-02	   5.0427385e-13	
   5.0000000e-01	  -3.4857666e-01	   8.3904360e+01	   1.7318515e-02	   5.0300580e-13	
   5.1000000e-01	  -3.5924291e-01	   8.2870251e+01	   1.7030555e-02	   5.0177194e-13	
   5.2000000e-01	  -3.6743294e-01	   8.3098231e+01	   1.6750791e-02	   5.0082657e-13	
   5.3000000e-01	  -3.7410124e-01	   8.4025950e+01	   1.6479107e-02	   5.0005818e-13	
   5.4000000e-01	  -3.8185981e-01	   8.4374671e+01	   1.6215440e-02	   4.9916563e-13	
   5.5000000e-01	  -3.9194843e-01	   8.3740495e+01	   1.5959747e-02	   4.9800742e-13	
   5.6000000e-01	  -4.0292914e-01	   8.2487552e+01	   1.5711982e-02	   4.9674985e-13	
   5.7000000e-01	  -4.1227100e-01	   8.2014357e+01	   1.5472069e-02	   4.9568247e-13	
   5.8000000e-01	  -4.1906256e-01	   8.3097738e+01	   1.5239884e-02	   4.9490792e-13	
   5.9000000e-01	  -4.2499293e-01	   8.4318184e+01	   1.5015254e-02	   4.9423258e-13	
   6.0000000e-01	  -4.3258592e-01	   8.4699359e+01	   1.4797950e-02	   4.9336924e-13	
   6.1000000e-01	  -4.4261055e-01	   8.4144360e+01	   1.4587695e-02	   4.9223173e-13	
   6.2000000e-01	  -4.5341838e-01	   8.3120004e+01	   1.4384177e-02	   4.9100829e-13	
   6.3000000e-01	  -4.6280751e-01	   8.2687219e+01	   1.4187057e-02	   4.8994791e-13	
   6.4000000e-01	  -4.7030887e-01	   8.3275746e+01	   1.3995981e-02	   4.8910238e-13	
   6.5000000e-01	  -4.7746818e-01	   8.3941646e+01	   1.3810596e-02	   4.8829676e-13	
   6.6000000e-01	  -4.8600125e-01	   8.3968153e+01	   1.3630551e-02	   4.8733829e-13	
   6.7000000e-01	  -4.9594956e-01	   8.3351594e+01	   1.3455511e-02	   4.8622323e-13	
   6.8000000e-01	  -5.0575238e-01	   8.2719785e+01	   1.3285157e-02	   4.8512697e-13	
   6.9000000e-01	  -5.1399329e-01	   8.2919594e+01	   1.3119192e-02	   4.8420730e-13	
   7.0000000e-01	  -5.2089955e-01	   8.3748326e+01	   1.2957339e-02	   4.8343791e-13	
   7.1000000e-01	  -5.2809658e-01	   8.4330901e+01	   1.2799345e-02	   4.8263743e-13	
   7.2000000e-01	  -5.3698697e-01	   8.4217498e+01	   1.2644979e-02	   4.8165044e-13	
   7.3000000e-01	  -5.4741671e-01	   8.3425291e+01	   1.2494032e-02	   4.8049513e-13	
   7.4000000e-01	  -5.5784990e-01	   8.2459500e+01	   1.2346317e-02	   4.7934221e-13	
   7.5000000e-01	  -5.6677552e-01	   8.2271759e+01	   1.2201666e-02	   4.7835807e-13	
   7.6000000e-01	  -5.7400565e-01	   8.3052928e+01	   1.2059931e-02	   4.7756237e-13	
   7.7000000e-01	  -5.8075579e-01	   8.3920546e+01	   1.1920983e-02	   4.7682068e-13	
   7.8000000e-01	  -5.8855494e-01	   8.4250988e+01	   1.1784711e-02	   4.7596516e-13	
   7.9000000e-01	  -5.9799883e-01	   8.3916488e+01	   1.1651020e-02	   4.7493128e-13	
   8.0000000e-01	  -6.0836084e-01	   8.3117105e+01	   1.1519829e-02	   4.7379947e-13	
   8.1000000e-01	  -6.1827495e-01	   8.2415726e+01	   1.1391073e-02	   4.7271912e-13	
   8.2000000e-01	  -6.2684984e-01	   8.2448230e+01	   1.1264699e-02	   4.7178668e-13	
   8.3000000e-01	  -6.3430877e-01	   8.3084439e+01	   1.1140662e-02	   4.7097709e-13	
   8.4000000e-01	  -6.4170579e-01	   8.3665518e+01	   1.1018928e-02	   4.7017559e-13	
   8.5000000e-01	  -6.5002695e-01	   8.3799684e+01	   1.0899468e-02	   4.6927559e-13	
   8.6000000e-01	  -6.5942972e-01	   8.3458766e+01	   1.0782258e-02	   4.6826068e-13	
   8.7000000e-01	  -6.6919728e-01	   8.2904961e+01	   1.0667275e-02	   4.6720871e-13	
   8.8000000e-01	  -6.7838315e-01	   8.2610525e+01	   1.0554498e-02	   4.6622155e-13	
   8.9000000e-01	  -6.8658788e-01	   8.2846691e+01	   1.0443906e-02	   4.6534159e-13	
   9.0000000e-01	  -6.9424485e-01	   8.3335531e+01	   1.0335475e-02	   4.6452188e-13	
   9.1000000e-01	  -7.0222311e-01	   8.3635355e+01	   1.0229178e-02	   4.6366931e-13	
   9.2000000e-01	  -7.1110975e-01	   8.3526292e+01	   1.0124987e-02	   4.6272151e-13	
   9.3000000e-01	  -7.2075924e-01	   8.3050648e+01	   1.0022869e-02	   4.6169454e-13	
   9.4000000e-01	  -7.3044060e-01	   8.2501166e+01	   9.9227900e-03	   4.6066647e-13	
   9.5000000e-01	  -7.3942197e-01	   8.2308114e+01	   9.8247122e-03	   4.5971478e-13	
   9.6000000e-01	  -7.4750974e-01	   8.2624984e+01	   9.7285962e-03	   4.5885946e-13	
   9.7000000e-01	  -7.5514097e-01	   8.3145980e+01	   9.6344014e-03	   4.5805388e-13	
   9.8000000e-01	  -7.6301042e-01	   8.3504893e+01	   9.5420860e-03	   4.5722463e-13	
   9.9000000e-01	  -7.7156489e-01	   8.3543982e+01	   9.4516080e-03	   4.5632490e-13	
   1.0000000e+00	  -7.8074661e-01	   8.3300863e+01	   9.3629255e-03	   4.5536117e-13	
