   0.0000000e+00	   0.0000000e+00	   0.0000000e+00	   1.0494312e-01	   5.4504287e-13	
   1.0000000e-02	   2.7423530e-03	   8.2195154e+01	   8.8456638e-02	   5.4538714e-13	
   2.0000000e-02	   8.5487126e-03	   8.6533093e+01	   7.7158877e-02	   5.4611679e-13	
   3.0000000e-02	   1.6990762e-02	   8.9194931e+01	   6.8859543e-02	   5.4717940e-13	
   4.0000000e-02	   2.4692109e-02	   9.0819042e+01	   6.2395277e-02	   5.4815057e-13	
   5.0000000e-02	   1.1423188e-02	   9.0087888e+01	   5.7263884e-02	   5.4647837e-13	
   6.0000000e-02	   1.1378450e-02	   9.0816334e+01	   5.3080001e-02	   5.4647274e-13	
   7.0000000e-02	  -1.2179638e-02	   8.8786047e+01	   4.9544675e-02	   5.4351645e-13	
   8.0000000e-02	  -1.7309985e-02	   8.9115400e+01	   4.6493515e-02	   5.4287477e-13	
   9.0000000e-02	  -3.2921257e-02	   8.7743942e+01	   4.3844159e-02	   5.4092684e-13	
   1.0000000e-01	  -5.1044807e-02	   8.4933590e+01	   4.1536390e-02	   5.3867420e-13	
   1.1000000e-01	  -5.1008625e-02	   8.7191792e+01	   3.9510630e-02	   5.3867869e-13	
   1.2000000e-01	  -5.5436558e-02	   8.7910286e+01	   3.7711413e-02	   5.3812975e-13	
   1.3000000e-01	  -6.8929314e-02	   8.6719768e+01	   3.6092767e-02	   5.3646047e-13	
   1.4000000e-01	  -7.5897697e-02	   8.6987928e+01	   3.4619080e-02	   5.3560040e-13	
   1.5000000e-01	  -7.1657373e-02	   8.9204772e+01	   3.3263979e-02	   5.3612360e-13	
   1.6000000e-01	  -6.4115088e-02	   9.0988242e+01	   3.2009091e-02	   5.3705548e-13	
   1.7000000e-01	  -5.8992944e-02	   9.2078840e+01	   3.0842765e-02	   5.3768926e-13	
   1.8000000e-01	  -5.4299386e-02	   9.2925862e+01	   2.9758264e-02	   5.3827068e-13	
   1.9000000e-01	  -4.5348117e-02	   9.3847352e+01	   2.8751426e-02	   5.3938125e-13	
   2.0000000e-01	  -2.9556445e-02	   9.4879485e+01	   2.7818429e-02	   5.4134610e-13	
   2.1000000e-01	  -6.1695119e-03	   9.5950323e+01	   2.6954462e-02	   5.4426914e-13	
   2.2000000e-01	   2.5990003e-02	   9.7025066e+01	   2.6153508e-02	   5.4831441e-13	
   2.3000000e-01	   6.9228180e-02	   9.8102565e+01	   2.5408888e-02	   5.5380067e-13	
   2.4000000e-01	   1.2603472e-01	   9.9176926e+01	   2.4713961e-02	   5.6109207e-13	
   2.5000000e-01	   1.9800273e-01	   1.0022896e+02	   2.4062645e-02	   5.7046753e-13	
   2.6000000e-01	   2.8554768e-01	   1.0123783e+02	   2.3449657e-02	   5.8208369e-13	
   2.7000000e-01	   3.8837606e-01	   1.0219135e+02	   2.2870540e-02	   5.9603020e-13	
   2.8000000e-01	   5.0620356e-01	   1.0308809e+02	   2.2321589e-02	   6.1242233e-13	
   2.9000000e-01	   6.3928370e-01	   1.0393428e+02	   2.1799731e-02	   6.3147917e-13	
   3.0000000e-01	   7.8857478e-01	   1.0473963e+02	   2.1302421e-02	   6.5356402e-13	
   3.1000000e-01	   9.5561059e-01	   1.0551409e+02	   2.0827541e-02	   6.7919068e-13	
   3.2000000e-01	   1.1422499e+00	   1.0626618e+02	   2.0373327e-02	   7.0901537e-13	
   3.3000000e-01	   1.3504668e+00	   1.0700253e+02	   1.9938304e-02	   7.4383626e-13	
   3.4000000e-01	   1.5822574e+00	   1.0772830e+02	   1.9521219e-02	   7.8461462e-13	
   3.5000000e-01	   1.8396259e+00	   1.0844761e+02	   1.9120992e-02	   8.3251726e-13	
   3.6000000e-01	   2.1245310e+00	   1.0916386e+02	   1.8736662e-02	   8.8896315e-13	
   3.7000000e-01	   2.4386531e+00	   1.0987946e+02	   1.8367356e-02	   9.5564362e-13	
   3.8000000e-01	   2.7829253e+00	   1.1059535e+02	   1.8012250e-02	   1.0344826e-12	
   3.9000000e-01	   3.1569275e+00	   1.1131045e+02	   1.7670562e-02	   1.1275178e-12	
   4.0000000e-01	   3.5583962e+00	   1.1202157e+02	   1.7341533e-02	   1.2367169e-12	
   4.1000000e-01	   3.9831509e+00	   1.1272391e+02	   1.7024431e-02	   1.3637845e-12	
   4.2000000e-01	   4.4256119e+00	   1.1341211e+02	   1.6718545e-02	   1.5100518e-12	
   4.3000000e-01	   4.8798474e+00	   1.1408161e+02	   1.6423195e-02	   1.6765457e-12	
   4.4000000e-01	   5.3408659e+00	   1.1472996e+02	   1.6137728e-02	   1.8643062e-12	
   4.5000000e-01	   5.8057751e+00	   1.1535765e+02	   1.5861526e-02	   2.0749525e-12	
   4.6000000e-01	   6.2744866e+00	   1.1596839e+02	   1.5594004e-02	   2.3114224e-12	
   4.7000000e-01	   6.7497886e+00	   1.1656873e+02	   1.5334620e-02	   2.5787516e-12	
   4.8000000e-01	   7.2367810e+00	   1.1716706e+02	   1.5082878e-02	   2.8847539e-12	
   4.9000000e-01	   7.7418336e+00	   1.1777241e+02	   1.4838326e-02	   3.2405149e-12	
   5.0000000e-01	   8.2713517e+00	   1.1839299e+02	   1.4600571e-02	   3.6607143e-12	
   5.1000000e-01	   8.8306758e+00	   1.1903525e+02	   1.4369271e-02	   4.1638803e-12	
   5.2000000e-01	   9.4233564e+00	   1.1970330e+02	   1.4144143e-02	   4.7727238e-12	
   5.3000000e-01	   1.0050861e+01	   1.2039881e+02	   1.3924960e-02	   5.5146346e-12	
   5.4000000e-01	   1.0712580e+01	   1.2112126e+02	   1.3711544e-02	   6.4222716e-12	
   5.5000000e-01	   1.1405948e+01	   1.2186821e+02	   1.3503763e-02	   7.5339967e-12	
   5.6000000e-01	   1.2126571e+01	   1.2263547e+02	   1.3301517e-02	   8.8938079e-12	
   5.7000000e-01	   1.2868430e+01	   1.2341737e+02	   1.3104732e-02	   1.0550516e-11	
   5.8000000e-01	   1.3624276e+01	   1.2420716e+02	   1.2913345e-02	   1.2556202e-11	
   5.9000000e-01	   1.4386281e+01	   1.2499761e+02	   1.2727299e-02	   1.4964383e-11	
   6.0000000e-01	   1.5146851e+01	   1.2578179e+02	   1.2546528e-02	   1.7828540e-11	
   6.1000000e-01	   1.5899369e+01	   1.2655377e+02	   1.2370958e-02	   2.1201549e-11	
   6.2000000e-01	   1.6638641e+01	   1.2730902e+02	   1.2200496e-02	   2.5135916e-11	
   6.3000000e-01	   1.7360904e+01	   1.2804439e+02	   1.2035037e-02	   2.9683906e-11	
   6.4000000e-01	   1.8063445e+01	   1.2875768e+02	   1.1874459e-02	   3.4895963e-11	
   6.5000000e-01	   1.8743980e+01	   1.2944705e+02	   1.1718627e-02	   4.0815832e-11	
   6.6000000e-01	   1.9400043e+01	   1.3011037e+02	   1.1567394e-02	   4.7471721e-11	
   6.7000000e-01	   2.0028604e+01	   1.3074489e+02	   1.1420607e-02	   5.4864449e-11	
   6.8000000e-01	   2.0626007e+01	   1.3134720e+02	   1.1278107e-02	   6.2955169e-11	
   6.9000000e-01	   2.1188234e+01	   1.3191344e+02	   1.1139732e-02	   7.1656253e-11	
   7.0000000e-01	   2.1711344e+01	   1.3243983e+02	   1.1005318e-02	   8.0828602e-11	
   7.1000000e-01	   2.2191957e+01	   1.3292312e+02	   1.0874700e-02	   9.0287227e-11	
   7.2000000e-01	   2.2627642e+01	   1.3336097e+02	   1.0747715e-02	   9.9814782e-11	
   7.3000000e-01	   2.3017156e+01	   1.3375225e+02	   1.0624200e-02	   1.0918080e-10	
   7.4000000e-01	   2.3360517e+01	   1.3409702e+02	   1.0503993e-02	   1.1816324e-10	
   7.5000000e-01	   2.3658966e+01	   1.3439661e+02	   1.0386932e-02	   1.2656897e-10	
   7.6000000e-01	   2.3914854e+01	   1.3465341e+02	   1.0272861e-02	   1.3425054e-10	
   7.7000000e-01	   2.4131511e+01	   1.3487079e+02	   1.0161622e-02	   1.4111779e-10	
   7.8000000e-01	   2.4313102e+01	   1.3505295e+02	   1.0053062e-02	   1.4714343e-10	
   7.9000000e-01	   2.4464475e+01	   1.3520478e+02	   9.9470301e-03	   1.5236253e-10	
   8.0000000e-01	   2.4590967e+01	   1.3533163e+02	   9.8433797e-03	   1.5686547e-10	
   8.1000000e-01	   2.4698139e+01	   1.3543909e+02	   9.7419680e-03	   1.6078465e-10	
   8.2000000e-01	   2.4791424e+01	   1.3553261e+02	   9.6426566e-03	   1.6427562e-10	
   8.3000000e-01	   2.4875703e+01	   1.3561711e+02	   9.5453122e-03	   1.6749467e-10	
   8.4000000e-01	   2.4954881e+01	   1.3569648e+02	   9.4498071e-03	   1.7057632e-10	
   8.5000000e-01	   2.5031557e+01	   1.3577335e+02	   9.3560190e-03	   1.7361465e-10	
   8.6000000e-01	   2.5106895e+01	   1.3584888e+02	   9.2638324e-03	   1.7665263e-10	
   8.7000000e-01	   2.5180726e+01	   1.3592292e+02	   9.1731380e-03	   1.7968148e-10	
   8.8000000e-01	   2.5251885e+01	   1.3599428e+02	   9.0838340e-03	   1.8264979e-10	
   8.9000000e-01	   2.5318651e+01	   1.3606126e+02	   8.9958262e-03	   1.8547943e-10	
   9.0000000e-01	   2.5379192e+01	   1.3612201e+02	   8.9090284e-03	   1.8808315e-10	
   9.1000000e-01	   2.5431881e+01	   1.3617491e+02	   8.8233636e-03	   1.9037888e-10	
   9.2000000e-01	   2.5475429e+01	   1.3621866e+02	   8.7387636e-03	   1.9229748e-10	
   9.3000000e-01	   2.5508865e+01	   1.3625230e+02	   8.6551705e-03	   1.9378366e-10	
   9.4000000e-01	   2.5531425e+01	   1.3627505e+02	   8.5725366e-03	   1.9479290e-10	
   9.5000000e-01	   2.5542471e+01	   1.3628628e+02	   8.4908250e-03	   1.9528900e-10	
   9.6000000e-01	   2.5541529e+01	   1.3628551e+02	   8.4100099e-03	   1.9524664e-10	
   9.7000000e-01	   2.5528468e+01	   1.3627260e+02	   8.3300769e-03	   1.9466034e-10	
   9.8000000e-01	   2.5503800e+01	   1.3624807e+02	   8.2510223e-03	   1.9355778e-10	
   9.9000000e-01	   2.5468977e+01	   1.3621337e+02	   8.1728534e-03	   1.9201199e-10	
   1.0000000e+00	   2.5426562e+01	   1.3617106e+02	   8.0955870e-03	   1.9014584e-10	
