   0.0000000e+00	   0.0000000e+00	   0.0000000e+00	   1.0494312e-01	   5.4504287e-13	
   1.0000000e-02	   2.7815950e-03	   8.2267849e+01	   8.8456638e-02	   5.4539207e-13	
   2.0000000e-02	   8.2958977e-03	   8.6508398e+01	   7.7158877e-02	   5.4608500e-13	
   3.0000000e-02	   1.5344587e-02	   8.8993631e+01	   6.8859543e-02	   5.4697203e-13	
   4.0000000e-02	   2.1876482e-02	   9.0572462e+01	   6.2395277e-02	   5.4779531e-13	
   5.0000000e-02	   7.0678704e-03	   8.9589849e+01	   5.7263884e-02	   5.4593061e-13	
   6.0000000e-02	   4.7073483e-03	   9.0145237e+01	   5.3080001e-02	   5.4563396e-13	
   7.0000000e-02	  -1.9338508e-02	   8.7536445e+01	   4.9544675e-02	   5.4262126e-13	
   8.0000000e-02	  -2.3595124e-02	   8.8140255e+01	   4.6493515e-02	   5.4208969e-13	
   9.0000000e-02	  -4.1158686e-02	   8.5754641e+01	   4.3844159e-02	   5.3990182e-13	
   1.0000000e-01	  -5.5139552e-02	   8.3106703e+01	   4.1536390e-02	   5.3816655e-13	
   1.1000000e-01	  -5.2844028e-02	   8.6819168e+01	   3.9510630e-02	   5.3845109e-13	
   1.2000000e-01	  -5.8517281e-02	   8.7341791e+01	   3.7711413e-02	   5.3774816e-13	
   1.3000000e-01	  -6.9320034e-02	   8.6687243e+01	   3.6092767e-02	   5.3641221e-13	
   1.4000000e-01	  -7.0613623e-02	   8.8135792e+01	   3.4619080e-02	   5.3625246e-13	
   1.5000000e-01	  -6.3858011e-02	   9.0235409e+01	   3.3263979e-02	   5.3708727e-13	
   1.6000000e-01	  -5.7794335e-02	   9.1591422e+01	   3.2009091e-02	   5.3783768e-13	
   1.7000000e-01	  -5.4061978e-02	   9.2471553e+01	   3.0842765e-02	   5.3830010e-13	
   1.8000000e-01	  -4.8267373e-02	   9.3319874e+01	   2.9758264e-02	   5.3901881e-13	
   1.9000000e-01	  -3.7385433e-02	   9.4263424e+01	   2.8751426e-02	   5.4037110e-13	
   2.0000000e-01	  -2.1537347e-02	   9.5221677e+01	   2.7818429e-02	   5.4234660e-13	
   2.1000000e-01	  -7.4179466e-04	   9.6154568e+01	   2.6954462e-02	   5.4494978e-13	
   2.2000000e-01	   2.7138248e-02	   9.7094742e+01	   2.6153508e-02	   5.4845940e-13	
   2.3000000e-01	   6.5280620e-02	   9.8069878e+01	   2.5408888e-02	   5.5329752e-13	
   2.4000000e-01	   1.1583451e-01	   9.9064623e+01	   2.4713961e-02	   5.5977579e-13	
   2.5000000e-01	   1.7897593e-01	   1.0003945e+02	   2.4062645e-02	   5.6797373e-13	
   2.6000000e-01	   2.5336784e-01	   1.0096059e+02	   2.3449657e-02	   5.7778657e-13	
   2.7000000e-01	   3.3727877e-01	   1.0181300e+02	   2.2870540e-02	   5.8905865e-13	
   2.8000000e-01	   4.2959076e-01	   1.0259853e+02	   2.2321589e-02	   6.0171347e-13	
   2.9000000e-01	   5.3031407e-01	   1.0332902e+02	   2.1799731e-02	   6.1583174e-13	
   3.0000000e-01	   6.4059362e-01	   1.0401982e+02	   2.1302421e-02	   6.3166967e-13	
   3.1000000e-01	   7.6239485e-01	   1.0468543e+02	   2.0827541e-02	   6.4963609e-13	
   3.2000000e-01	   8.9810611e-01	   1.0533738e+02	   2.0373327e-02	   6.7025686e-13	
   3.3000000e-01	   1.0502444e+00	   1.0598382e+02	   1.9938304e-02	   6.9415283e-13	
   3.4000000e-01	   1.2213518e+00	   1.0663028e+02	   1.9521219e-02	   7.2204761e-13	
   3.5000000e-01	   1.4140525e+00	   1.0728078e+02	   1.9120992e-02	   7.5480699e-13	
   3.6000000e-01	   1.6311348e+00	   1.0793854e+02	   1.8736662e-02	   7.9349490e-13	
   3.7000000e-01	   1.8754701e+00	   1.0860609e+02	   1.8367356e-02	   8.3941683e-13	
   3.8000000e-01	   2.1496302e+00	   1.0928470e+02	   1.8012250e-02	   8.9411562e-13	
   3.9000000e-01	   2.4552154e+00	   1.0997350e+02	   1.7670562e-02	   9.5929504e-13	
   4.0000000e-01	   2.7921205e+00	   1.1066907e+02	   1.7341533e-02	   1.0366752e-12	
   4.1000000e-01	   3.1581035e+00	   1.1136570e+02	   1.7024431e-02	   1.1278232e-12	
   4.2000000e-01	   3.5489770e+00	   1.1205658e+02	   1.6718545e-02	   1.2340375e-12	
   4.3000000e-01	   3.9594927e+00	   1.1273543e+02	   1.6423195e-02	   1.3563755e-12	
   4.4000000e-01	   4.3846831e+00	   1.1339816e+02	   1.6137728e-02	   1.4958876e-12	
   4.5000000e-01	   4.8212157e+00	   1.1404397e+02	   1.5861526e-02	   1.6540637e-12	
   4.6000000e-01	   5.2683142e+00	   1.1467568e+02	   1.5594004e-02	   1.8334205e-12	
   4.7000000e-01	   5.7279556e+00	   1.1529919e+02	   1.5334620e-02	   2.0381034e-12	
   4.8000000e-01	   6.2042861e+00	   1.1592228e+02	   1.5082878e-02	   2.2743603e-12	
   4.9000000e-01	   6.7024465e+00	   1.1655296e+02	   1.4838326e-02	   2.5507936e-12	
   5.0000000e-01	   7.2271887e+00	   1.1719790e+02	   1.4600571e-02	   2.8783893e-12	
   5.1000000e-01	   7.7817384e+00	   1.1786142e+02	   1.4369271e-02	   3.2704273e-12	
   5.2000000e-01	   8.3672399e+00	   1.1854518e+02	   1.4144143e-02	   3.7424383e-12	
   5.3000000e-01	   8.9828388e+00	   1.1924861e+02	   1.3924960e-02	   4.3123554e-12	
   5.4000000e-01	   9.6261714e+00	   1.1996965e+02	   1.3711544e-02	   5.0008958e-12	
   5.5000000e-01	   1.0293902e+01	   1.2070540e+02	   1.3503763e-02	   5.8320451e-12	
   5.6000000e-01	   1.0982055e+01	   1.2145250e+02	   1.3301517e-02	   6.8333897e-12	
   5.7000000e-01	   1.1686112e+01	   1.2220716e+02	   1.3104732e-02	   8.0360350e-12	
   5.8000000e-01	   1.2401032e+01	   1.2296514e+02	   1.2913345e-02	   9.4740113e-12	
   5.9000000e-01	   1.3121411e+01	   1.2372185e+02	   1.2727299e-02	   1.1183345e-11	
   6.0000000e-01	   1.3841829e+01	   1.2447273e+02	   1.2546528e-02	   1.3201205e-11	
   6.1000000e-01	   1.4557343e+01	   1.2521365e+02	   1.2370958e-02	   1.5565567e-11	
   6.2000000e-01	   1.5263881e+01	   1.2594130e+02	   1.2200496e-02	   1.8315498e-11	
   6.3000000e-01	   1.5958392e+01	   1.2665334e+02	   1.2035037e-02	   2.1491657e-11	
   6.4000000e-01	   1.6638659e+01	   1.2734815e+02	   1.1874460e-02	   2.5136023e-11	
   6.5000000e-01	   1.7302845e+01	   1.2802442e+02	   1.1718627e-02	   2.9289715e-11	
   6.6000000e-01	   1.7948967e+01	   1.2868059e+02	   1.1567394e-02	   3.3988139e-11	
   6.7000000e-01	   1.8574495e+01	   1.2931447e+02	   1.1420607e-02	   3.9253657e-11	
   6.8000000e-01	   1.9176213e+01	   1.2992313e+02	   1.1278107e-02	   4.5087064e-11	
   6.9000000e-01	   1.9750393e+01	   1.3050306e+02	   1.1139732e-02	   5.1460018e-11	
   7.0000000e-01	   2.0293174e+01	   1.3105061e+02	   1.1005318e-02	   5.8310673e-11	
   7.1000000e-01	   2.0801032e+01	   1.3156239e+02	   1.0874700e-02	   6.5544139e-11	
   7.2000000e-01	   2.1271192e+01	   1.3203579e+02	   1.0747715e-02	   7.3038159e-11	
   7.3000000e-01	   2.1701906e+01	   1.3246917e+02	   1.0624200e-02	   8.0653144e-11	
   7.4000000e-01	   2.2092584e+01	   1.3286203e+02	   1.0503993e-02	   8.8244791e-11	
   7.5000000e-01	   2.2443782e+01	   1.3321503e+02	   1.0386933e-02	   9.5677295e-11	
   7.6000000e-01	   2.2757121e+01	   1.3352985e+02	   1.0272861e-02	   1.0283543e-10	
   7.7000000e-01	   2.3035159e+01	   1.3380911e+02	   1.0161622e-02	   1.0963434e-10	
   7.8000000e-01	   2.3281260e+01	   1.3405622e+02	   1.0053062e-02	   1.1602635e-10	
   7.9000000e-01	   2.3499446e+01	   1.3427525e+02	   9.9470302e-03	   1.2200434e-10	
   8.0000000e-01	   2.3694237e+01	   1.3447075e+02	   9.8433798e-03	   1.2760108e-10	
   8.1000000e-01	   2.3870427e+01	   1.3464756e+02	   9.7419681e-03	   1.3288419e-10	
   8.2000000e-01	   2.4032801e+01	   1.3481048e+02	   9.6426567e-03	   1.3794651e-10	
   8.3000000e-01	   2.4185787e+01	   1.3496396e+02	   9.5453123e-03	   1.4289247e-10	
   8.4000000e-01	   2.4333094e+01	   1.3511172e+02	   9.4498072e-03	   1.4782234e-10	
   8.5000000e-01	   2.4477409e+01	   1.3525648e+02	   9.3560191e-03	   1.5281697e-10	
   8.6000000e-01	   2.4620233e+01	   1.3539973e+02	   9.2638324e-03	   1.5792613e-10	
   8.7000000e-01	   2.4761913e+01	   1.3554183e+02	   9.1731380e-03	   1.6316309e-10	
   8.8000000e-01	   2.4901862e+01	   1.3568220e+02	   9.0838340e-03	   1.6850660e-10	
   8.9000000e-01	   2.5038922e+01	   1.3581966e+02	   8.9958262e-03	   1.7390932e-10	
   9.0000000e-01	   2.5171738e+01	   1.3595288e+02	   8.9090284e-03	   1.7930997e-10	
   9.1000000e-01	   2.5299075e+01	   1.3608060e+02	   8.8233636e-03	   1.8464525e-10	
   9.2000000e-01	   2.5419984e+01	   1.3620189e+02	   8.7387636e-03	   1.8985805e-10	
   9.3000000e-01	   2.5533811e+01	   1.3631607e+02	   8.6551704e-03	   1.9489996e-10	
   9.4000000e-01	   2.5640097e+01	   1.3642271e+02	   8.5725365e-03	   1.9972864e-10	
   9.5000000e-01	   2.5738441e+01	   1.3652139e+02	   8.4908248e-03	   2.0430300e-10	
   9.6000000e-01	   2.5828422e+01	   1.3661169e+02	   8.4100097e-03	   2.0858007e-10	
   9.7000000e-01	   2.5909636e+01	   1.3669320e+02	   8.3300767e-03	   2.1251727e-10	
   9.8000000e-01	   2.5981861e+01	   1.3676570e+02	   8.2510221e-03	   2.1608109e-10	
   9.9000000e-01	   2.6045299e+01	   1.3682940e+02	   8.1728531e-03	   2.1926058e-10	
   1.0000000e+00	   2.6100803e+01	   1.3688514e+02	   8.0955867e-03	   2.2208075e-10	
