   0.0000000e+00	   0.0000000e+00	   0.0000000e+00	   1.0494312e-01	   5.4504287e-13	
   1.0000000e-02	   2.8048045e-03	   8.2309775e+01	   8.8456638e-02	   5.4539498e-13	
   2.0000000e-02	   8.1511848e-03	   8.6493712e+01	   7.7158877e-02	   5.4606681e-13	
   3.0000000e-02	   1.4392595e-02	   8.8870557e+01	   6.8859543e-02	   5.4685214e-13	
   4.0000000e-02	   2.0223268e-02	   9.0417827e+01	   6.2395277e-02	   5.4758682e-13	
   5.0000000e-02	   4.7021703e-03	   8.9290273e+01	   5.7263884e-02	   5.4563331e-13	
   6.0000000e-02	   1.0371143e-03	   8.9721498e+01	   5.3080001e-02	   5.4517304e-13	
   7.0000000e-02	  -2.2814257e-02	   8.6763566e+01	   4.9544675e-02	   5.4218717e-13	
   8.0000000e-02	  -2.6581028e-02	   8.7584602e+01	   4.6493515e-02	   5.4171711e-13	
   9.0000000e-02	  -4.4730748e-02	   8.4486335e+01	   4.3844159e-02	   5.3945793e-13	
   1.0000000e-01	  -5.5890241e-02	   8.2698462e+01	   4.1536390e-02	   5.3807354e-13	
   1.1000000e-01	  -5.2667257e-02	   8.6896782e+01	   3.9510630e-02	   5.3847300e-13	
   1.2000000e-01	  -5.8805910e-02	   8.7312756e+01	   3.7711413e-02	   5.3771242e-13	
   1.3000000e-01	  -6.7509806e-02	   8.7159276e+01	   3.6092767e-02	   5.3663585e-13	
   1.4000000e-01	  -6.6073911e-02	   8.8922287e+01	   3.4619080e-02	   5.3681330e-13	
   1.5000000e-01	  -5.9158618e-02	   9.0761650e+01	   3.3263979e-02	   5.3766875e-13	
   1.6000000e-01	  -5.4674698e-02	   9.1868174e+01	   3.2009091e-02	   5.3822416e-13	
   1.7000000e-01	  -5.1776767e-02	   9.2649406e+01	   3.0842765e-02	   5.3858342e-13	
   1.8000000e-01	  -4.5780952e-02	   9.3481655e+01	   2.9758264e-02	   5.3932750e-13	
   1.9000000e-01	  -3.5366110e-02	   9.4378363e+01	   2.8751426e-02	   5.4062242e-13	
   2.0000000e-01	  -2.1815689e-02	   9.5236933e+01	   2.7818429e-02	   5.4231185e-13	
   2.1000000e-01	  -4.7679638e-03	   9.6060675e+01	   2.6954462e-02	   5.4444481e-13	
   2.2000000e-01	   1.8778984e-02	   9.6917568e+01	   2.6153508e-02	   5.4740475e-13	
   2.3000000e-01	   5.2145055e-02	   9.7837140e+01	   2.5408888e-02	   5.5162656e-13	
   2.4000000e-01	   9.6700911e-02	   9.8786043e+01	   2.4713961e-02	   5.5731502e-13	
   2.5000000e-01	   1.5145789e-01	   9.9708738e+01	   2.4062645e-02	   5.6438628e-13	
   2.6000000e-01	   2.1410422e-01	   1.0056559e+02	   2.3449657e-02	   5.7258647e-13	
   2.7000000e-01	   2.8238635e-01	   1.0134295e+02	   2.2870540e-02	   5.8166013e-13	
   2.8000000e-01	   3.5508812e-01	   1.0204700e+02	   2.2321589e-02	   5.9147919e-13	
   2.9000000e-01	   4.3238765e-01	   1.0269436e+02	   2.1799731e-02	   6.0210111e-13	
   3.0000000e-01	   5.1570469e-01	   1.0330461e+02	   2.1302421e-02	   6.1376360e-13	
   3.1000000e-01	   6.0727767e-01	   1.0389547e+02	   2.0827541e-02	   6.2684249e-13	
   3.2000000e-01	   7.0970752e-01	   1.0448041e+02	   2.0373327e-02	   6.4180251e-13	
   3.3000000e-01	   8.2564158e-01	   1.0506837e+02	   1.9938304e-02	   6.5916603e-13	
   3.4000000e-01	   9.5767874e-01	   1.0566469e+02	   1.9521219e-02	   6.7951419e-13	
   3.5000000e-01	   1.1084716e+00	   1.0627273e+02	   1.9120992e-02	   7.0352223e-13	
   3.6000000e-01	   1.2808974e+00	   1.0689505e+02	   1.8736662e-02	   7.3201571e-13	
   3.7000000e-01	   1.4781006e+00	   1.0753378e+02	   1.8367356e-02	   7.6602108e-13	
   3.8000000e-01	   1.7032299e+00	   1.0819009e+02	   1.8012250e-02	   8.0677727e-13	
   3.9000000e-01	   1.9588210e+00	   1.0886310e+02	   1.7670562e-02	   8.5568271e-13	
   4.0000000e-01	   2.2459957e+00	   1.0954916e+02	   1.7341533e-02	   9.1417687e-13	
   4.1000000e-01	   2.5638355e+00	   1.1024192e+02	   1.7024431e-02	   9.8359023e-13	
   4.2000000e-01	   2.9093091e+00	   1.1093349e+02	   1.6718545e-02	   1.0650293e-12	
   4.3000000e-01	   3.2779336e+00	   1.1161630e+02	   1.6423195e-02	   1.1593752e-12	
   4.4000000e-01	   3.6650129e+00	   1.1228493e+02	   1.6137728e-02	   1.2674532e-12	
   4.5000000e-01	   4.0670344e+00	   1.1293745e+02	   1.5861526e-02	   1.3903819e-12	
   4.6000000e-01	   4.4827276e+00	   1.1357583e+02	   1.5594004e-02	   1.5300422e-12	
   4.7000000e-01	   4.9134229e+00	   1.1420542e+02	   1.5334620e-02	   1.6895574e-12	
   4.8000000e-01	   5.3625924e+00	   1.1483359e+02	   1.5082878e-02	   1.8736562e-12	
   4.9000000e-01	   5.8347315e+00	   1.1546799e+02	   1.4838326e-02	   2.0888334e-12	
   5.0000000e-01	   6.3339673e+00	   1.1611486e+02	   1.4600571e-02	   2.3432973e-12	
   5.1000000e-01	   6.8628861e+00	   1.1677792e+02	   1.4369271e-02	   2.6467887e-12	
   5.2000000e-01	   7.4219635e+00	   1.1745815e+02	   1.4144143e-02	   3.0104194e-12	
   5.3000000e-01	   8.0096937e+00	   1.1815429e+02	   1.3924960e-02	   3.4466726e-12	
   5.4000000e-01	   8.6231937e+00	   1.1886381e+02	   1.3711544e-02	   3.9696300e-12	
   5.5000000e-01	   9.2588892e+00	   1.1958368e+02	   1.3503763e-02	   4.5953604e-12	
   5.6000000e-01	   9.9129649e+00	   1.2031090e+02	   1.3301517e-02	   5.3422862e-12	
   5.7000000e-01	   1.0581490e+01	   1.2104246e+02	   1.3104732e-02	   6.2313147e-12	
   5.8000000e-01	   1.1260356e+01	   1.2177526e+02	   1.2913345e-02	   7.2856157e-12	
   5.9000000e-01	   1.1945245e+01	   1.2250600e+02	   1.2727299e-02	   8.5301211e-12	
   6.0000000e-01	   1.2631788e+01	   1.2323130e+02	   1.2546528e-02	   9.9910118e-12	
   6.1000000e-01	   1.3315886e+01	   1.2394801e+02	   1.2370958e-02	   1.1695512e-11	
   6.2000000e-01	   1.3994057e+01	   1.2465354e+02	   1.2200496e-02	   1.3672135e-11	
   6.3000000e-01	   1.4663613e+01	   1.2534602e+02	   1.2035038e-02	   1.5951150e-11	
   6.4000000e-01	   1.5322564e+01	   1.2602417e+02	   1.1874460e-02	   1.8564663e-11	
   6.5000000e-01	   1.5969256e+01	   1.2668696e+02	   1.1718627e-02	   2.1545486e-11	
   6.6000000e-01	   1.6601906e+01	   1.2733310e+02	   1.1567394e-02	   2.4924204e-11	
   6.7000000e-01	   1.7218203e+01	   1.2796070e+02	   1.1420607e-02	   2.8724402e-11	
   6.8000000e-01	   1.7815143e+01	   1.2856711e+02	   1.1278107e-02	   3.2956798e-11	
   6.9000000e-01	   1.8389146e+01	   1.2914903e+02	   1.1139732e-02	   3.7613631e-11	
   7.0000000e-01	   1.8936397e+01	   1.2970288e+02	   1.1005318e-02	   4.2664868e-11	
   7.1000000e-01	   1.9453298e+01	   1.3022527e+02	   1.0874700e-02	   4.8057416e-11	
   7.2000000e-01	   1.9936877e+01	   1.3071341e+02	   1.0747716e-02	   5.3717818e-11	
   7.3000000e-01	   2.0385096e+01	   1.3116541e+02	   1.0624200e-02	   5.9558023e-11	
   7.4000000e-01	   2.0796995e+01	   1.3158045e+02	   1.0503993e-02	   6.5483233e-11	
   7.5000000e-01	   2.1172709e+01	   1.3195877e+02	   1.0386933e-02	   7.1400542e-11	
   7.6000000e-01	   2.1513401e+01	   1.3230163e+02	   1.0272861e-02	   7.7227276e-11	
   7.7000000e-01	   2.1821146e+01	   1.3261119e+02	   1.0161622e-02	   8.2898230e-11	
   7.8000000e-01	   2.2098807e+01	   1.3289037e+02	   1.0053062e-02	   8.8371314e-11	
   7.9000000e-01	   2.2349899e+01	   1.3314275e+02	   9.9470304e-03	   9.3631203e-11	
   8.0000000e-01	   2.2578448e+01	   1.3337241e+02	   9.8433800e-03	   9.8690516e-11	
   8.1000000e-01	   2.2788787e+01	   1.3358371e+02	   9.7419682e-03	   1.0358799e-10	
   8.2000000e-01	   2.2985315e+01	   1.3378110e+02	   9.6426568e-03	   1.0838325e-10	
   8.3000000e-01	   2.3172174e+01	   1.3396874e+02	   9.5453125e-03	   1.1314830e-10	
   8.4000000e-01	   2.3352916e+01	   1.3415021e+02	   9.4498073e-03	   1.1795659e-10	
   8.5000000e-01	   2.3530204e+01	   1.3432818e+02	   9.3560193e-03	   1.2287147e-10	
   8.6000000e-01	   2.3705632e+01	   1.3450426e+02	   9.2638326e-03	   1.2793633e-10	
   8.7000000e-01	   2.3879712e+01	   1.3467898e+02	   9.1731382e-03	   1.3316859e-10	
   8.8000000e-01	   2.4052045e+01	   1.3485192e+02	   9.0838341e-03	   1.3855912e-10	
   8.9000000e-01	   2.4221638e+01	   1.3502210e+02	   8.9958263e-03	   1.4407693e-10	
   9.0000000e-01	   2.4387266e+01	   1.3518830e+02	   8.9090286e-03	   1.4967776e-10	
   9.1000000e-01	   2.4547794e+01	   1.3534937e+02	   8.8233637e-03	   1.5531381e-10	
   9.2000000e-01	   2.4702373e+01	   1.3550446e+02	   8.7387637e-03	   1.6094146e-10	
   9.3000000e-01	   2.4850488e+01	   1.3565307e+02	   8.6551706e-03	   1.6652502e-10	
   9.4000000e-01	   2.4991878e+01	   1.3579493e+02	   8.5725366e-03	   1.7203567e-10	
   9.5000000e-01	   2.5126384e+01	   1.3592989e+02	   8.4908249e-03	   1.7744718e-10	
   9.6000000e-01	   2.5253819e+01	   1.3605774e+02	   8.4100098e-03	   1.8273114e-10	
   9.7000000e-01	   2.5373924e+01	   1.3617825e+02	   8.3300768e-03	   1.8785511e-10	
   9.8000000e-01	   2.5486444e+01	   1.3629114e+02	   8.2510222e-03	   1.9278583e-10	
   9.9000000e-01	   2.5591313e+01	   1.3639635e+02	   8.1728532e-03	   1.9749768e-10	
   1.0000000e+00	   2.5688864e+01	   1.3649422e+02	   8.0955868e-03	   2.0198402e-10	
