   0.0000000e+00	   0.0000000e+00	   0.0000000e+00	   2.0988624e-01	   5.4504287e-13	
   1.0000000e-02	   1.3483138e-02	   8.3490279e+01	   1.5225138e-01	   5.4673764e-13	
   2.0000000e-02	   1.6998589e-02	   8.3822993e+01	   1.2388884e-01	   5.4718038e-13	
   3.0000000e-02	   1.6488638e-02	   8.3566261e+01	   1.0582039e-01	   5.4711614e-13	
   4.0000000e-02	   8.8295021e-03	   7.8409100e+01	   9.3045931e-02	   5.4615210e-13	
   5.0000000e-02	   1.0704222e-02	   8.3516426e+01	   8.3368793e-02	   5.4638791e-13	
   6.0000000e-02	   6.4497880e-03	   8.3767888e+01	   7.5802509e-02	   5.4585292e-13	
   7.0000000e-02	   5.6969257e-03	   8.5747371e+01	   6.9689174e-02	   5.4575830e-13	
   8.0000000e-02	   1.8324728e-03	   8.6452624e+01	   6.4582315e-02	   5.4527289e-13	
   9.0000000e-02	  -1.2991001e-02	   8.3216438e+01	   6.0211041e-02	   5.4341492e-13	
   1.0000000e-01	  -1.6685050e-02	   8.4829740e+01	   5.6425491e-02	   5.4295290e-13	
   1.1000000e-01	  -2.2216670e-02	   8.5499378e+01	   5.3131858e-02	   5.4226178e-13	
   1.2000000e-01	  -2.7146363e-02	   8.6325104e+01	   5.0249644e-02	   5.4164660e-13	
   1.3000000e-01	  -4.6798344e-02	   7.9690225e+01	   4.7704363e-02	   5.3920117e-13	
   1.4000000e-01	  -4.4484458e-02	   8.5792692e+01	   4.5433671e-02	   5.3948853e-13	
   1.5000000e-01	  -4.8228891e-02	   8.6968125e+01	   4.3389443e-02	   5.3902359e-13	
   1.6000000e-01	  -6.7047761e-02	   8.2878969e+01	   4.1535271e-02	   5.3669294e-13	
   1.7000000e-01	  -7.6091812e-02	   8.2215731e+01	   3.9843241e-02	   5.3557646e-13	
   1.8000000e-01	  -7.3853344e-02	   8.6582967e+01	   3.8291501e-02	   5.3585258e-13	
   1.9000000e-01	  -8.2674652e-02	   8.6390756e+01	   3.6862520e-02	   5.3476527e-13	
   2.0000000e-01	  -1.0114278e-01	   8.1715727e+01	   3.5541803e-02	   5.3249604e-13	
   2.1000000e-01	  -1.0898402e-01	   8.1992287e+01	   3.4316980e-02	   5.3153548e-13	
   2.2000000e-01	  -1.0714333e-01	   8.6404476e+01	   3.3177218e-02	   5.3176081e-13	
   2.3000000e-01	  -1.1374051e-01	   8.6829660e+01	   3.2112867e-02	   5.3095365e-13	
   2.4000000e-01	  -1.3127067e-01	   8.3525007e+01	   3.1115282e-02	   5.2881479e-13	
   2.5000000e-01	  -1.4258655e-01	   8.1501616e+01	   3.0176779e-02	   5.2743871e-13	
   2.6000000e-01	  -1.4297083e-01	   8.5547110e+01	   2.9290702e-02	   5.2739205e-13	
   2.7000000e-01	  -1.4781709e-01	   8.6563743e+01	   2.8451525e-02	   5.2680386e-13	
   2.8000000e-01	  -1.6143367e-01	   8.4877102e+01	   2.7654938e-02	   5.2515474e-13	
   2.9000000e-01	  -1.7220322e-01	   8.3809698e+01	   2.6897832e-02	   5.2385409e-13	
   3.0000000e-01	  -1.7833669e-01	   8.4779788e+01	   2.6178155e-02	   5.2311478e-13	
   3.1000000e-01	  -1.8712264e-01	   8.4604741e+01	   2.5494619e-02	   5.2205757e-13	
   3.2000000e-01	  -1.9694452e-01	   8.3965684e+01	   2.4846325e-02	   5.2087823e-13	
   3.3000000e-01	  -2.0329390e-01	   8.4837243e+01	   2.4232390e-02	   5.2011726e-13	
   3.4000000e-01	  -2.1035893e-01	   8.5326949e+01	   2.3651673e-02	   5.1927183e-13	
   3.5000000e-01	  -2.2229898e-01	   8.3908517e+01	   2.3102644e-02	   5.1784616e-13	
   3.6000000e-01	  -2.3443994e-01	   8.1660045e+01	   2.2583397e-02	   5.1640051e-13	
   3.7000000e-01	  -2.4131097e-01	   8.2784431e+01	   2.2091751e-02	   5.1558416e-13	
   3.8000000e-01	  -2.4530971e-01	   8.4923329e+01	   2.1625394e-02	   5.1510965e-13	
   3.9000000e-01	  -2.5227016e-01	   8.5466944e+01	   2.1182011e-02	   5.1428475e-13	
   4.0000000e-01	  -2.6322946e-01	   8.4574566e+01	   2.0759384e-02	   5.1298860e-13	
   4.1000000e-01	  -2.7418568e-01	   8.3464253e+01	   2.0355455e-02	   5.1169608e-13	
   4.2000000e-01	  -2.8192328e-01	   8.3868229e+01	   1.9968359e-02	   5.1078523e-13	
   4.3000000e-01	  -2.8757748e-01	   8.5063886e+01	   1.9596434e-02	   5.1012066e-13	
   4.4000000e-01	  -2.9472525e-01	   8.5543359e+01	   1.9238223e-02	   5.0928177e-13	
   4.5000000e-01	  -3.0532358e-01	   8.4833378e+01	   1.8892461e-02	   5.0804046e-13	
   4.6000000e-01	  -3.1784271e-01	   8.3006567e+01	   1.8558068e-02	   5.0657807e-13	
   4.7000000e-01	  -3.2887644e-01	   8.1305063e+01	   1.8234139e-02	   5.0529269e-13	
   4.8000000e-01	  -3.3635453e-01	   8.2152267e+01	   1.7919935e-02	   5.0442338e-13	
   4.9000000e-01	  -3.4139120e-01	   8.4104301e+01	   1.7614873e-02	   5.0383872e-13	
   5.0000000e-01	  -3.4718112e-01	   8.5189814e+01	   1.7318515e-02	   5.0316746e-13	
   5.1000000e-01	  -3.5604894e-01	   8.5084935e+01	   1.7030555e-02	   5.0214110e-13	
   5.2000000e-01	  -3.6740308e-01	   8.3972375e+01	   1.6750791e-02	   5.0083002e-13	
   5.3000000e-01	  -3.7842675e-01	   8.2686598e+01	   1.6479107e-02	   4.9956038e-13	
   5.4000000e-01	  -3.8675848e-01	   8.2831872e+01	   1.6215440e-02	   4.9860291e-13	
   5.5000000e-01	  -3.9260435e-01	   8.4196122e+01	   1.5959747e-02	   4.9793221e-13	
   5.6000000e-01	  -3.9839781e-01	   8.5247303e+01	   1.5711982e-02	   4.9726842e-13	
   5.7000000e-01	  -4.0653611e-01	   8.5387713e+01	   1.5472069e-02	   4.9633745e-13	
   5.8000000e-01	  -4.1737664e-01	   8.4577599e+01	   1.5239884e-02	   4.9510008e-13	
   5.9000000e-01	  -4.2913200e-01	   8.3113858e+01	   1.5015254e-02	   4.9376177e-13	
   6.0000000e-01	  -4.3947021e-01	   8.2030478e+01	   1.4797950e-02	   4.9258778e-13	
   6.1000000e-01	  -4.4731224e-01	   8.2520947e+01	   1.4587695e-02	   4.9169913e-13	
   6.2000000e-01	  -4.5344452e-01	   8.3830667e+01	   1.4384177e-02	   4.9100533e-13	
   6.3000000e-01	  -4.5971170e-01	   8.4784393e+01	   1.4187057e-02	   4.9029729e-13	
   6.4000000e-01	  -4.6761758e-01	   8.5028179e+01	   1.3995981e-02	   4.8940556e-13	
   6.5000000e-01	  -4.7738833e-01	   8.4596591e+01	   1.3810596e-02	   4.8830574e-13	
   6.6000000e-01	  -4.8802341e-01	   8.3735235e+01	   1.3630551e-02	   4.8711143e-13	
   6.7000000e-01	  -4.9813150e-01	   8.2970748e+01	   1.3455511e-02	   4.8597901e-13	
   6.8000000e-01	  -5.0689474e-01	   8.2885544e+01	   1.3285157e-02	   4.8499938e-13	
   6.9000000e-01	  -5.1452157e-01	   8.3410457e+01	   1.3119192e-02	   4.8414840e-13	
   7.0000000e-01	  -5.2195896e-01	   8.3962823e+01	   1.2957339e-02	   4.8332000e-13	
   7.1000000e-01	  -5.3014749e-01	   8.4147419e+01	   1.2799345e-02	   4.8240957e-13	
   7.2000000e-01	  -5.3937381e-01	   8.3885401e+01	   1.2644979e-02	   4.8138580e-13	
   7.3000000e-01	  -5.4914622e-01	   8.3342281e+01	   1.2494032e-02	   4.8030382e-13	
   7.4000000e-01	  -5.5861786e-01	   8.2896871e+01	   1.2346317e-02	   4.7925745e-13	
   7.5000000e-01	  -5.6720771e-01	   8.2921630e+01	   1.2201666e-02	   4.7831047e-13	
   7.6000000e-01	  -5.7497345e-01	   8.3377646e+01	   1.2059931e-02	   4.7745595e-13	
   7.7000000e-01	  -5.8251316e-01	   8.3890522e+01	   1.1920983e-02	   4.7662777e-13	
   7.8000000e-01	  -5.9052211e-01	   8.4158218e+01	   1.1784711e-02	   4.7574962e-13	
   7.9000000e-01	  -5.9934319e-01	   8.4081276e+01	   1.1651020e-02	   4.7478429e-13	
   8.0000000e-01	  -6.0879862e-01	   8.3724020e+01	   1.1519829e-02	   4.7375172e-13	
   8.1000000e-01	  -6.1836232e-01	   8.3282710e+01	   1.1391073e-02	   4.7270961e-13	
   8.2000000e-01	  -6.2751340e-01	   8.3019771e+01	   1.1264699e-02	   4.7171460e-13	
   8.3000000e-01	  -6.3603503e-01	   8.3084531e+01	   1.1140662e-02	   4.7078992e-13	
   8.4000000e-01	  -6.4410167e-01	   8.3376712e+01	   1.1018928e-02	   4.6991628e-13	
   8.5000000e-01	  -6.5214313e-01	   8.3660956e+01	   1.0899468e-02	   4.6904698e-13	
   8.6000000e-01	  -6.6058972e-01	   8.3749071e+01	   1.0782258e-02	   4.6813562e-13	
   8.7000000e-01	  -6.6963876e-01	   8.3562895e+01	   1.0667275e-02	   4.6716122e-13	
   8.8000000e-01	  -6.7915076e-01	   8.3137893e+01	   1.0554498e-02	   4.6613915e-13	
   8.9000000e-01	  -6.8871517e-01	   8.2638709e+01	   1.0443906e-02	   4.6511371e-13	
   9.0000000e-01	  -6.9785136e-01	   8.2347574e+01	   1.0335475e-02	   4.6413629e-13	
   9.1000000e-01	  -7.0624999e-01	   8.2495956e+01	   1.0229178e-02	   4.6323958e-13	
   9.2000000e-01	  -7.1393727e-01	   8.3026932e+01	   1.0124987e-02	   4.6242034e-13	
   9.3000000e-01	  -7.2127659e-01	   8.3658012e+01	   1.0022869e-02	   4.6163954e-13	
   9.4000000e-01	  -7.2880227e-01	   8.4132545e+01	   9.9227900e-03	   4.6084028e-13	
   9.5000000e-01	  -7.3696939e-01	   8.4318270e+01	   9.8247122e-03	   4.5997446e-13	
   9.6000000e-01	  -7.4594836e-01	   8.4185014e+01	   9.7285962e-03	   4.5902445e-13	
   9.7000000e-01	  -7.5556614e-01	   8.3779061e+01	   9.6344014e-03	   4.5800904e-13	
   9.8000000e-01	  -7.6541259e-01	   8.3222119e+01	   9.5420860e-03	   4.5697180e-13	
   9.9000000e-01	  -7.7504288e-01	   8.2707789e+01	   9.4516080e-03	   4.5595961e-13	
   1.0000000e+00	  -7.8416513e-01	   8.2436937e+01	   9.3629255e-03	   4.5500288e-13	
