   0.0000000e+00	   0.0000000e+00	   0.0000000e+00	   1.0494312e-01	   5.4504287e-13	
   1.0000000e-02	   2.9604029e-03	   8.2576103e+01	   8.8456638e-02	   5.4541453e-13	
   2.0000000e-02	   7.2509536e-03	   8.6394457e+01	   7.7158877e-02	   5.4595363e-13	
   3.0000000e-02	   8.4152614e-03	   8.7965543e+01	   6.8859543e-02	   5.4610001e-13	
   4.0000000e-02	   9.4158637e-03	   8.9180392e+01	   6.2395277e-02	   5.4622585e-13	
   5.0000000e-02	  -7.5431519e-03	   8.7233564e+01	   5.7263884e-02	   5.4409702e-13	
   6.0000000e-02	  -1.8428909e-02	   8.6182127e+01	   5.3080001e-02	   5.4273492e-13	
   7.0000000e-02	  -3.4231551e-02	   8.2296061e+01	   4.9544675e-02	   5.4076367e-13	
   8.0000000e-02	  -3.6708396e-02	   8.4906122e+01	   4.6493515e-02	   5.4045535e-13	
   9.0000000e-02	  -5.0164998e-02	   8.1549234e+01	   4.3844159e-02	   5.3878334e-13	
   1.0000000e-01	  -4.5217774e-02	   8.7010601e+01	   4.1536390e-02	   5.3939744e-13	
   1.1000000e-01	  -4.4995276e-02	   8.8641960e+01	   3.9510630e-02	   5.3942508e-13	
   1.2000000e-01	  -5.0816381e-02	   8.8986497e+01	   3.7711413e-02	   5.3870254e-13	
   1.3000000e-01	  -5.0152444e-02	   9.0162130e+01	   3.6092767e-02	   5.3878490e-13	
   1.4000000e-01	  -5.1680333e-02	   9.0876600e+01	   3.4619080e-02	   5.3859538e-13	
   1.5000000e-01	  -5.9932456e-02	   9.0864241e+01	   3.3263979e-02	   5.3757296e-13	
   1.6000000e-01	  -6.7780334e-02	   9.0896680e+01	   3.2009091e-02	   5.3660242e-13	
   1.7000000e-01	  -7.2990744e-02	   9.1185447e+01	   3.0842765e-02	   5.3595902e-13	
   1.8000000e-01	  -8.0670147e-02	   9.1237563e+01	   2.9758264e-02	   5.3501215e-13	
   1.9000000e-01	  -9.2554987e-02	   9.0893568e+01	   2.8751426e-02	   5.3355004e-13	
   2.0000000e-01	  -1.0406195e-01	   9.0565207e+01	   2.7818429e-02	   5.3213823e-13	
   2.1000000e-01	  -1.1073573e-01	   9.0738737e+01	   2.6954462e-02	   5.3132113e-13	
   2.2000000e-01	  -1.1262707e-01	   9.1353005e+01	   2.6153508e-02	   5.3108979e-13	
   2.3000000e-01	  -1.1268010e-01	   9.2032492e+01	   2.5408888e-02	   5.3108331e-13	
   2.4000000e-01	  -1.1354991e-01	   9.2564905e+01	   2.4713961e-02	   5.3097695e-13	
   2.5000000e-01	  -1.1635749e-01	   9.2920498e+01	   2.4062645e-02	   5.3063380e-13	
   2.6000000e-01	  -1.2114113e-01	   9.3134282e+01	   2.3449657e-02	   5.3004964e-13	
   2.7000000e-01	  -1.2757849e-01	   9.3244450e+01	   2.2870540e-02	   5.2926456e-13	
   2.8000000e-01	  -1.3528995e-01	   9.3280626e+01	   2.2321589e-02	   5.2832561e-13	
   2.9000000e-01	  -1.4380558e-01	   9.3271742e+01	   2.1799731e-02	   5.2729069e-13	
   3.0000000e-01	  -1.5247942e-01	   9.3254588e+01	   2.1302421e-02	   5.2623862e-13	
   3.1000000e-01	  -1.6050417e-01	   9.3274862e+01	   2.0827541e-02	   5.2526715e-13	
   3.2000000e-01	  -1.6702386e-01	   9.3379131e+01	   2.0373327e-02	   5.2447920e-13	
   3.3000000e-01	  -1.7127622e-01	   9.3601135e+01	   1.9938304e-02	   5.2396592e-13	
   3.4000000e-01	  -1.7270121e-01	   9.3950495e+01	   1.9521219e-02	   5.2379402e-13	
   3.5000000e-01	  -1.7098178e-01	   9.4411859e+01	   1.9120992e-02	   5.2400144e-13	
   3.6000000e-01	  -1.6601253e-01	   9.4954721e+01	   1.8736662e-02	   5.2460135e-13	
   3.7000000e-01	  -1.5781799e-01	   9.5546318e+01	   1.8367356e-02	   5.2559214e-13	
   3.8000000e-01	  -1.4645970e-01	   9.6160157e+01	   1.8012250e-02	   5.2696854e-13	
   3.9000000e-01	  -1.3197638e-01	   9.6778263e+01	   1.7670562e-02	   5.2872887e-13	
   4.0000000e-01	  -1.1438624e-01	   9.7389280e+01	   1.7341533e-02	   5.3087471e-13	
   4.1000000e-01	  -9.3751035e-02	   9.7985334e+01	   1.7024431e-02	   5.3340313e-13	
   4.2000000e-01	  -7.0268400e-02	   9.8559663e+01	   1.6718545e-02	   5.3629509e-13	
   4.3000000e-01	  -4.4340580e-02	   9.9105729e+01	   1.6423195e-02	   5.3950640e-13	
   4.4000000e-01	  -1.6573333e-02	   9.9617655e+01	   1.6137728e-02	   5.4296686e-13	
   4.5000000e-01	   1.2313290e-02	   1.0009131e+02	   1.5861526e-02	   5.4659039e-13	
   4.6000000e-01	   4.1643716e-02	   1.0052535e+02	   1.5594004e-02	   5.5029432e-13	
   4.7000000e-01	   7.0968326e-02	   1.0092186e+02	   1.5334620e-02	   5.5402261e-13	
   4.8000000e-01	   1.0021302e-01	   1.0128630e+02	   1.5082878e-02	   5.5776590e-13	
   4.9000000e-01	   1.2975592e-01	   1.0162691e+02	   1.4838326e-02	   5.6157304e-13	
   5.0000000e-01	   1.6041710e-01	   1.0195367e+02	   1.4600571e-02	   5.6555177e-13	
   5.1000000e-01	   1.9337444e-01	   1.0227701e+02	   1.4369271e-02	   5.6985991e-13	
   5.2000000e-01	   2.3003679e-01	   1.0260656e+02	   1.4144143e-02	   5.7469092e-13	
   5.3000000e-01	   2.7190903e-01	   1.0295012e+02	   1.3924960e-02	   5.8025857e-13	
   5.4000000e-01	   3.2047473e-01	   1.0331306e+02	   1.3711544e-02	   5.8678382e-13	
   5.5000000e-01	   3.7710702e-01	   1.0369811e+02	   1.3503763e-02	   5.9448563e-13	
   5.6000000e-01	   4.4300504e-01	   1.0410558e+02	   1.3301517e-02	   6.0357489e-13	
   5.7000000e-01	   5.1914842e-01	   1.0453380e+02	   1.3104732e-02	   6.1425048e-13	
   5.8000000e-01	   6.0626768e-01	   1.0497967e+02	   1.2913345e-02	   6.2669673e-13	
   5.9000000e-01	   7.0483846e-01	   1.0543927e+02	   1.2727299e-02	   6.4108336e-13	
   6.0000000e-01	   8.1511364e-01	   1.0590853e+02	   1.2546528e-02	   6.5757005e-13	
   6.1000000e-01	   9.3720259e-01	   1.0638376e+02	   1.2370958e-02	   6.7631796e-13	
   6.2000000e-01	   1.0711880e+00	   1.0686214e+02	   1.2200496e-02	   6.9750843e-13	
   6.3000000e-01	   1.2172480e+00	   1.0734196e+02	   1.2035038e-02	   7.2136565e-13	
   6.4000000e-01	   1.3757341e+00	   1.0782252e+02	   1.1874460e-02	   7.4817652e-13	
   6.5000000e-01	   1.5471617e+00	   1.0830388e+02	   1.1718627e-02	   7.7829964e-13	
   6.6000000e-01	   1.7320896e+00	   1.0878632e+02	   1.1567394e-02	   8.1215630e-13	
   6.7000000e-01	   1.9309126e+00	   1.0926983e+02	   1.1420608e-02	   8.5020160e-13	
   6.8000000e-01	   2.1436231e+00	   1.0975371e+02	   1.1278108e-02	   8.9287974e-13	
   6.9000000e-01	   2.3696199e+00	   1.1023634e+02	   1.1139732e-02	   9.4057330e-13	
   7.0000000e-01	   2.6076311e+00	   1.1071538e+02	   1.1005318e-02	   9.9355926e-13	
   7.1000000e-01	   2.8557777e+00	   1.1118797e+02	   1.0874701e-02	   1.0519823e-12	
   7.2000000e-01	   3.1117556e+00	   1.1165121e+02	   1.0747716e-02	   1.1158510e-12	
   7.3000000e-01	   3.3730797e+00	   1.1210249e+02	   1.0624201e-02	   1.1850553e-12	
   7.4000000e-01	   3.6373210e+00	   1.1253974e+02	   1.0503993e-02	   1.2593973e-12	
   7.5000000e-01	   3.9022853e+00	   1.1296154e+02	   1.0386933e-02	   1.3386258e-12	
   7.6000000e-01	   4.1661148e+00	   1.1336710e+02	   1.0272862e-02	   1.4224668e-12	
   7.7000000e-01	   4.4273260e+00	   1.1375616e+02	   1.0161623e-02	   1.5106479e-12	
   7.8000000e-01	   4.6848152e+00	   1.1412894e+02	   1.0053063e-02	   1.6029212e-12	
   7.9000000e-01	   4.9378664e+00	   1.1448601e+02	   9.9470309e-03	   1.6990936e-12	
   8.0000000e-01	   5.1861834e+00	   1.1482839e+02	   9.8433805e-03	   1.7990739e-12	
   8.1000000e-01	   5.4299435e+00	   1.1515749e+02	   9.7419688e-03	   1.9029396e-12	
   8.2000000e-01	   5.6698513e+00	   1.1547526e+02	   9.6426574e-03	   2.0110172e-12	
   8.3000000e-01	   5.9071527e+00	   1.1578410e+02	   9.5453131e-03	   2.1239580e-12	
   8.4000000e-01	   6.1435725e+00	   1.1608681e+02	   9.4498079e-03	   2.2427864e-12	
   8.5000000e-01	   6.3811469e+00	   1.1638640e+02	   9.3560199e-03	   2.3688925e-12	
   8.6000000e-01	   6.6219514e+00	   1.1668572e+02	   9.2638332e-03	   2.5039509e-12	
   8.7000000e-01	   6.8677590e+00	   1.1698710e+02	   9.1731388e-03	   2.6497601e-12	
   8.8000000e-01	   7.1196913e+00	   1.1729200e+02	   9.0838348e-03	   2.8080173e-12	
   8.9000000e-01	   7.3779444e+00	   1.1760069e+02	   8.9958270e-03	   2.9800606e-12	
   9.0000000e-01	   7.6416604e+00	   1.1791223e+02	   8.9090293e-03	   3.1666255e-12	
   9.1000000e-01	   7.9089812e+00	   1.1822456e+02	   8.8233644e-03	   3.3676642e-12	
   9.2000000e-01	   8.1772754e+00	   1.1853480e+02	   8.7387645e-03	   3.5822691e-12	
   9.3000000e-01	   8.4434831e+00	   1.1883972e+02	   8.6551714e-03	   3.8087193e-12	
   9.4000000e-01	   8.7045015e+00	   1.1913610e+02	   8.5725374e-03	   4.0446487e-12	
   9.5000000e-01	   8.9575347e+00	   1.1942117e+02	   8.4908258e-03	   4.2873025e-12	
   9.6000000e-01	   9.2003535e+00	   1.1969280e+02	   8.4100107e-03	   4.5338382e-12	
   9.7000000e-01	   9.4314389e+00	   1.1994968e+02	   8.3300776e-03	   4.7816143e-12	
   9.8000000e-01	   9.6500130e+00	   1.2019130e+02	   8.2510231e-03	   5.0284248e-12	
   9.9000000e-01	   9.8559816e+00	   1.2041786e+02	   8.1728541e-03	   5.2726485e-12	
   1.0000000e+00	   1.0049820e+01	   1.2063013e+02	   8.0955877e-03	   5.5133126e-12	
