   0.0000000e+00	   0.0000000e+00	   0.0000000e+00	   1.0494312e-01	   5.4504287e-13	
   1.0000000e-02	   2.9669205e-03	   8.2586842e+01	   8.8456638e-02	   5.4541534e-13	
   2.0000000e-02	   7.2152486e-03	   8.6390257e+01	   7.7158877e-02	   5.4594914e-13	
   3.0000000e-02	   8.1801066e-03	   8.7924453e+01	   6.8859543e-02	   5.4607044e-13	
   4.0000000e-02	   8.9757143e-03	   8.9119569e+01	   6.2395277e-02	   5.4617049e-13	
   5.0000000e-02	  -7.9318133e-03	   8.7147871e+01	   5.7263884e-02	   5.4404833e-13	
   6.0000000e-02	  -1.9051710e-02	   8.5999427e+01	   5.3080001e-02	   5.4265710e-13	
   7.0000000e-02	  -3.4346323e-02	   8.2222562e+01	   4.9544675e-02	   5.4074938e-13	
   8.0000000e-02	  -3.6864442e-02	   8.4852361e+01	   4.6493515e-02	   5.4043593e-13	
   9.0000000e-02	  -4.9894859e-02	   8.1789602e+01	   4.3844159e-02	   5.3881686e-13	
   1.0000000e-01	  -4.4609534e-02	   8.7165336e+01	   4.1536390e-02	   5.3947299e-13	
   1.1000000e-01	  -4.4787166e-02	   8.8684402e+01	   3.9510630e-02	   5.3945093e-13	
   1.2000000e-01	  -5.0533399e-02	   8.9037790e+01	   3.7711413e-02	   5.3873764e-13	
   1.3000000e-01	  -4.9936842e-02	   9.0194785e+01	   3.6092767e-02	   5.3881165e-13	
   1.4000000e-01	  -5.2236896e-02	   9.0827360e+01	   3.4619080e-02	   5.3852636e-13	
   1.5000000e-01	  -6.1175589e-02	   9.0744582e+01	   3.3263979e-02	   5.3741910e-13	
   1.6000000e-01	  -6.9277333e-02	   9.0752216e+01	   3.2009091e-02	   5.3641749e-13	
   1.7000000e-01	  -7.4871336e-02	   9.1014033e+01	   3.0842765e-02	   5.3572699e-13	
   1.8000000e-01	  -8.3281554e-02	   9.0998316e+01	   2.9758264e-02	   5.3469054e-13	
   1.9000000e-01	  -9.5771615e-02	   9.0570164e+01	   2.8751426e-02	   5.3315501e-13	
   2.0000000e-01	  -1.0744869e-01	   9.0196229e+01	   2.7818429e-02	   5.3172342e-13	
   2.1000000e-01	  -1.1414011e-01	   9.0383695e+01	   2.6954462e-02	   5.3090480e-13	
   2.2000000e-01	  -1.1632030e-01	   9.1019776e+01	   2.6153508e-02	   5.3063834e-13	
   2.3000000e-01	  -1.1702083e-01	   9.1697162e+01	   2.5408888e-02	   5.3055276e-13	
   2.4000000e-01	  -1.1866767e-01	   9.2214122e+01	   2.4713961e-02	   5.3035161e-13	
   2.5000000e-01	  -1.2211552e-01	   9.2556177e+01	   2.4062645e-02	   5.2993073e-13	
   2.6000000e-01	  -1.2728623e-01	   9.2764158e+01	   2.3449657e-02	   5.2930017e-13	
   2.7000000e-01	  -1.3389748e-01	   9.2873886e+01	   2.2870540e-02	   5.2849503e-13	
   2.8000000e-01	  -1.4168196e-01	   9.2909504e+01	   2.2321589e-02	   5.2754859e-13	
   2.9000000e-01	  -1.5027755e-01	   9.2895631e+01	   2.1799731e-02	   5.2650549e-13	
   3.0000000e-01	  -1.5911067e-01	   9.2867788e+01	   2.1302421e-02	   5.2543572e-13	
   3.1000000e-01	  -1.6741666e-01	   9.2873303e+01	   2.0827541e-02	   5.2443177e-13	
   3.2000000e-01	  -1.7437064e-01	   9.2962021e+01	   2.0373327e-02	   5.2359272e-13	
   3.3000000e-01	  -1.7924359e-01	   9.3170784e+01	   1.9938304e-02	   5.2300555e-13	
   3.4000000e-01	  -1.8151531e-01	   9.3510596e+01	   1.9521219e-02	   5.2273205e-13	
   3.5000000e-01	  -1.8091333e-01	   9.3965405e+01	   1.9120992e-02	   5.2280451e-13	
   3.6000000e-01	  -1.7737929e-01	   9.4502803e+01	   1.8736662e-02	   5.2323011e-13	
   3.7000000e-01	  -1.7098683e-01	   9.5088075e+01	   1.8367356e-02	   5.2400083e-13	
   3.8000000e-01	  -1.6184998e-01	   9.5693394e+01	   1.8012250e-02	   5.2510441e-13	
   3.9000000e-01	  -1.5006268e-01	   9.6300185e+01	   1.7670562e-02	   5.2653154e-13	
   4.0000000e-01	  -1.3569619e-01	   9.6897059e+01	   1.7341533e-02	   5.2827619e-13	
   4.1000000e-01	  -1.1885358e-01	   9.7476459e+01	   1.7024431e-02	   5.3032891e-13	
   4.2000000e-01	  -9.9751375e-02	   9.8032072e+01	   1.6718545e-02	   5.3266667e-13	
   4.3000000e-01	  -7.8781572e-02	   9.8557775e+01	   1.6423195e-02	   5.3524486e-13	
   4.4000000e-01	  -5.6512444e-02	   9.9047970e+01	   1.6137728e-02	   5.3799646e-13	
   4.5000000e-01	  -3.3611068e-02	   9.9498634e+01	   1.5861526e-02	   5.4084093e-13	
   4.6000000e-01	  -1.0703366e-02	   9.9908416e+01	   1.5594004e-02	   5.4370124e-13	
   4.7000000e-01	   1.1787513e-02	   1.0027933e+02	   1.5334620e-02	   5.4652422e-13	
   4.8000000e-01	   3.3776307e-02	   1.0061683e+02	   1.5082878e-02	   5.4929834e-13	
   4.9000000e-01	   5.5587819e-02	   1.0092933e+02	   1.4838326e-02	   5.5206402e-13	
   5.0000000e-01	   7.7952759e-02	   1.0122723e+02	   1.4600571e-02	   5.5491432e-13	
   5.1000000e-01	   1.0193756e-01	   1.0152167e+02	   1.4369271e-02	   5.5798743e-13	
   5.2000000e-01	   1.2883392e-01	   1.0182322e+02	   1.4144143e-02	   5.6145383e-13	
   5.3000000e-01	   1.6003720e-01	   1.0214068e+02	   1.3924960e-02	   5.6550230e-13	
   5.4000000e-01	   1.9693603e-01	   1.0248032e+02	   1.3711544e-02	   5.7032743e-13	
   5.5000000e-01	   2.4082342e-01	   1.0284552e+02	   1.3503763e-02	   5.7612006e-13	
   5.6000000e-01	   2.9282976e-01	   1.0323678e+02	   1.3301517e-02	   5.8306052e-13	
   5.7000000e-01	   3.5387433e-01	   1.0365225e+02	   1.3104732e-02	   5.9131391e-13	
   5.8000000e-01	   4.2463561e-01	   1.0408827e+02	   1.2913345e-02	   6.0102733e-13	
   5.9000000e-01	   5.0554833e-01	   1.0454023e+02	   1.2727299e-02	   6.1232994e-13	
   6.0000000e-01	   5.9683853e-01	   1.0500327e+02	   1.2546528e-02	   6.2533756e-13	
   6.1000000e-01	   6.9860255e-01	   1.0547306e+02	   1.2370958e-02	   6.4016351e-13	
   6.2000000e-01	   8.1092002e-01	   1.0594624e+02	   1.2200496e-02	   6.5693539e-13	
   6.3000000e-01	   9.3397121e-01	   1.0642075e+02	   1.2035038e-02	   6.7581493e-13	
   6.4000000e-01	   1.0681159e+00	   1.0689571e+02	   1.1874460e-02	   6.9701520e-13	
   6.5000000e-01	   1.2138928e+00	   1.0737113e+02	   1.1718627e-02	   7.2080857e-13	
   6.6000000e-01	   1.3719209e+00	   1.0784733e+02	   1.1567394e-02	   7.4751988e-13	
   6.7000000e-01	   1.5427156e+00	   1.0832440e+02	   1.1420608e-02	   7.7750326e-13	
   6.8000000e-01	   1.7264709e+00	   1.0880176e+02	   1.1278108e-02	   8.1110625e-13	
   6.9000000e-01	   1.9228730e+00	   1.0927797e+02	   1.1139732e-02	   8.4862918e-13	
   7.0000000e-01	   2.1310081e+00	   1.0975077e+02	   1.1005318e-02	   8.9028995e-13	
   7.1000000e-01	   2.3493935e+00	   1.1021744e+02	   1.0874701e-02	   9.3620296e-13	
   7.2000000e-01	   2.5761206e+00	   1.1067514e+02	   1.0747716e-02	   9.8637651e-13	
   7.3000000e-01	   2.8090630e+00	   1.1112131e+02	   1.0624201e-02	   1.0407273e-12	
   7.4000000e-01	   3.0460880e+00	   1.1155393e+02	   1.0503993e-02	   1.0991057e-12	
   7.5000000e-01	   3.2852245e+00	   1.1197162e+02	   1.0386933e-02	   1.1613232e-12	
   7.6000000e-01	   3.5247628e+00	   1.1237358e+02	   1.0272862e-02	   1.2271762e-12	
   7.7000000e-01	   3.7632954e+00	   1.1275957e+02	   1.0161623e-02	   1.2964632e-12	
   7.8000000e-01	   3.9997272e+00	   1.1312976e+02	   1.0053063e-02	   1.3689998e-12	
   7.9000000e-01	   4.2332864e+00	   1.1348470e+02	   9.9470309e-03	   1.4446389e-12	
   8.0000000e-01	   4.4635609e+00	   1.1382527e+02	   9.8433805e-03	   1.5233046e-12	
   8.1000000e-01	   4.6905613e+00	   1.1415281e+02	   9.7419688e-03	   1.6050434e-12	
   8.2000000e-01	   4.9147913e+00	   1.1446911e+02	   9.6426574e-03	   1.6900898e-12	
   8.3000000e-01	   5.1372898e+00	   1.1477650e+02	   9.5453131e-03	   1.7789332e-12	
   8.4000000e-01	   5.3596033e+00	   1.1507772e+02	   9.4498079e-03	   1.8723670e-12	
   8.5000000e-01	   5.5836565e+00	   1.1537583e+02	   9.3560199e-03	   1.9714979e-12	
   8.6000000e-01	   5.8115136e+00	   1.1567381e+02	   9.2638332e-03	   2.0776961e-12	
   8.7000000e-01	   6.0450517e+00	   1.1597423e+02	   9.1731388e-03	   2.1924810e-12	
   8.8000000e-01	   6.2856041e+00	   1.1627884e+02	   9.0838348e-03	   2.3173470e-12	
   8.9000000e-01	   6.5336509e+00	   1.1658823e+02	   8.9958270e-03	   2.4535548e-12	
   9.0000000e-01	   6.7886342e+00	   1.1690174e+02	   8.9090293e-03	   2.6019209e-12	
   9.1000000e-01	   7.0489488e+00	   1.1721746e+02	   8.8233645e-03	   2.7626479e-12	
   9.2000000e-01	   7.3121139e+00	   1.1753260e+02	   8.7387645e-03	   2.9352294e-12	
   9.3000000e-01	   7.5750853e+00	   1.1784379e+02	   8.6551714e-03	   3.1184529e-12	
   9.4000000e-01	   7.8346350e+00	   1.1814761e+02	   8.5725374e-03	   3.3105043e-12	
   9.5000000e-01	   8.0877205e+00	   1.1844095e+02	   8.4908258e-03	   3.5091562e-12	
   9.6000000e-01	   8.3317806e+00	   1.1872132e+02	   8.4100107e-03	   3.7120064e-12	
   9.7000000e-01	   8.5649242e+00	   1.1898702e+02	   8.3300776e-03	   3.9167250e-12	
   9.8000000e-01	   8.7860045e+00	   1.1923720e+02	   8.2510231e-03	   4.1212704e-12	
   9.9000000e-01	   8.9945980e+00	   1.1947177e+02	   8.1728541e-03	   4.3240475e-12	
   1.0000000e+00	   9.1909150e+00	   1.1969130e+02	   8.0955877e-03	   4.5239955e-12	
