   0.0000000e+00	   0.0000000e+00	   0.0000000e+00	   2.0988624e-01	   5.4504287e-13	
   1.0000000e-02	   1.3685123e-02	   8.3653988e+01	   1.5225138e-01	   5.4676307e-13	
   2.0000000e-02	   1.7700270e-02	   8.4223572e+01	   1.2388884e-01	   5.4726880e-13	
   3.0000000e-02	   1.7035233e-02	   8.3915704e+01	   1.0582039e-01	   5.4718500e-13	
   4.0000000e-02	   8.6825377e-03	   7.8240070e+01	   9.3045931e-02	   5.4613362e-13	
   5.0000000e-02	   9.9511586e-03	   8.3188404e+01	   8.3368793e-02	   5.4629318e-13	
   6.0000000e-02	   1.0608806e-02	   8.5632917e+01	   7.5802509e-02	   5.4637591e-13	
   7.0000000e-02	   5.2629981e-03	   8.5732621e+01	   6.9689174e-02	   5.4570378e-13	
   8.0000000e-02	  -1.2364888e-03	   8.5650385e+01	   6.4582315e-02	   5.4488771e-13	
   9.0000000e-02	  -7.1643906e-03	   8.5910684e+01	   6.0211041e-02	   5.4414447e-13	
   1.0000000e-01	  -2.0071717e-02	   8.3469007e+01	   5.6425491e-02	   5.4252966e-13	
   1.1000000e-01	  -2.4330096e-02	   8.4943642e+01	   5.3131858e-02	   5.4199796e-13	
   1.2000000e-01	  -2.4250525e-02	   8.7267231e+01	   5.0249644e-02	   5.4200789e-13	
   1.3000000e-01	  -4.3171960e-02	   8.3289358e+01	   4.7704363e-02	   5.3965159e-13	
   1.4000000e-01	  -5.2639411e-02	   8.2261735e+01	   4.5433671e-02	   5.3847645e-13	
   1.5000000e-01	  -4.8245604e-02	   8.7170066e+01	   4.3389443e-02	   5.3902151e-13	
   1.6000000e-01	  -5.8700367e-02	   8.6544218e+01	   4.1535271e-02	   5.3772549e-13	
   1.7000000e-01	  -7.7471136e-02	   8.1656232e+01	   3.9843241e-02	   5.3540638e-13	
   1.8000000e-01	  -8.2310656e-02	   8.3779518e+01	   3.8291501e-02	   5.3481009e-13	
   1.9000000e-01	  -8.0819189e-02	   8.7085060e+01	   3.6862520e-02	   5.3499379e-13	
   2.0000000e-01	  -9.1254039e-02	   8.6492261e+01	   3.5541803e-02	   5.3370990e-13	
   2.1000000e-01	  -1.0893770e-01	   8.2485200e+01	   3.4316980e-02	   5.3154115e-13	
   2.2000000e-01	  -1.1805480e-01	   8.1804028e+01	   3.3177218e-02	   5.3042646e-13	
   2.3000000e-01	  -1.1714494e-01	   8.6108683e+01	   3.2112867e-02	   5.3053760e-13	
   2.4000000e-01	  -1.2184112e-01	   8.7053389e+01	   3.1115282e-02	   5.2996422e-13	
   2.5000000e-01	  -1.3827818e-01	   8.4435589e+01	   3.0176779e-02	   5.2796221e-13	
   2.6000000e-01	  -1.5171560e-01	   8.1252860e+01	   2.9290702e-02	   5.2633118e-13	
   2.7000000e-01	  -1.5466142e-01	   8.4511366e+01	   2.8451525e-02	   5.2597429e-13	
   2.8000000e-01	  -1.5906833e-01	   8.5922474e+01	   2.7654938e-02	   5.2544084e-13	
   2.9000000e-01	  -1.7057198e-01	   8.4805198e+01	   2.6897832e-02	   5.2405089e-13	
   3.0000000e-01	  -1.8031284e-01	   8.4206150e+01	   2.6178155e-02	   5.2287680e-13	
   3.1000000e-01	  -1.8562765e-01	   8.5410903e+01	   2.5494619e-02	   5.2223731e-13	
   3.2000000e-01	  -1.9362342e-01	   8.5538784e+01	   2.4846325e-02	   5.2127671e-13	
   3.3000000e-01	  -2.0517989e-01	   8.4325898e+01	   2.4232390e-02	   5.1989144e-13	
   3.4000000e-01	  -2.1389264e-01	   8.4195482e+01	   2.3651673e-02	   5.1884949e-13	
   3.5000000e-01	  -2.1862420e-01	   8.5619688e+01	   2.3102644e-02	   5.1828452e-13	
   3.6000000e-01	  -2.2510622e-01	   8.6221404e+01	   2.2583397e-02	   5.1751154e-13	
   3.7000000e-01	  -2.3646772e-01	   8.5313186e+01	   2.2091751e-02	   5.1615946e-13	
   3.8000000e-01	  -2.4930419e-01	   8.3452046e+01	   2.1625394e-02	   5.1463609e-13	
   3.9000000e-01	  -2.5904008e-01	   8.2749217e+01	   2.1182011e-02	   5.1348369e-13	
   4.0000000e-01	  -2.6540678e-01	   8.3931966e+01	   2.0759384e-02	   5.1273148e-13	
   4.1000000e-01	  -2.7181648e-01	   8.4845111e+01	   2.0355455e-02	   5.1197530e-13	
   4.2000000e-01	  -2.8103066e-01	   8.4579584e+01	   1.9968359e-02	   5.1089023e-13	
   4.3000000e-01	  -2.9239717e-01	   8.3243620e+01	   1.9596434e-02	   5.0955485e-13	
   4.4000000e-01	  -3.0286082e-01	   8.2036528e+01	   1.9238223e-02	   5.0832864e-13	
   4.5000000e-01	  -3.1010764e-01	   8.2910084e+01	   1.8892461e-02	   5.0748113e-13	
   4.6000000e-01	  -3.1475633e-01	   8.4782305e+01	   1.8558068e-02	   5.0693821e-13	
   4.7000000e-01	  -3.1978233e-01	   8.5973211e+01	   1.8234139e-02	   5.0635188e-13	
   4.8000000e-01	  -3.2791482e-01	   8.6095696e+01	   1.7919935e-02	   5.0540458e-13	
   4.9000000e-01	  -3.3937509e-01	   8.5175417e+01	   1.7614873e-02	   5.0407267e-13	
   5.0000000e-01	  -3.5180563e-01	   8.3541462e+01	   1.7318515e-02	   5.0263196e-13	
   5.1000000e-01	  -3.6227822e-01	   8.2437536e+01	   1.7030555e-02	   5.0142137e-13	
   5.2000000e-01	  -3.6959603e-01	   8.3190125e+01	   1.6750791e-02	   5.0057719e-13	
   5.3000000e-01	  -3.7503511e-01	   8.4643058e+01	   1.6479107e-02	   4.9995066e-13	
   5.4000000e-01	  -3.8113038e-01	   8.5520189e+01	   1.6215440e-02	   4.9924948e-13	
   5.5000000e-01	  -3.8969617e-01	   8.5516697e+01	   1.5959747e-02	   4.9826576e-13	
   5.6000000e-01	  -4.0064011e-01	   8.4672565e+01	   1.5711982e-02	   4.9701174e-13	
   5.7000000e-01	  -4.1225663e-01	   8.3284275e+01	   1.5472069e-02	   4.9568411e-13	
   5.8000000e-01	  -4.2254268e-01	   8.2256349e+01	   1.5239884e-02	   4.9451150e-13	
   5.9000000e-01	  -4.3051048e-01	   8.2652457e+01	   1.5015254e-02	   4.9360507e-13	
   6.0000000e-01	  -4.3667877e-01	   8.3932390e+01	   1.4797950e-02	   4.9290450e-13	
   6.1000000e-01	  -4.4258067e-01	   8.5014669e+01	   1.4587695e-02	   4.9223512e-13	
   6.2000000e-01	  -4.4973976e-01	   8.5495242e+01	   1.4384177e-02	   4.9142436e-13	
   6.3000000e-01	  -4.5879494e-01	   8.5343348e+01	   1.4187057e-02	   4.9040079e-13	
   6.4000000e-01	  -4.6925932e-01	   8.4678878e+01	   1.3995981e-02	   4.8922059e-13	
   6.5000000e-01	  -4.7996538e-01	   8.3788065e+01	   1.3810596e-02	   4.8801607e-13	
   6.6000000e-01	  -4.8984336e-01	   8.3149207e+01	   1.3630551e-02	   4.8690734e-13	
   6.7000000e-01	  -4.9852181e-01	   8.3116029e+01	   1.3455511e-02	   4.8593533e-13	
   6.8000000e-01	  -5.0640954e-01	   8.3498617e+01	   1.3285157e-02	   4.8505357e-13	
   6.9000000e-01	  -5.1428829e-01	   8.3854780e+01	   1.3119192e-02	   4.8417441e-13	
   7.0000000e-01	  -5.2275065e-01	   8.3929050e+01	   1.2957339e-02	   4.8323190e-13	
   7.1000000e-01	  -5.3186023e-01	   8.3707418e+01	   1.2799345e-02	   4.8221935e-13	
   7.2000000e-01	  -5.4120318e-01	   8.3358511e+01	   1.2644979e-02	   4.8118307e-13	
   7.3000000e-01	  -5.5022550e-01	   8.3156905e+01	   1.2494032e-02	   4.8018447e-13	
   7.4000000e-01	  -5.5859851e-01	   8.3296509e+01	   1.2346317e-02	   4.7925959e-13	
   7.5000000e-01	  -5.6639335e-01	   8.3711750e+01	   1.2201666e-02	   4.7840017e-13	
   7.6000000e-01	  -5.7400492e-01	   8.4167713e+01	   1.2059931e-02	   4.7756245e-13	
   7.7000000e-01	  -5.8191710e-01	   8.4462630e+01	   1.1920983e-02	   4.7669319e-13	
   7.8000000e-01	  -5.9045834e-01	   8.4500050e+01	   1.1784711e-02	   4.7575660e-13	
   7.9000000e-01	  -5.9966141e-01	   8.4274798e+01	   1.1651020e-02	   4.7474950e-13	
   8.0000000e-01	  -6.0926734e-01	   8.3861264e+01	   1.1519829e-02	   4.7370059e-13	
   8.1000000e-01	  -6.1885168e-01	   8.3416823e+01	   1.1391073e-02	   4.7265634e-13	
   8.2000000e-01	  -6.2801357e-01	   8.3151604e+01	   1.1264699e-02	   4.7166028e-13	
   8.3000000e-01	  -6.3655168e-01	   8.3205882e+01	   1.1140662e-02	   4.7073392e-13	
   8.4000000e-01	  -6.4455400e-01	   8.3524431e+01	   1.1018928e-02	   4.6986734e-13	
   8.5000000e-01	  -6.5235872e-01	   8.3907535e+01	   1.0899468e-02	   4.6902370e-13	
   8.6000000e-01	  -6.6039901e-01	   8.4161783e+01	   1.0782258e-02	   4.6815618e-13	
   8.7000000e-01	  -6.6900187e-01	   8.4175460e+01	   1.0667275e-02	   4.6722973e-13	
   8.8000000e-01	  -6.7823767e-01	   8.3921884e+01	   1.0554498e-02	   4.6623717e-13	
   8.9000000e-01	  -6.8789220e-01	   8.3455857e+01	   1.0443906e-02	   4.6520186e-13	
   9.0000000e-01	  -6.9757015e-01	   8.2923360e+01	   1.0335475e-02	   4.6416634e-13	
   9.1000000e-01	  -7.0687317e-01	   8.2547488e+01	   1.0229178e-02	   4.6317311e-13	
   9.2000000e-01	  -7.1556367e-01	   8.2519198e+01	   1.0124987e-02	   4.6224720e-13	
   9.3000000e-01	  -7.2364279e-01	   8.2842468e+01	   1.0022869e-02	   4.6138809e-13	
   9.4000000e-01	  -7.3132225e-01	   8.3343329e+01	   9.9227900e-03	   4.6057296e-13	
   9.5000000e-01	  -7.3892143e-01	   8.3826386e+01	   9.8247122e-03	   4.5976776e-13	
   9.6000000e-01	  -7.4674604e-01	   8.4169509e+01	   9.7285962e-03	   4.5894015e-13	
   9.7000000e-01	  -7.5499707e-01	   8.4323506e+01	   9.6344014e-03	   4.5806905e-13	
   9.8000000e-01	  -7.6373184e-01	   8.4286186e+01	   9.5420860e-03	   4.5714869e-13	
   9.9000000e-01	  -7.7287413e-01	   8.4085019e+01	   9.4516080e-03	   4.5618736e-13	
   1.0000000e+00	  -7.8225732e-01	   8.3770590e+01	   9.3629255e-03	   4.5520280e-13	
