   0.0000000e+00	   0.0000000e+00	   0.0000000e+00	   2.0988624e-01	   5.4504287e-13	
   1.0000000e-02	   1.3719295e-02	   8.3680506e+01	   1.5225138e-01	   5.4676737e-13	
   2.0000000e-02	   1.7814027e-02	   8.4285597e+01	   1.2388884e-01	   5.4728313e-13	
   3.0000000e-02	   1.7130725e-02	   8.3973498e+01	   1.0582039e-01	   5.4719703e-13	
   4.0000000e-02	   8.7278500e-03	   7.8339819e+01	   9.3045931e-02	   5.4613932e-13	
   5.0000000e-02	   9.8613024e-03	   8.3150295e+01	   8.3368793e-02	   5.4628187e-13	
   6.0000000e-02	   1.1286334e-02	   8.5876400e+01	   7.5802509e-02	   5.4646115e-13	
   7.0000000e-02	   5.1808942e-03	   8.5724843e+01	   6.9689174e-02	   5.4569346e-13	
   8.0000000e-02	  -1.7863933e-03	   8.5482188e+01	   6.4582315e-02	   5.4481872e-13	
   9.0000000e-02	  -6.2005168e-03	   8.6234419e+01	   6.0211041e-02	   5.4426525e-13	
   1.0000000e-01	  -2.0390268e-02	   8.3329765e+01	   5.6425491e-02	   5.4248987e-13	
   1.1000000e-01	  -2.4799145e-02	   8.4789608e+01	   5.3131858e-02	   5.4193942e-13	
   1.2000000e-01	  -2.4101794e-02	   8.7329193e+01	   5.0249644e-02	   5.4202645e-13	
   1.3000000e-01	  -4.2089694e-02	   8.3928136e+01	   4.7704363e-02	   5.3978609e-13	
   1.4000000e-01	  -5.3625535e-02	   8.1549068e+01	   4.5433671e-02	   5.3835420e-13	
   1.5000000e-01	  -4.9107261e-02	   8.6991234e+01	   4.3389443e-02	   5.3891458e-13	
   1.6000000e-01	  -5.7441471e-02	   8.6908477e+01	   4.1535271e-02	   5.3788138e-13	
   1.7000000e-01	  -7.6642776e-02	   8.2374109e+01	   3.9843241e-02	   5.3550852e-13	
   1.8000000e-01	  -8.3540708e-02	   8.3154120e+01	   3.8291501e-02	   5.3465864e-13	
   1.9000000e-01	  -8.1685439e-02	   8.6902150e+01	   3.6862520e-02	   5.3488709e-13	
   2.0000000e-01	  -8.9901733e-02	   8.6880529e+01	   3.5541803e-02	   5.3387611e-13	
   2.1000000e-01	  -1.0734954e-01	   8.3516391e+01	   3.4316980e-02	   5.3173556e-13	
   2.2000000e-01	  -1.1882597e-01	   8.1214164e+01	   3.3177218e-02	   5.3033228e-13	
   2.3000000e-01	  -1.1897563e-01	   8.5558819e+01	   3.2112867e-02	   5.3031401e-13	
   2.4000000e-01	  -1.2150628e-01	   8.7160630e+01	   3.1115282e-02	   5.3000508e-13	
   2.5000000e-01	  -1.3638948e-01	   8.5228944e+01	   3.0176779e-02	   5.2819187e-13	
   2.6000000e-01	  -1.5157620e-01	   8.1448824e+01	   2.9290702e-02	   5.2634808e-13	
   2.7000000e-01	  -1.5620905e-01	   8.3836695e+01	   2.8451525e-02	   5.2578689e-13	
   2.8000000e-01	  -1.5971131e-01	   8.5751367e+01	   2.7654938e-02	   5.2536306e-13	
   2.9000000e-01	  -1.7037681e-01	   8.4919510e+01	   2.6897832e-02	   5.2407444e-13	
   3.0000000e-01	  -1.8097315e-01	   8.3937454e+01	   2.6178155e-02	   5.2279731e-13	
   3.1000000e-01	  -1.8653223e-01	   8.5122580e+01	   2.5494619e-02	   5.2212854e-13	
   3.2000000e-01	  -1.9333251e-01	   8.5669001e+01	   2.4846325e-02	   5.2131162e-13	
   3.3000000e-01	  -2.0457001e-01	   8.4628199e+01	   2.4232390e-02	   5.1996446e-13	
   3.4000000e-01	  -2.1456482e-01	   8.3925463e+01	   2.3651673e-02	   5.1876919e-13	
   3.5000000e-01	  -2.1989644e-01	   8.5220333e+01	   2.3102644e-02	   5.1813272e-13	
   3.6000000e-01	  -2.2495954e-01	   8.6295548e+01	   2.2583397e-02	   5.1752902e-13	
   3.7000000e-01	  -2.3453586e-01	   8.5975975e+01	   2.2091751e-02	   5.1638911e-13	
   3.8000000e-01	  -2.4731893e-01	   8.4448276e+01	   2.1625394e-02	   5.1487140e-13	
   3.9000000e-01	  -2.5856617e-01	   8.3096050e+01	   2.1182011e-02	   5.1353972e-13	
   4.0000000e-01	  -2.6610360e-01	   8.3639584e+01	   2.0759384e-02	   5.1264922e-13	
   4.1000000e-01	  -2.7211094e-01	   8.4773718e+01	   2.0355455e-02	   5.1194059e-13	
   4.2000000e-01	  -2.8002973e-01	   8.5013600e+01	   1.9968359e-02	   5.1100799e-13	
   4.3000000e-01	  -2.9086893e-01	   8.4069154e+01	   1.9596434e-02	   5.0973419e-13	
   4.4000000e-01	  -3.0244940e-01	   8.2395061e+01	   1.9238223e-02	   5.0837680e-13	
   4.5000000e-01	  -3.1169904e-01	   8.1909490e+01	   1.8892461e-02	   5.0729520e-13	
   4.6000000e-01	  -3.1755650e-01	   8.3584446e+01	   1.8558068e-02	   5.0661146e-13	
   4.7000000e-01	  -3.2190544e-01	   8.5335813e+01	   1.8234139e-02	   5.0610440e-13	
   4.8000000e-01	  -3.2791474e-01	   8.6128661e+01	   1.7919935e-02	   5.0540459e-13	
   4.9000000e-01	  -3.3740178e-01	   8.5854672e+01	   1.7614873e-02	   5.0430176e-13	
   5.0000000e-01	  -3.4946380e-01	   8.4641443e+01	   1.7318515e-02	   5.0290306e-13	
   5.1000000e-01	  -3.6134982e-01	   8.3063060e+01	   1.7030555e-02	   5.0152857e-13	
   5.2000000e-01	  -3.7067442e-01	   8.2606216e+01	   1.6750791e-02	   5.0045291e-13	
   5.3000000e-01	  -3.7713446e-01	   8.3768479e+01	   1.6479107e-02	   4.9970905e-13	
   5.4000000e-01	  -3.8250155e-01	   8.5090302e+01	   1.6215440e-02	   4.9909188e-13	
   5.5000000e-01	  -3.8914322e-01	   8.5723999e+01	   1.5959747e-02	   4.9832920e-13	
   5.6000000e-01	  -3.9835052e-01	   8.5518995e+01	   1.5711982e-02	   4.9727383e-13	
   5.7000000e-01	  -4.0962527e-01	   8.4545129e+01	   1.5472069e-02	   4.9598453e-13	
   5.8000000e-01	  -4.2120739e-01	   8.3128999e+01	   1.5239884e-02	   4.9466356e-13	
   5.9000000e-01	  -4.3129996e-01	   8.2197043e+01	   1.5015254e-02	   4.9351535e-13	
   6.0000000e-01	  -4.3914661e-01	   8.2677133e+01	   1.4797950e-02	   4.9262449e-13	
   6.1000000e-01	  -4.4535251e-01	   8.3936817e+01	   1.4587695e-02	   4.9192105e-13	
   6.2000000e-01	  -4.5137237e-01	   8.4978555e+01	   1.4384177e-02	   4.9123966e-13	
   6.3000000e-01	  -4.5857850e-01	   8.5450190e+01	   1.4187057e-02	   4.9042524e-13	
   6.4000000e-01	  -4.6750555e-01	   8.5341507e+01	   1.3995981e-02	   4.8941819e-13	
   6.5000000e-01	  -4.7768480e-01	   8.4787073e+01	   1.3810596e-02	   4.8827240e-13	
   6.6000000e-01	  -4.8808165e-01	   8.4061429e+01	   1.3630551e-02	   4.8710490e-13	
   6.7000000e-01	  -4.9778996e-01	   8.3551420e+01	   1.3455511e-02	   4.8601723e-13	
   6.8000000e-01	  -5.0652748e-01	   8.3493873e+01	   1.3285157e-02	   4.8504040e-13	
   6.9000000e-01	  -5.1466507e-01	   8.3731247e+01	   1.3119192e-02	   4.8413240e-13	
   7.0000000e-01	  -5.2285552e-01	   8.3933159e+01	   1.2957339e-02	   4.8322023e-13	
   7.1000000e-01	  -5.3156546e-01	   8.3897052e+01	   1.2799345e-02	   4.8225208e-13	
   7.2000000e-01	  -5.4081294e-01	   8.3609355e+01	   1.2644979e-02	   4.8122631e-13	
   7.3000000e-01	  -5.5022437e-01	   8.3217926e+01	   1.2494032e-02	   4.8018459e-13	
   7.4000000e-01	  -5.5931065e-01	   8.2975741e+01	   1.2346317e-02	   4.7918101e-13	
   7.5000000e-01	  -5.6776218e-01	   8.3080302e+01	   1.2201666e-02	   4.7824941e-13	
   7.6000000e-01	  -5.7560220e-01	   8.3494806e+01	   1.2059931e-02	   4.7738684e-13	
   7.7000000e-01	  -5.8315231e-01	   8.4000878e+01	   1.1920983e-02	   4.7655763e-13	
   7.8000000e-01	  -5.9086448e-01	   8.4388278e+01	   1.1784711e-02	   4.7571211e-13	
   7.9000000e-01	  -5.9911503e-01	   8.4540016e+01	   1.1651020e-02	   4.7480923e-13	
   8.0000000e-01	  -6.0804638e-01	   8.4425200e+01	   1.1519829e-02	   4.7383378e-13	
   8.1000000e-01	  -6.1751111e-01	   8.4086184e+01	   1.1391073e-02	   4.7280227e-13	
   8.2000000e-01	  -6.2713564e-01	   8.3645334e+01	   1.1264699e-02	   4.7175563e-13	
   8.3000000e-01	  -6.3648047e-01	   8.3301048e+01	   1.1140662e-02	   4.7074164e-13	
   8.4000000e-01	  -6.4523315e-01	   8.3243844e+01	   1.1018928e-02	   4.6979387e-13	
   8.5000000e-01	  -6.5334887e-01	   8.3504862e+01	   1.0899468e-02	   4.6891678e-13	
   8.6000000e-01	  -6.6107074e-01	   8.3925775e+01	   1.0782258e-02	   4.6808377e-13	
   8.7000000e-01	  -6.6881792e-01	   8.4297814e+01	   1.0667275e-02	   4.6724952e-13	
   8.8000000e-01	  -6.7699627e-01	   8.4476658e+01	   1.0554498e-02	   4.6637046e-13	
   8.9000000e-01	  -6.8582392e-01	   8.4401680e+01	   1.0443906e-02	   4.6542346e-13	
   9.0000000e-01	  -6.9525123e-01	   8.4081572e+01	   1.0335475e-02	   4.6441425e-13	
   9.1000000e-01	  -7.0500170e-01	   8.3588897e+01	   1.0229178e-02	   4.6337275e-13	
   9.2000000e-01	  -7.1470037e-01	   8.3063210e+01	   1.0124987e-02	   4.6233910e-13	
   9.3000000e-01	  -7.2402183e-01	   8.2689822e+01	   1.0022869e-02	   4.6134782e-13	
   9.4000000e-01	  -7.3279493e-01	   8.2614906e+01	   9.9227900e-03	   4.6041680e-13	
   9.5000000e-01	  -7.4103416e-01	   8.2844008e+01	   9.8247122e-03	   4.5954415e-13	
   9.6000000e-01	  -7.4890472e-01	   8.3249911e+01	   9.7285962e-03	   4.5871209e-13	
   9.7000000e-01	  -7.5665059e-01	   8.3676980e+01	   9.6344014e-03	   4.5789468e-13	
   9.8000000e-01	  -7.6451627e-01	   8.4014846e+01	   9.5420860e-03	   4.5706612e-13	
   9.9000000e-01	  -7.7268354e-01	   8.4208602e+01	   9.4516080e-03	   4.5620738e-13	
   1.0000000e+00	  -7.8123425e-01	   8.4244616e+01	   9.3629255e-03	   4.5531005e-13	
