   0.0000000e+00	   0.0000000e+00	   0.0000000e+00	   1.0494312e-01	   5.4504287e-13	
   1.0000000e-02	   3.0262045e-03	   8.2683495e+01	   8.8456638e-02	   5.4542279e-13	
   2.0000000e-02	   6.8951490e-03	   8.6351706e+01	   7.7158877e-02	   5.4590890e-13	
   3.0000000e-02	   6.0972863e-03	   8.7538118e+01	   6.8859543e-02	   5.4580862e-13	
   4.0000000e-02	   5.0304558e-03	   8.8524949e+01	   6.2395277e-02	   5.4567456e-13	
   5.0000000e-02	  -1.1064159e-02	   8.6384698e+01	   5.7263884e-02	   5.4365607e-13	
   6.0000000e-02	  -2.4012786e-02	   8.4164915e+01	   5.3080001e-02	   5.4203756e-13	
   7.0000000e-02	  -3.4439323e-02	   8.2251644e+01	   4.9544675e-02	   5.4073780e-13	
   8.0000000e-02	  -3.7663436e-02	   8.4599685e+01	   4.6493515e-02	   5.4033651e-13	
   9.0000000e-02	  -4.6489509e-02	   8.4032010e+01	   4.3844159e-02	   5.3923951e-13	
   1.0000000e-01	  -3.9897469e-02	   8.8227040e+01	   4.1536390e-02	   5.4005863e-13	
   1.1000000e-01	  -4.4069726e-02	   8.8869655e+01	   3.9510630e-02	   5.3954005e-13	
   1.2000000e-01	  -4.9269067e-02	   8.9294806e+01	   3.7711413e-02	   5.3889450e-13	
   1.3000000e-01	  -5.1169456e-02	   9.0112094e+01	   3.6092767e-02	   5.3865874e-13	
   1.4000000e-01	  -6.0828107e-02	   8.9919456e+01	   3.4619080e-02	   5.3746211e-13	
   1.5000000e-01	  -7.3973234e-02	   8.9239294e+01	   3.3263979e-02	   5.3583779e-13	
   1.6000000e-01	  -8.2951268e-02	   8.9124788e+01	   3.2009091e-02	   5.3473121e-13	
   1.7000000e-01	  -9.1552126e-02	   8.9071830e+01	   3.0842765e-02	   5.3367327e-13	
   1.8000000e-01	  -1.0441842e-01	   8.8311633e+01	   2.9758264e-02	   5.3209456e-13	
   1.9000000e-01	  -1.1803514e-01	   8.7230762e+01	   2.8751426e-02	   5.3042886e-13	
   2.0000000e-01	  -1.2718177e-01	   8.7045538e+01	   2.7818429e-02	   5.2931290e-13	
   2.1000000e-01	  -1.3176687e-01	   8.7876590e+01	   2.6954462e-02	   5.2875437e-13	
   2.2000000e-01	  -1.3484641e-01	   8.8822125e+01	   2.6153508e-02	   5.2837957e-13	
   2.3000000e-01	  -1.3829805e-01	   8.9547476e+01	   2.5408888e-02	   5.2795980e-13	
   2.4000000e-01	  -1.4209258e-01	   9.0127948e+01	   2.4713961e-02	   5.2749871e-13	
   2.5000000e-01	  -1.4592029e-01	   9.0636127e+01	   2.4062645e-02	   5.2703400e-13	
   2.6000000e-01	  -1.5021792e-01	   9.1046152e+01	   2.3449657e-02	   5.2651272e-13	
   2.7000000e-01	  -1.5586088e-01	   9.1301212e+01	   2.2870540e-02	   5.2582904e-13	
   2.8000000e-01	  -1.6338997e-01	   9.1378809e+01	   2.2321589e-02	   5.2491824e-13	
   2.9000000e-01	  -1.7260484e-01	   9.1307168e+01	   2.1799731e-02	   5.2380565e-13	
   3.0000000e-01	  -1.8269610e-01	   9.1155117e+01	   2.1302421e-02	   5.2258995e-13	
   3.1000000e-01	  -1.9265440e-01	   9.1011823e+01	   2.0827541e-02	   5.2139303e-13	
   3.2000000e-01	  -2.0164778e-01	   9.0959183e+01	   2.0373327e-02	   5.2031444e-13	
   3.3000000e-01	  -2.0920938e-01	   9.1044187e+01	   1.9938304e-02	   5.1940930e-13	
   3.4000000e-01	  -2.1523578e-01	   9.1267608e+01	   1.9521219e-02	   5.1868905e-13	
   3.5000000e-01	  -2.1987433e-01	   9.1596583e+01	   1.9120992e-02	   5.1813535e-13	
   3.6000000e-01	  -2.2338387e-01	   9.1988251e+01	   1.8736662e-02	   5.1771682e-13	
   3.7000000e-01	  -2.2602342e-01	   9.2407069e+01	   1.8367356e-02	   5.1740225e-13	
   3.8000000e-01	  -2.2799249e-01	   9.2830317e+01	   1.8012250e-02	   5.1716772e-13	
   3.9000000e-01	  -2.2942467e-01	   9.3245762e+01	   1.7670562e-02	   5.1699720e-13	
   4.0000000e-01	  -2.3042310e-01	   9.3646690e+01	   1.7341533e-02	   5.1687836e-13	
   4.1000000e-01	  -2.3111712e-01	   9.4027511e+01	   1.7024431e-02	   5.1679577e-13	
   4.2000000e-01	  -2.3171477e-01	   9.4381259e+01	   1.6718545e-02	   5.1672465e-13	
   4.3000000e-01	  -2.3252731e-01	   9.4699169e+01	   1.6423195e-02	   5.1662799e-13	
   4.4000000e-01	  -2.3395084e-01	   9.4971799e+01	   1.6137728e-02	   5.1645867e-13	
   4.5000000e-01	  -2.3640461e-01	   9.5190911e+01	   1.5861526e-02	   5.1616696e-13	
   4.6000000e-01	  -2.4023990e-01	   9.5351435e+01	   1.5594004e-02	   5.1571133e-13	
   4.7000000e-01	  -2.4564357e-01	   9.5453166e+01	   1.5334620e-02	   5.1507006e-13	
   4.8000000e-01	  -2.5256180e-01	   9.5502084e+01	   1.5082878e-02	   5.1425021e-13	
   4.9000000e-01	  -2.6066358e-01	   9.5511254e+01	   1.4838326e-02	   5.1329177e-13	
   5.0000000e-01	  -2.6935248e-01	   9.5501086e+01	   1.4600571e-02	   5.1226586e-13	
   5.1000000e-01	  -2.7782329e-01	   9.5498452e+01	   1.4369271e-02	   5.1126767e-13	
   5.2000000e-01	  -2.8515066e-01	   9.5533922e+01	   1.4144143e-02	   5.1040579e-13	
   5.3000000e-01	  -2.9039168e-01	   9.5636791e+01	   1.3924960e-02	   5.0979021e-13	
   5.4000000e-01	  -2.9268312e-01	   9.5828772e+01	   1.3711544e-02	   5.0952130e-13	
   5.5000000e-01	  -2.9131733e-01	   9.6118789e+01	   1.3503763e-02	   5.0968157e-13	
   5.6000000e-01	  -2.8578614e-01	   9.6501537e+01	   1.3301517e-02	   5.1033111e-13	
   5.7000000e-01	  -2.7578950e-01	   9.6960570e+01	   1.3104732e-02	   5.1150715e-13	
   5.8000000e-01	  -2.6121209e-01	   9.7474027e+01	   1.2913345e-02	   5.1322695e-13	
   5.9000000e-01	  -2.4207645e-01	   9.8020172e+01	   1.2727299e-02	   5.1549329e-13	
   6.0000000e-01	  -2.1848289e-01	   9.8580938e+01	   1.2546528e-02	   5.1830139e-13	
   6.1000000e-01	  -1.9054677e-01	   9.9143287e+01	   1.2370958e-02	   5.2164612e-13	
   6.2000000e-01	  -1.5834202e-01	   9.9699049e+01	   1.2200496e-02	   5.2552872e-13	
   6.3000000e-01	  -1.2185817e-01	   1.0024401e+02	   1.2035038e-02	   5.2996214e-13	
   6.4000000e-01	  -8.0977149e-02	   1.0077677e+02	   1.1874460e-02	   5.3497433e-13	
   6.5000000e-01	  -3.5474187e-02	   1.0129764e+02	   1.1718627e-02	   5.4060896e-13	
   6.6000000e-01	   1.4954955e-02	   1.0180770e+02	   1.1567394e-02	   5.4692296e-13	
   6.7000000e-01	   7.0642630e-02	   1.0230808e+02	   1.1420608e-02	   5.5398107e-13	
   6.8000000e-01	   1.3188142e-01	   1.0279941e+02	   1.1278108e-02	   5.6184795e-13	
   6.9000000e-01	   1.9885264e-01	   1.0328160e+02	   1.1139732e-02	   5.7057918e-13	
   7.0000000e-01	   2.7156710e-01	   1.0375380e+02	   1.1005318e-02	   5.8021289e-13	
   7.1000000e-01	   3.4983264e-01	   1.0421461e+02	   1.0874701e-02	   5.9076387e-13	
   7.2000000e-01	   4.3325696e-01	   1.0466233e+02	   1.0747716e-02	   6.0222164e-13	
   7.3000000e-01	   5.2128511e-01	   1.0509533e+02	   1.0624201e-02	   6.1455276e-13	
   7.4000000e-01	   6.1326145e-01	   1.0551228e+02	   1.0503993e-02	   6.2770676e-13	
   7.5000000e-01	   7.0849987e-01	   1.0591232e+02	   1.0386933e-02	   6.4162407e-13	
   7.6000000e-01	   8.0634508e-01	   1.0629513e+02	   1.0272862e-02	   6.5624373e-13	
   7.7000000e-01	   9.0621274e-01	   1.0666089e+02	   1.0161623e-02	   6.7150915e-13	
   7.8000000e-01	   1.0076050e+00	   1.0701012e+02	   1.0053063e-02	   6.8737093e-13	
   7.9000000e-01	   1.1101078e+00	   1.0734359e+02	   9.9470309e-03	   7.0378732e-13	
   8.0000000e-01	   1.2133829e+00	   1.0766220e+02	   9.8433805e-03	   7.2072394e-13	
   8.1000000e-01	   1.3171721e+00	   1.0796693e+02	   9.7419688e-03	   7.3815551e-13	
   8.2000000e-01	   1.4213244e+00	   1.0825892e+02	   9.6426574e-03	   7.5607190e-13	
   8.3000000e-01	   1.5258527e+00	   1.0853953e+02	   9.5453131e-03	   7.7449021e-13	
   8.4000000e-01	   1.6310117e+00	   1.0881053e+02	   9.4498079e-03	   7.9347240e-13	
   8.5000000e-01	   1.7373795e+00	   1.0907418e+02	   9.3560199e-03	   8.1314615e-13	
   8.6000000e-01	   1.8459174e+00	   1.0933331e+02	   9.2638332e-03	   8.3372419e-13	
   8.7000000e-01	   1.9579780e+00	   1.0959123e+02	   9.1731388e-03	   8.5551664e-13	
   8.8000000e-01	   2.0752386e+00	   1.0985153e+02	   9.0838349e-03	   8.7893047e-13	
   8.9000000e-01	   2.1995485e+00	   1.1011773e+02	   8.9958270e-03	   9.0445197e-13	
   9.0000000e-01	   2.3326970e+00	   1.1039277e+02	   8.9090293e-03	   9.3261062e-13	
   9.1000000e-01	   2.4761326e+00	   1.1067859e+02	   8.8233645e-03	   9.6392650e-13	
   9.2000000e-01	   2.6306834e+00	   1.1097574e+02	   8.7387645e-03	   9.9884708e-13	
   9.3000000e-01	   2.7963355e+00	   1.1128318e+02	   8.6551714e-03	   1.0376818e-12	
   9.4000000e-01	   2.9721230e+00	   1.1159834e+02	   8.5725374e-03	   1.0805452e-12	
   9.5000000e-01	   3.1561586e+00	   1.1191747e+02	   8.4908258e-03	   1.1273182e-12	
   9.6000000e-01	   3.3458012e+00	   1.1223605e+02	   8.4100107e-03	   1.1776352e-12	
   9.7000000e-01	   3.5379286e+00	   1.1254933e+02	   8.3300777e-03	   1.2309021e-12	
   9.8000000e-01	   3.7292629e+00	   1.1285285e+02	   8.2510231e-03	   1.2863435e-12	
   9.9000000e-01	   3.9166944e+00	   1.1314281e+02	   8.1728541e-03	   1.3430745e-12	
   1.0000000e+00	   4.0975599e+00	   1.1341636e+02	   8.0955877e-03	   1.4001890e-12	
