   0.0000000e+00	   0.0000000e+00	   0.0000000e+00	   1.0494312e-01	   5.4504287e-13	
   1.0000000e-02	   3.0661510e-03	   8.2747788e+01	   8.8456638e-02	   5.4542781e-13	
   2.0000000e-02	   6.6828770e-03	   8.6325213e+01	   7.7158877e-02	   5.4588222e-13	
   3.0000000e-02	   4.7511325e-03	   8.7264522e+01	   6.8859543e-02	   5.4563946e-13	
   4.0000000e-02	   2.4386969e-03	   8.8076688e+01	   6.2395277e-02	   5.4534901e-13	
   5.0000000e-02	  -1.2792185e-02	   8.5896599e+01	   5.7263884e-02	   5.4343980e-13	
   6.0000000e-02	  -2.6644138e-02	   8.2730319e+01	   5.3080001e-02	   5.4170924e-13	
   7.0000000e-02	  -3.3724335e-02	   8.2815771e+01	   4.9544675e-02	   5.4082683e-13	
   8.0000000e-02	  -3.7707651e-02	   8.4635903e+01	   4.6493515e-02	   5.4033101e-13	
   9.0000000e-02	  -4.3645004e-02	   8.5301753e+01	   4.3844159e-02	   5.3959282e-13	
   1.0000000e-01	  -3.7966056e-02	   8.8619401e+01	   4.1536390e-02	   5.4029886e-13	
   1.1000000e-01	  -4.4819830e-02	   8.8791422e+01	   3.9510630e-02	   5.3944687e-13	
   1.2000000e-01	  -4.9948486e-02	   8.9238722e+01	   3.7711413e-02	   5.3881020e-13	
   1.3000000e-01	  -5.5011313e-02	   8.9663663e+01	   3.6092767e-02	   5.3818245e-13	
   1.4000000e-01	  -6.8789589e-02	   8.8822723e+01	   3.4619080e-02	   5.3647773e-13	
   1.5000000e-01	  -8.2294793e-02	   8.7851746e+01	   3.3263979e-02	   5.3481205e-13	
   1.6000000e-01	  -9.0705289e-02	   8.7815469e+01	   3.2009091e-02	   5.3377734e-13	
   1.7000000e-01	  -1.0047393e-01	   8.7497412e+01	   3.0842765e-02	   5.3257805e-13	
   1.8000000e-01	  -1.1344893e-01	   8.6326322e+01	   2.9758264e-02	   5.3098930e-13	
   1.9000000e-01	  -1.2407366e-01	   8.5617322e+01	   2.8751426e-02	   5.2969185e-13	
   2.0000000e-01	  -1.2956431e-01	   8.6496511e+01	   2.7818429e-02	   5.2902260e-13	
   2.1000000e-01	  -1.3255494e-01	   8.7775482e+01	   2.6954462e-02	   5.2865843e-13	
   2.2000000e-01	  -1.3568200e-01	   8.8739553e+01	   2.6153508e-02	   5.2827792e-13	
   2.3000000e-01	  -1.3892017e-01	   8.9512200e+01	   2.5408888e-02	   5.2788418e-13	
   2.4000000e-01	  -1.4155501e-01	   9.0238149e+01	   2.4713961e-02	   5.2756401e-13	
   2.5000000e-01	  -1.4416327e-01	   9.0862198e+01	   2.4062645e-02	   5.2724726e-13	
   2.6000000e-01	  -1.4833403e-01	   9.1266546e+01	   2.3449657e-02	   5.2674116e-13	
   2.7000000e-01	  -1.5529680e-01	   9.1395142e+01	   2.2870540e-02	   5.2589735e-13	
   2.8000000e-01	  -1.6507506e-01	   9.1271045e+01	   2.2321589e-02	   5.2471461e-13	
   2.9000000e-01	  -1.7661897e-01	   9.0976224e+01	   2.1799731e-02	   5.2332172e-13	
   3.0000000e-01	  -1.8848079e-01	   9.0629118e+01	   2.1302421e-02	   5.2189433e-13	
   3.1000000e-01	  -1.9945916e-01	   9.0354525e+01	   2.0827541e-02	   5.2057672e-13	
   3.2000000e-01	  -2.0891276e-01	   9.0241768e+01	   2.0373327e-02	   5.1944478e-13	
   3.3000000e-01	  -2.1674390e-01	   9.0313577e+01	   1.9938304e-02	   5.1850897e-13	
   3.4000000e-01	  -2.2320570e-01	   9.0533275e+01	   1.9521219e-02	   5.1773806e-13	
   3.5000000e-01	  -2.2869047e-01	   9.0840418e+01	   1.9120992e-02	   5.1708461e-13	
   3.6000000e-01	  -2.3358694e-01	   9.1181193e+01	   1.8736662e-02	   5.1650195e-13	
   3.7000000e-01	  -2.3822151e-01	   9.1518949e+01	   1.8367356e-02	   5.1595106e-13	
   3.8000000e-01	  -2.4285736e-01	   9.1831735e+01	   1.8012250e-02	   5.1540060e-13	
   3.9000000e-01	  -2.4771697e-01	   9.2106546e+01	   1.7670562e-02	   5.1482421e-13	
   4.0000000e-01	  -2.5300316e-01	   9.2334849e+01	   1.7341533e-02	   5.1419795e-13	
   4.1000000e-01	  -2.5890675e-01	   9.2510196e+01	   1.7024431e-02	   5.1349945e-13	
   4.2000000e-01	  -2.6559971e-01	   9.2627358e+01	   1.6718545e-02	   5.1270870e-13	
   4.3000000e-01	  -2.7321719e-01	   9.2682368e+01	   1.6423195e-02	   5.1181020e-13	
   4.4000000e-01	  -2.8183381e-01	   9.2673080e+01	   1.6137728e-02	   5.1079575e-13	
   4.5000000e-01	  -2.9143901e-01	   9.2600162e+01	   1.5861526e-02	   5.0966729e-13	
   4.6000000e-01	  -3.0191608e-01	   9.2468611e+01	   1.5594004e-02	   5.0843923e-13	
   4.7000000e-01	  -3.1302910e-01	   9.2289858e+01	   1.5334620e-02	   5.0713986e-13	
   4.8000000e-01	  -3.2442253e-01	   9.2084333e+01	   1.5082878e-02	   5.0581116e-13	
   4.9000000e-01	  -3.3563693e-01	   9.1883700e+01	   1.4838326e-02	   5.0450673e-13	
   5.0000000e-01	  -3.4614217e-01	   9.1730894e+01	   1.4600571e-02	   5.0328785e-13	
   5.1000000e-01	  -3.5538572e-01	   9.1675077e+01	   1.4369271e-02	   5.0221778e-13	
   5.2000000e-01	  -3.6284908e-01	   9.1759856e+01	   1.4144143e-02	   5.0135546e-13	
   5.3000000e-01	  -3.6810210e-01	   9.2008252e+01	   1.3924960e-02	   5.0074941e-13	
   5.4000000e-01	  -3.7084407e-01	   9.2413664e+01	   1.3711544e-02	   5.0043336e-13	
   5.5000000e-01	  -3.7092224e-01	   9.2943955e+01	   1.3503763e-02	   5.0042435e-13	
   5.6000000e-01	  -3.6832364e-01	   9.3555327e+01	   1.3301517e-02	   5.0072387e-13	
   5.7000000e-01	  -3.6314244e-01	   9.4206285e+01	   1.3104732e-02	   5.0132160e-13	
   5.8000000e-01	  -3.5553076e-01	   9.4865391e+01	   1.2913345e-02	   5.0220101e-13	
   5.9000000e-01	  -3.4564429e-01	   9.5512809e+01	   1.2727299e-02	   5.0334555e-13	
   6.0000000e-01	  -3.3359391e-01	   9.6138444e+01	   1.2546528e-02	   5.0474412e-13	
   6.1000000e-01	  -3.1941166e-01	   9.6739061e+01	   1.2370958e-02	   5.0639510e-13	
   6.2000000e-01	  -3.0303495e-01	   9.7315599e+01	   1.2200496e-02	   5.0830826e-13	
   6.3000000e-01	  -2.8430827e-01	   9.7871107e+01	   1.2035038e-02	   5.1050480e-13	
   6.4000000e-01	  -2.6299900e-01	   9.8409288e+01	   1.1874460e-02	   5.1301582e-13	
   6.5000000e-01	  -2.3882257e-01	   9.8933598e+01	   1.1718627e-02	   5.1587966e-13	
   6.6000000e-01	  -2.1147277e-01	   9.9446724e+01	   1.1567394e-02	   5.1913867e-13	
   6.7000000e-01	  -1.8065438e-01	   9.9950371e+01	   1.1420608e-02	   5.2283568e-13	
   6.8000000e-01	  -1.4611599e-01	   1.0044523e+02	   1.1278108e-02	   5.2701025e-13	
   6.9000000e-01	  -1.0768133e-01	   1.0093109e+02	   1.1139732e-02	   5.3169494e-13	
   7.0000000e-01	  -6.5276609e-02	   1.0140696e+02	   1.1005318e-02	   5.3691186e-13	
   7.1000000e-01	  -1.8950161e-02	   1.0187137e+02	   1.0874701e-02	   5.4266979e-13	
   7.2000000e-01	   3.1119336e-02	   1.0232256e+02	   1.0747716e-02	   5.4896239e-13	
   7.3000000e-01	   8.4629269e-02	   1.0275872e+02	   1.0624201e-02	   5.5576806e-13	
   7.4000000e-01	   1.4117467e-01	   1.0317826e+02	   1.0503993e-02	   5.6305151e-13	
   7.5000000e-01	   2.0028236e-01	   1.0357994e+02	   1.0386933e-02	   5.7076705e-13	
   7.6000000e-01	   2.6145186e-01	   1.0396300e+02	   1.0272862e-02	   5.7886307e-13	
   7.7000000e-01	   3.2419561e-01	   1.0432717e+02	   1.0161623e-02	   5.8728677e-13	
   7.8000000e-01	   3.8807148e-01	   1.0467268e+02	   1.0053063e-02	   5.9598840e-13	
   7.9000000e-01	   4.5270274e-01	   1.0500014e+02	   9.9470309e-03	   6.0492416e-13	
   8.0000000e-01	   5.1778515e-01	   1.0531047e+02	   9.8433805e-03	   6.1405769e-13	
   8.1000000e-01	   5.8308477e-01	   1.0560474e+02	   9.7419688e-03	   6.2336030e-13	
   8.2000000e-01	   6.4843370e-01	   1.0588415e+02	   9.6426574e-03	   6.3281101e-13	
   8.3000000e-01	   7.1373209e-01	   1.0614993e+02	   9.5453131e-03	   6.4239754e-13	
   8.4000000e-01	   7.7896363e-01	   1.0640347e+02	   9.4498079e-03	   6.5211925e-13	
   8.5000000e-01	   8.4422756e-01	   1.0664630e+02	   9.3560199e-03	   6.6199303e-13	
   8.6000000e-01	   9.0978460e-01	   1.0688026e+02	   9.2638332e-03	   6.7206166e-13	
   8.7000000e-01	   9.7610776e-01	   1.0710760e+02	   9.1731388e-03	   6.8240380e-13	
   8.8000000e-01	   1.0439236e+00	   1.0733103e+02	   9.0838349e-03	   6.9314328e-13	
   8.9000000e-01	   1.1142263e+00	   1.0755366e+02	   8.9958270e-03	   7.0445505e-13	
   9.0000000e-01	   1.1882479e+00	   1.0777886e+02	   8.9090293e-03	   7.1656476e-13	
   9.1000000e-01	   1.2673733e+00	   1.0801000e+02	   8.8233645e-03	   7.2973972e-13	
   9.2000000e-01	   1.3529978e+00	   1.0824997e+02	   8.7387645e-03	   7.4426987e-13	
   9.3000000e-01	   1.4463401e+00	   1.0850082e+02	   8.6551714e-03	   7.6043950e-13	
   9.4000000e-01	   1.5482356e+00	   1.0876332e+02	   8.5725374e-03	   7.7849212e-13	
   9.5000000e-01	   1.6589478e+00	   1.0903677e+02	   8.4908258e-03	   7.9859289e-13	
   9.6000000e-01	   1.7780373e+00	   1.0931891e+02	   8.4100107e-03	   8.2079441e-13	
   9.7000000e-01	   1.9043212e+00	   1.0960620e+02	   8.3300777e-03	   8.4501180e-13	
   9.8000000e-01	   2.0359389e+00	   1.0989415e+02	   8.2510231e-03	   8.7101282e-13	
   9.9000000e-01	   2.1705187e+00	   1.1017791e+02	   8.1728541e-03	   8.9842646e-13	
   1.0000000e+00	   2.3054193e+00	   1.1045275e+02	   8.0955877e-03	   9.2677132e-13	
