   0.0000000e+00	   0.0000000e+00	   0.0000000e+00	   2.0988624e-01	   5.4504287e-13	
   1.0000000e-02	   1.3943030e-02	   8.3847414e+01	   1.5225138e-01	   5.4679554e-13	
   2.0000000e-02	   1.8528488e-02	   8.4658713e+01	   1.2388884e-01	   5.4737317e-13	
   3.0000000e-02	   1.7761183e-02	   8.4336253e+01	   1.0582039e-01	   5.4727647e-13	
   4.0000000e-02	   9.4297731e-03	   7.9557233e+01	   9.3045931e-02	   5.4622760e-13	
   5.0000000e-02	   9.5156050e-03	   8.3033282e+01	   8.3368793e-02	   5.4623839e-13	
   6.0000000e-02	   1.5271180e-02	   8.7103125e+01	   7.5802509e-02	   5.4696278e-13	
   7.0000000e-02	   4.7663050e-03	   8.5702201e+01	   6.9689174e-02	   5.4564137e-13	
   8.0000000e-02	  -5.1979519e-03	   8.4228907e+01	   6.4582315e-02	   5.4439091e-13	
   9.0000000e-02	  -9.9681448e-04	   8.7688053e+01	   6.0211041e-02	   5.4491778e-13	
   1.0000000e-01	  -2.0353845e-02	   8.3601803e+01	   5.6425491e-02	   5.4249442e-13	
   1.1000000e-01	  -2.7818951e-02	   8.3590343e+01	   5.3131858e-02	   5.4156272e-13	
   1.2000000e-01	  -2.5624562e-02	   8.7129039e+01	   5.0249644e-02	   5.4183643e-13	
   1.3000000e-01	  -3.4342792e-02	   8.6897155e+01	   4.7704363e-02	   5.4074982e-13	
   1.4000000e-01	  -5.5233232e-02	   8.0488945e+01	   4.5433671e-02	   5.3815495e-13	
   1.5000000e-01	  -5.7498032e-02	   8.4436855e+01	   4.3389443e-02	   5.3787438e-13	
   1.6000000e-01	  -5.4438623e-02	   8.7773592e+01	   4.1535271e-02	   5.3825342e-13	
   1.7000000e-01	  -6.7826909e-02	   8.6472332e+01	   3.9843241e-02	   5.3659666e-13	
   1.8000000e-01	  -8.5300694e-02	   8.2368970e+01	   3.8291501e-02	   5.3444201e-13	
   1.9000000e-01	  -9.0224372e-02	   8.4221248e+01	   3.6862520e-02	   5.3383645e-13	
   2.0000000e-01	  -8.9555331e-02	   8.7139099e+01	   3.5541803e-02	   5.3391869e-13	
   2.1000000e-01	  -9.6284637e-02	   8.7467395e+01	   3.4316980e-02	   5.3309204e-13	
   2.2000000e-01	  -1.1246499e-01	   8.5163436e+01	   3.3177218e-02	   5.3110961e-13	
   2.3000000e-01	  -1.2622727e-01	   8.2292218e+01	   3.2112867e-02	   5.2942925e-13	
   2.4000000e-01	  -1.2839652e-01	   8.5345958e+01	   3.1115282e-02	   5.2916487e-13	
   2.5000000e-01	  -1.2956855e-01	   8.7355779e+01	   3.0176779e-02	   5.2902209e-13	
   2.6000000e-01	  -1.4171451e-01	   8.6365294e+01	   2.9290702e-02	   5.2754463e-13	
   2.7000000e-01	  -1.5695905e-01	   8.3716237e+01	   2.8451525e-02	   5.2569610e-13	
   2.8000000e-01	  -1.6431610e-01	   8.4185835e+01	   2.7654938e-02	   5.2480631e-13	
   2.9000000e-01	  -1.6902392e-01	   8.5615238e+01	   2.6897832e-02	   5.2423772e-13	
   3.0000000e-01	  -1.7936238e-01	   8.4884336e+01	   2.6178155e-02	   5.2299125e-13	
   3.1000000e-01	  -1.9154135e-01	   8.3022607e+01	   2.5494619e-02	   5.2152667e-13	
   3.2000000e-01	  -1.9912171e-01	   8.3490657e+01	   2.4846325e-02	   5.2061717e-13	
   3.3000000e-01	  -2.0459909e-01	   8.4853312e+01	   2.4232390e-02	   5.1996098e-13	
   3.4000000e-01	  -2.1356840e-01	   8.4634468e+01	   2.3651673e-02	   5.1888823e-13	
   3.5000000e-01	  -2.2533799e-01	   8.2971027e+01	   2.3102644e-02	   5.1748392e-13	
   3.6000000e-01	  -2.3487681e-01	   8.2273609e+01	   2.2583397e-02	   5.1634857e-13	
   3.7000000e-01	  -2.4029278e-01	   8.4058671e+01	   2.2091751e-02	   5.1570505e-13	
   3.8000000e-01	  -2.4477994e-01	   8.5639112e+01	   2.1625394e-02	   5.1517249e-13	
   3.9000000e-01	  -2.5227249e-01	   8.5963454e+01	   2.1182011e-02	   5.1428447e-13	
   4.0000000e-01	  -2.6322381e-01	   8.5154181e+01	   2.0759384e-02	   5.1298927e-13	
   4.1000000e-01	  -2.7467154e-01	   8.3933491e+01	   2.0355455e-02	   5.1163884e-13	
   4.2000000e-01	  -2.8347998e-01	   8.3806858e+01	   1.9968359e-02	   5.1060218e-13	
   4.3000000e-01	  -2.8920892e-01	   8.5023378e+01	   1.9596434e-02	   5.0992907e-13	
   4.4000000e-01	  -2.9423658e-01	   8.6177080e+01	   1.9238223e-02	   5.0933908e-13	
   4.5000000e-01	  -3.0152481e-01	   8.6523914e+01	   1.8892461e-02	   5.0848504e-13	
   4.6000000e-01	  -3.1221054e-01	   8.5916748e+01	   1.8558068e-02	   5.0723546e-13	
   4.7000000e-01	  -3.2489275e-01	   8.4436442e+01	   1.8234139e-02	   5.0575640e-13	
   4.8000000e-01	  -3.3686127e-01	   8.2669064e+01	   1.7919935e-02	   5.0436452e-13	
   4.9000000e-01	  -3.4608647e-01	   8.2224088e+01	   1.7614873e-02	   5.0329430e-13	
   5.0000000e-01	  -3.5247784e-01	   8.3535467e+01	   1.7318515e-02	   5.0255416e-13	
   5.1000000e-01	  -3.5769586e-01	   8.4998027e+01	   1.7030555e-02	   5.0195071e-13	
   5.2000000e-01	  -3.6390293e-01	   8.5791595e+01	   1.6750791e-02	   5.0123382e-13	
   5.3000000e-01	  -3.7242432e-01	   8.5800152e+01	   1.6479107e-02	   5.0025130e-13	
   5.4000000e-01	  -3.8311012e-01	   8.5088765e+01	   1.6215440e-02	   4.9902195e-13	
   5.5000000e-01	  -3.9460678e-01	   8.3872004e+01	   1.5959747e-02	   4.9770268e-13	
   5.6000000e-01	  -4.0522987e-01	   8.2762068e+01	   1.5711982e-02	   4.9648676e-13	
   5.7000000e-01	  -4.1389718e-01	   8.2706738e+01	   1.5472069e-02	   4.9549690e-13	
   5.8000000e-01	  -4.2063885e-01	   8.3721999e+01	   1.5239884e-02	   4.9472832e-13	
   5.9000000e-01	  -4.2647093e-01	   8.4898649e+01	   1.5015254e-02	   4.9406441e-13	
   6.0000000e-01	  -4.3276894e-01	   8.5679309e+01	   1.4797950e-02	   4.9334845e-13	
   6.1000000e-01	  -4.4053143e-01	   8.5929087e+01	   1.4587695e-02	   4.9246743e-13	
   6.2000000e-01	  -4.4994076e-01	   8.5681768e+01	   1.4384177e-02	   4.9140162e-13	
   6.3000000e-01	  -4.6041358e-01	   8.5057239e+01	   1.4187057e-02	   4.9021805e-13	
   6.4000000e-01	  -4.7103395e-01	   8.4270553e+01	   1.3995981e-02	   4.8902072e-13	
   6.5000000e-01	  -4.8106634e-01	   8.3618719e+01	   1.3810596e-02	   4.8789237e-13	
   6.6000000e-01	  -4.9025774e-01	   8.3327745e+01	   1.3630551e-02	   4.8686089e-13	
   6.7000000e-01	  -4.9881854e-01	   8.3363340e+01	   1.3455511e-02	   4.8590213e-13	
   6.8000000e-01	  -5.0717660e-01	   8.3504162e+01	   1.3285157e-02	   4.8496791e-13	
   6.9000000e-01	  -5.1569591e-01	   8.3561622e+01	   1.3119192e-02	   4.8401751e-13	
   7.0000000e-01	  -5.2450981e-01	   8.3471935e+01	   1.2957339e-02	   4.8303620e-13	
   7.1000000e-01	  -5.3351015e-01	   8.3283982e+01	   1.2799345e-02	   4.8203619e-13	
   7.2000000e-01	  -5.4244622e-01	   8.3124517e+01	   1.2644979e-02	   4.8104537e-13	
   7.3000000e-01	  -5.5106124e-01	   8.3139012e+01	   1.2494032e-02	   4.8009207e-13	
   7.4000000e-01	  -5.5921140e-01	   8.3398957e+01	   1.2346317e-02	   4.7919196e-13	
   7.5000000e-01	  -5.6693588e-01	   8.3844676e+01	   1.2201666e-02	   4.7834041e-13	
   7.6000000e-01	  -5.7445993e-01	   8.4330799e+01	   1.2059931e-02	   4.7751241e-13	
   7.7000000e-01	  -5.8212472e-01	   8.4713475e+01	   1.1920983e-02	   4.7667040e-13	
   7.8000000e-01	  -5.9026066e-01	   8.4896901e+01	   1.1784711e-02	   4.7577826e-13	
   7.9000000e-01	  -5.9905095e-01	   8.4839552e+01	   1.1651020e-02	   4.7481624e-13	
   8.0000000e-01	  -6.0844665e-01	   8.4552056e+01	   1.1519829e-02	   4.7379011e-13	
   8.1000000e-01	  -6.1817752e-01	   8.4103297e+01	   1.1391073e-02	   4.7272972e-13	
   8.2000000e-01	  -6.2785753e-01	   8.3629133e+01	   1.1264699e-02	   4.7167722e-13	
   8.3000000e-01	  -6.3713636e-01	   8.3310269e+01	   1.1140662e-02	   4.7067055e-13	
   8.4000000e-01	  -6.4582705e-01	   8.3282339e+01	   1.1018928e-02	   4.6972963e-13	
   8.5000000e-01	  -6.5395695e-01	   8.3535891e+01	   1.0899468e-02	   4.6885113e-13	
   8.6000000e-01	  -6.6173162e-01	   8.3934754e+01	   1.0782258e-02	   4.6801255e-13	
   8.7000000e-01	  -6.6944226e-01	   8.4324694e+01	   1.0667275e-02	   4.6718236e-13	
   8.8000000e-01	  -6.7736439e-01	   8.4601962e+01	   1.0554498e-02	   4.6633093e-13	
   8.9000000e-01	  -6.8568512e-01	   8.4717559e+01	   1.0443906e-02	   4.6543833e-13	
   9.0000000e-01	  -6.9447237e-01	   8.4659744e+01	   1.0335475e-02	   4.6449754e-13	
   9.1000000e-01	  -7.0367880e-01	   8.4441003e+01	   1.0229178e-02	   4.6351392e-13	
   9.2000000e-01	  -7.1316643e-01	   8.4094931e+01	   1.0124987e-02	   4.6250243e-13	
   9.3000000e-01	  -7.2274218e-01	   8.3680305e+01	   1.0022869e-02	   4.6148378e-13	
   9.4000000e-01	  -7.3220068e-01	   8.3284142e+01	   9.9227900e-03	   4.6047981e-13	
   9.5000000e-01	  -7.4137088e-01	   8.3008620e+01	   9.8247122e-03	   4.5950852e-13	
   9.6000000e-01	  -7.5015774e-01	   8.2931038e+01	   9.7285962e-03	   4.5857976e-13	
   9.7000000e-01	  -7.5856560e-01	   8.3058496e+01	   9.6344014e-03	   4.5769282e-13	
   9.8000000e-01	  -7.6669239e-01	   8.3324405e+01	   9.5420860e-03	   4.5683716e-13	
   9.9000000e-01	  -7.7469463e-01	   8.3632386e+01	   9.4516080e-03	   4.5599617e-13	
   1.0000000e+00	  -7.8273607e-01	   8.3902215e+01	   9.3629255e-03	   4.5515263e-13	
