   0.0000000e+00	   0.0000000e+00	   0.0000000e+00	   1.0494312e-01	   5.4504287e-13	
   1.0000000e-02	   3.1262246e-03	   8.2843678e+01	   8.8456638e-02	   5.4543535e-13	
   2.0000000e-02	   6.3656174e-03	   8.6284108e+01	   7.7158877e-02	   5.4584234e-13	
   3.0000000e-02	   2.8144093e-03	   8.6831758e+01	   6.8859543e-02	   5.4539619e-13	
   4.0000000e-02	  -1.3386844e-03	   8.7314240e+01	   6.2395277e-02	   5.4487489e-13	
   5.0000000e-02	  -1.4872256e-02	   8.5226829e+01	   5.7263884e-02	   5.4317958e-13	
   6.0000000e-02	  -2.9535744e-02	   8.0271904e+01	   5.3080001e-02	   5.4134868e-13	
   7.0000000e-02	  -3.1894252e-02	   8.3962743e+01	   4.9544675e-02	   5.4105478e-13	
   8.0000000e-02	  -3.7290389e-02	   8.4894394e+01	   4.6493515e-02	   5.4038293e-13	
   9.0000000e-02	  -3.9424579e-02	   8.6711196e+01	   4.3844159e-02	   5.4011744e-13	
   1.0000000e-01	  -3.7478031e-02	   8.8768273e+01	   4.1536390e-02	   5.4035958e-13	
   1.1000000e-01	  -4.7586562e-02	   8.8375689e+01	   3.9510630e-02	   5.3910332e-13	
   1.2000000e-01	  -5.3303228e-02	   8.8775162e+01	   3.7711413e-02	   5.3839416e-13	
   1.3000000e-01	  -6.3842362e-02	   8.8340509e+01	   3.6092767e-02	   5.3708920e-13	
   1.4000000e-01	  -8.0438213e-02	   8.6406094e+01	   3.4619080e-02	   5.3504072e-13	
   1.5000000e-01	  -9.1125778e-02	   8.5628668e+01	   3.3263979e-02	   5.3372566e-13	
   1.6000000e-01	  -9.7986091e-02	   8.6083856e+01	   3.2009091e-02	   5.3288323e-13	
   1.7000000e-01	  -1.0773511e-01	   8.5610465e+01	   3.0842765e-02	   5.3168835e-13	
   1.8000000e-01	  -1.1713581e-01	   8.5226337e+01	   2.9758264e-02	   5.3053871e-13	
   1.9000000e-01	  -1.2182612e-01	   8.6418950e+01	   2.8751426e-02	   5.2996605e-13	
   2.0000000e-01	  -1.2421542e-01	   8.7853542e+01	   2.7818429e-02	   5.2967456e-13	
   2.1000000e-01	  -1.2760283e-01	   8.8768287e+01	   2.6954462e-02	   5.2926159e-13	
   2.2000000e-01	  -1.3137320e-01	   8.9469766e+01	   2.6153508e-02	   5.2880231e-13	
   2.3000000e-01	  -1.3399004e-01	   9.0212011e+01	   2.5408888e-02	   5.2848377e-13	
   2.4000000e-01	  -1.3636140e-01	   9.0870300e+01	   2.4713961e-02	   5.2819528e-13	
   2.5000000e-01	  -1.4103373e-01	   9.1231343e+01	   2.4062645e-02	   5.2762733e-13	
   2.6000000e-01	  -1.4966695e-01	   9.1207830e+01	   2.3449657e-02	   5.2657952e-13	
   2.7000000e-01	  -1.6189228e-01	   9.0833378e+01	   2.2870540e-02	   5.2509929e-13	
   2.8000000e-01	  -1.7593875e-01	   9.0218482e+01	   2.2321589e-02	   5.2340369e-13	
   2.9000000e-01	  -1.8985572e-01	   8.9525143e+01	   2.1799731e-02	   5.2172913e-13	
   3.0000000e-01	  -2.0234108e-01	   8.8935897e+01	   2.1302421e-02	   5.2023139e-13	
   3.1000000e-01	  -2.1292508e-01	   8.8592788e+01	   2.0827541e-02	   5.1896510e-13	
   3.2000000e-01	  -2.2174245e-01	   8.8536198e+01	   2.0373327e-02	   5.1791253e-13	
   3.3000000e-01	  -2.2921275e-01	   8.8707124e+01	   1.9938304e-02	   5.1702243e-13	
   3.4000000e-01	  -2.3582072e-01	   8.9006027e+01	   1.9521219e-02	   5.1623636e-13	
   3.5000000e-01	  -2.4203226e-01	   8.9342171e+01	   1.9120992e-02	   5.1549853e-13	
   3.6000000e-01	  -2.4829153e-01	   8.9647830e+01	   1.8736662e-02	   5.1475611e-13	
   3.7000000e-01	  -2.5502735e-01	   8.9874355e+01	   1.8367356e-02	   5.1395835e-13	
   3.8000000e-01	  -2.6262493e-01	   8.9986522e+01	   1.8012250e-02	   5.1306001e-13	
   3.9000000e-01	  -2.7135988e-01	   8.9959989e+01	   1.7670562e-02	   5.1202913e-13	
   4.0000000e-01	  -2.8132181e-01	   8.9781644e+01	   1.7341533e-02	   5.1085598e-13	
   4.1000000e-01	  -2.9236446e-01	   8.9452547e+01	   1.7024431e-02	   5.0955869e-13	
   4.2000000e-01	  -3.0410923e-01	   8.8994226e+01	   1.6718545e-02	   5.0818254e-13	
   4.3000000e-01	  -3.1600665e-01	   8.8459166e+01	   1.6423195e-02	   5.0679228e-13	
   4.4000000e-01	  -3.2743783e-01	   8.7942687e+01	   1.6137728e-02	   5.0546010e-13	
   4.5000000e-01	  -3.3782374e-01	   8.7582163e+01	   1.5861526e-02	   5.0425276e-13	
   4.6000000e-01	  -3.4671010e-01	   8.7518073e+01	   1.5594004e-02	   5.0322204e-13	
   4.7000000e-01	  -3.5380823e-01	   8.7818295e+01	   1.5334620e-02	   5.0240024e-13	
   4.8000000e-01	  -3.5899100e-01	   8.8435712e+01	   1.5082878e-02	   5.0180104e-13	
   4.9000000e-01	  -3.6225923e-01	   8.9252031e+01	   1.4838326e-02	   5.0142356e-13	
   5.0000000e-01	  -3.6370127e-01	   9.0150699e+01	   1.4600571e-02	   5.0125709e-13	
   5.1000000e-01	  -3.6346480e-01	   9.1051792e+01	   1.4369271e-02	   5.0128439e-13	
   5.2000000e-01	  -3.6174759e-01	   9.1910510e+01	   1.4144143e-02	   5.0148264e-13	
   5.3000000e-01	  -3.5880076e-01	   9.2704782e+01	   1.3924960e-02	   5.0182302e-13	
   5.4000000e-01	  -3.5492968e-01	   9.3425187e+01	   1.3711544e-02	   5.0227052e-13	
   5.5000000e-01	  -3.5047768e-01	   9.4069355e+01	   1.3503763e-02	   5.0278567e-13	
   5.6000000e-01	  -3.4578621e-01	   9.4639499e+01	   1.3301517e-02	   5.0332910e-13	
   5.7000000e-01	  -3.4113644e-01	   9.5141503e+01	   1.3104732e-02	   5.0386828e-13	
   5.8000000e-01	  -3.3668682e-01	   9.5584529e+01	   1.2913345e-02	   5.0438479e-13	
   5.9000000e-01	  -3.3242378e-01	   9.5980587e+01	   1.2727299e-02	   5.0488013e-13	
   6.0000000e-01	  -3.2813930e-01	   9.6343795e+01	   1.2546528e-02	   5.0537846e-13	
   6.1000000e-01	  -3.2344088e-01	   9.6689230e+01	   1.2370958e-02	   5.0592550e-13	
   6.2000000e-01	  -3.1779088e-01	   9.7031467e+01	   1.2200496e-02	   5.0658412e-13	
   6.3000000e-01	  -3.1056598e-01	   9.7382984e+01	   1.2035038e-02	   5.0742757e-13	
   6.4000000e-01	  -3.0112418e-01	   9.7752809e+01	   1.1874460e-02	   5.0853195e-13	
   6.5000000e-01	  -2.8886827e-01	   9.8145728e+01	   1.1718627e-02	   5.0996907e-13	
   6.6000000e-01	  -2.7329720e-01	   9.8562273e+01	   1.1567394e-02	   5.1180078e-13	
   6.7000000e-01	  -2.5404169e-01	   9.8999412e+01	   1.1420608e-02	   5.1407501e-13	
   6.8000000e-01	  -2.3088399e-01	   9.9451669e+01	   1.1278108e-02	   5.1682351e-13	
   6.9000000e-01	  -2.0376466e-01	   9.9912327e+01	   1.1139732e-02	   5.2006089e-13	
   7.0000000e-01	  -1.7277967e-01	   1.0037443e+02	   1.1005318e-02	   5.2378456e-13	
   7.1000000e-01	  -1.3817069e-01	   1.0083150e+02	   1.0874701e-02	   5.2797528e-13	
   7.2000000e-01	  -1.0030921e-01	   1.0127791e+02	   1.0747716e-02	   5.3259825e-13	
   7.3000000e-01	  -5.9674139e-02	   1.0170910e+02	   1.0624201e-02	   5.3760493e-13	
   7.4000000e-01	  -1.6821539e-02	   1.0212157e+02	   1.0503993e-02	   5.4293583e-13	
   7.5000000e-01	   2.7653805e-02	   1.0251295e+02	   1.0386933e-02	   5.4852451e-13	
   7.6000000e-01	   7.3163530e-02	   1.0288184e+02	   1.0272862e-02	   5.5430272e-13	
   7.7000000e-01	   1.1917394e-01	   1.0322785e+02	   1.0161623e-02	   5.6020638e-13	
   7.8000000e-01	   1.6525205e-01	   1.0355147e+02	   1.0053063e-02	   5.6618175e-13	
   7.9000000e-01	   2.1110359e-01	   1.0385399e+02	   9.9470309e-03	   5.7219099e-13	
   8.0000000e-01	   2.5659805e-01	   1.0413737e+02	   9.8433805e-03	   5.7821648e-13	
   8.1000000e-01	   3.0177806e-01	   1.0440410e+02	   9.7419688e-03	   5.8426311e-13	
   8.2000000e-01	   3.4685316e-01	   1.0465704e+02	   9.6426574e-03	   5.9035871e-13	
   8.3000000e-01	   3.9218115e-01	   1.0489925e+02	   9.5453131e-03	   5.9655264e-13	
   8.4000000e-01	   4.3824260e-01	   1.0513384e+02	   9.4498079e-03	   6.0291338e-13	
   8.5000000e-01	   4.8561458e-01	   1.0536383e+02	   9.3560199e-03	   6.0952583e-13	
   8.6000000e-01	   5.3494965e-01	   1.0559211e+02	   9.2638332e-03	   6.1648941e-13	
   8.7000000e-01	   5.8696263e-01	   1.0582136e+02	   9.1731388e-03	   6.2391715e-13	
   8.8000000e-01	   6.4242470e-01	   1.0605409e+02	   9.0838349e-03	   6.3193605e-13	
   8.9000000e-01	   7.0215915e-01	   1.0629256e+02	   8.9958270e-03	   6.4068798e-13	
   9.0000000e-01	   7.6702987e-01	   1.0653879e+02	   8.9090293e-03	   6.5032979e-13	
   9.1000000e-01	   8.3791201e-01	   1.0679447e+02	   8.8233645e-03	   6.6103105e-13	
   9.2000000e-01	   9.1563572e-01	   1.0706081e+02	   8.7387645e-03	   6.7296772e-13	
   9.3000000e-01	   1.0008991e+00	   1.0733831e+02	   8.6551714e-03	   6.8631038e-13	
   9.4000000e-01	   1.0941549e+00	   1.0762662e+02	   8.5725374e-03	   7.0120685e-13	
   9.5000000e-01	   1.1954858e+00	   1.0792434e+02	   8.4908258e-03	   7.1775997e-13	
   9.6000000e-01	   1.3044903e+00	   1.0822897e+02	   8.4100107e-03	   7.3600318e-13	
   9.7000000e-01	   1.4202076e+00	   1.0853700e+02	   8.3300777e-03	   7.5587751e-13	
   9.8000000e-01	   1.5411042e+00	   1.0884416e+02	   8.2510231e-03	   7.7721484e-13	
   9.9000000e-01	   1.6651380e+00	   1.0914570e+02	   8.1728541e-03	   7.9973198e-13	
   1.0000000e+00	   1.7899000e+00	   1.0943684e+02	   8.0955877e-03	   8.2303947e-13	
