   0.0000000e+00	   0.0000000e+00	   0.0000000e+00	   1.0494312e-01	   5.4504287e-13	
   1.0000000e-02	   3.1461882e-03	   8.2875427e+01	   8.8456638e-02	   5.4543786e-13	
   2.0000000e-02	   6.2600039e-03	   8.6269986e+01	   7.7158877e-02	   5.4582907e-13	
   3.0000000e-02	   2.1943567e-03	   8.6682027e+01	   6.8859543e-02	   5.4531833e-13	
   4.0000000e-02	  -2.5575465e-03	   8.7033121e+01	   6.2395277e-02	   5.4472199e-13	
   5.0000000e-02	  -1.5437955e-02	   8.5026524e+01	   5.7263884e-02	   5.4310883e-13	
   6.0000000e-02	  -3.0217374e-02	   7.9414005e+01	   5.3080001e-02	   5.4126373e-13	
   7.0000000e-02	  -3.1168067e-02	   8.4345873e+01	   4.9544675e-02	   5.4114525e-13	
   8.0000000e-02	  -3.7068290e-02	   8.5011896e+01	   4.6493515e-02	   5.4041056e-13	
   9.0000000e-02	  -3.8199583e-02	   8.7054857e+01	   4.3844159e-02	   5.4026981e-13	
   1.0000000e-01	  -3.7979573e-02	   8.8704546e+01	   4.1536390e-02	   5.4029718e-13	
   1.1000000e-01	  -4.8843825e-02	   8.8160806e+01	   3.9510630e-02	   5.3894727e-13	
   1.2000000e-01	  -5.4949227e-02	   8.8512927e+01	   3.7711413e-02	   5.3819014e-13	
   1.3000000e-01	  -6.7131760e-02	   8.7710137e+01	   3.6092767e-02	   5.3668256e-13	
   1.4000000e-01	  -8.3556818e-02	   8.5434194e+01	   3.4619080e-02	   5.3465666e-13	
   1.5000000e-01	  -9.2743000e-02	   8.5070941e+01	   3.3263979e-02	   5.3352695e-13	
   1.6000000e-01	  -9.9130621e-02	   8.5749700e+01	   3.2009091e-02	   5.3274281e-13	
   1.7000000e-01	  -1.0843888e-01	   8.5398504e+01	   3.0842765e-02	   5.3160220e-13	
   1.8000000e-01	  -1.1621281e-01	   8.5595559e+01	   2.9758264e-02	   5.3065148e-13	
   1.9000000e-01	  -1.1956948e-01	   8.7048360e+01	   2.8751426e-02	   5.3024150e-13	
   2.0000000e-01	  -1.2218328e-01	   8.8277099e+01	   2.7818429e-02	   5.2992247e-13	
   2.1000000e-01	  -1.2642633e-01	   8.8983896e+01	   2.6954462e-02	   5.2940499e-13	
   2.2000000e-01	  -1.3054557e-01	   8.9608569e+01	   2.6153508e-02	   5.2890309e-13	
   2.3000000e-01	  -1.3329902e-01	   9.0315828e+01	   2.5408888e-02	   5.2856787e-13	
   2.4000000e-01	  -1.3649267e-01	   9.0878815e+01	   2.4713961e-02	   5.2817932e-13	
   2.5000000e-01	  -1.4285117e-01	   9.1079657e+01	   2.4062645e-02	   5.2740658e-13	
   2.6000000e-01	  -1.5336733e-01	   9.0868103e+01	   2.3449657e-02	   5.2613104e-13	
   2.7000000e-01	  -1.6688467e-01	   9.0315050e+01	   2.2870540e-02	   5.2449601e-13	
   2.8000000e-01	  -1.8131343e-01	   8.9563305e+01	   2.2321589e-02	   5.2275635e-13	
   2.9000000e-01	  -1.9490411e-01	   8.8798876e+01	   2.1799731e-02	   5.2112301e-13	
   3.0000000e-01	  -2.0678433e-01	   8.8207183e+01	   2.1302421e-02	   5.1969941e-13	
   3.1000000e-01	  -2.1684906e-01	   8.7903581e+01	   2.0827541e-02	   5.1849641e-13	
   3.2000000e-01	  -2.2541413e-01	   8.7889249e+01	   2.0373327e-02	   5.1747485e-13	
   3.3000000e-01	  -2.3293440e-01	   8.8079704e+01	   1.9938304e-02	   5.1657956e-13	
   3.4000000e-01	  -2.3987389e-01	   8.8367294e+01	   1.9521219e-02	   5.1575479e-13	
   3.5000000e-01	  -2.4667993e-01	   8.8659568e+01	   1.9120992e-02	   5.1494716e-13	
   3.6000000e-01	  -2.5378147e-01	   8.8887515e+01	   1.8736662e-02	   5.1410581e-13	
   3.7000000e-01	  -2.6156048e-01	   8.9002243e+01	   1.8367356e-02	   5.1318578e-13	
   3.8000000e-01	  -2.7028866e-01	   8.8971420e+01	   1.8012250e-02	   5.1215544e-13	
   3.9000000e-01	  -2.8005362e-01	   8.8778696e+01	   1.7670562e-02	   5.1100517e-13	
   4.0000000e-01	  -2.9071029e-01	   8.8427220e+01	   1.7341533e-02	   5.0975281e-13	
   4.1000000e-01	  -3.0188488e-01	   8.7948826e+01	   1.7024431e-02	   5.0844288e-13	
   4.2000000e-01	  -3.1303788e-01	   8.7419382e+01	   1.6718545e-02	   5.0713884e-13	
   4.3000000e-01	  -3.2356935e-01	   8.6972023e+01	   1.6423195e-02	   5.0591054e-13	
   4.4000000e-01	  -3.3293388e-01	   8.6778967e+01	   1.6137728e-02	   5.0482084e-13	
   4.5000000e-01	  -3.4073003e-01	   8.6970830e+01	   1.5861526e-02	   5.0391543e-13	
   4.6000000e-01	  -3.4674101e-01	   8.7545081e+01	   1.5594004e-02	   5.0321845e-13	
   4.7000000e-01	  -3.5092274e-01	   8.8378681e+01	   1.5334620e-02	   5.0273415e-13	
   4.8000000e-01	  -3.5335549e-01	   8.9325697e+01	   1.5082878e-02	   5.0245261e-13	
   4.9000000e-01	  -3.5418532e-01	   9.0283132e+01	   1.4838326e-02	   5.0235662e-13	
   5.0000000e-01	  -3.5358040e-01	   9.1196985e+01	   1.4600571e-02	   5.0242659e-13	
   5.1000000e-01	  -3.5171484e-01	   9.2044905e+01	   1.4369271e-02	   5.0264246e-13	
   5.2000000e-01	  -3.4877687e-01	   9.2820159e+01	   1.4144143e-02	   5.0298261e-13	
   5.3000000e-01	  -3.4498523e-01	   9.3522389e+01	   1.3924960e-02	   5.0342194e-13	
   5.4000000e-01	  -3.4059386e-01	   9.4153686e+01	   1.3711544e-02	   5.0393123e-13	
   5.5000000e-01	  -3.3587129e-01	   9.4717666e+01	   1.3503763e-02	   5.0447951e-13	
   5.6000000e-01	  -3.3105344e-01	   9.5219823e+01	   1.3301517e-02	   5.0503946e-13	
   5.7000000e-01	  -3.2628171e-01	   9.5668093e+01	   1.3104732e-02	   5.0559467e-13	
   5.8000000e-01	  -3.2154516e-01	   9.6073074e+01	   1.2913345e-02	   5.0614639e-13	
   5.9000000e-01	  -3.1664513e-01	   9.6447665e+01	   1.2727299e-02	   5.0671778e-13	
   6.0000000e-01	  -3.1119270e-01	   9.6806091e+01	   1.2546528e-02	   5.0735435e-13	
   6.1000000e-01	  -3.0463975e-01	   9.7162438e+01	   1.2370958e-02	   5.0812046e-13	
   6.2000000e-01	  -2.9633541e-01	   9.7528979e+01	   1.2200496e-02	   5.0909299e-13	
   6.3000000e-01	  -2.8559477e-01	   9.7914691e+01	   1.2035038e-02	   5.1035360e-13	
   6.4000000e-01	  -2.7176657e-01	   9.8324354e+01	   1.1874460e-02	   5.1198119e-13	
   6.5000000e-01	  -2.5428924e-01	   9.8758478e+01	   1.1718627e-02	   5.1404571e-13	
   6.6000000e-01	  -2.3273016e-01	   9.9213987e+01	   1.1567394e-02	   5.1660386e-13	
   6.7000000e-01	  -2.0680731e-01	   9.9685369e+01	   1.1420608e-02	   5.1969666e-13	
   6.8000000e-01	  -1.7639672e-01	   1.0016591e+02	   1.1278108e-02	   5.2334850e-13	
   6.9000000e-01	  -1.4153025e-01	   1.0064871e+02	   1.1139732e-02	   5.2756702e-13	
   7.0000000e-01	  -1.0238780e-01	   1.0112738e+02	   1.1005318e-02	   5.3234341e-13	
   7.1000000e-01	  -5.9285702e-02	   1.0159639e+02	   1.0874701e-02	   5.3765302e-13	
   7.2000000e-01	  -1.2660492e-02	   1.0205121e+02	   1.0747716e-02	   5.4345628e-13	
   7.3000000e-01	   3.6954392e-02	   1.0248835e+02	   1.0624201e-02	   5.4970046e-13	
   7.4000000e-01	   8.8961530e-02	   1.0290530e+02	   1.0503993e-02	   5.5632274e-13	
   7.5000000e-01	   1.4274292e-01	   1.0330050e+02	   1.0386933e-02	   5.6325486e-13	
   7.6000000e-01	   1.9771190e-01	   1.0367332e+02	   1.0272862e-02	   5.7042933e-13	
   7.7000000e-01	   2.5336861e-01	   1.0402401e+02	   1.0161623e-02	   5.7778667e-13	
   7.8000000e-01	   3.0935206e-01	   1.0435365e+02	   1.0053063e-02	   5.8528294e-13	
   7.9000000e-01	   3.6548120e-01	   1.0466406e+02	   9.9470309e-03	   5.9289635e-13	
   8.0000000e-01	   4.2177894e-01	   1.0495771e+02	   9.8433805e-03	   6.0063212e-13	
   8.1000000e-01	   4.7847558e-01	   1.0523752e+02	   9.7419688e-03	   6.0852471e-13	
   8.2000000e-01	   5.3599203e-01	   1.0550669e+02	   9.6426574e-03	   6.1663740e-13	
   8.3000000e-01	   5.9490668e-01	   1.0576851e+02	   9.5453131e-03	   6.2505945e-13	
   8.4000000e-01	   6.5591262e-01	   1.0602616e+02	   9.4498079e-03	   6.3390171e-13	
   8.5000000e-01	   7.1977336e-01	   1.0628257e+02	   9.3560199e-03	   6.4329177e-13	
   8.6000000e-01	   7.8728428e-01	   1.0654033e+02	   9.2638332e-03	   6.5336985e-13	
   8.7000000e-01	   8.5924427e-01	   1.0680158e+02	   9.1731388e-03	   6.6428598e-13	
   8.8000000e-01	   9.3643784e-01	   1.0706810e+02	   9.0838349e-03	   6.7619887e-13	
   8.9000000e-01	   1.0196229e+00	   1.0734123e+02	   8.9958270e-03	   6.8927567e-13	
   9.0000000e-01	   1.1095156e+00	   1.0762198e+02	   8.9090293e-03	   7.0369136e-13	
   9.1000000e-01	   1.2067615e+00	   1.0791091e+02	   8.8233645e-03	   7.1962594e-13	
   9.2000000e-01	   1.3118853e+00	   1.0820816e+02	   8.7387645e-03	   7.3725748e-13	
   9.3000000e-01	   1.4252147e+00	   1.0851328e+02	   8.6551714e-03	   7.5674947e-13	
   9.4000000e-01	   1.5467845e+00	   1.0882518e+02	   8.5725374e-03	   7.7823205e-13	
   9.5000000e-01	   1.6762352e+00	   1.0914201e+02	   8.4908258e-03	   8.0177807e-13	
   9.6000000e-01	   1.8127268e+00	   1.0946117e+02	   8.4100107e-03	   8.2737679e-13	
   9.7000000e-01	   1.9548937e+00	   1.0977937e+02	   8.3300777e-03	   8.5490928e-13	
   9.8000000e-01	   2.1008599e+00	   1.1009282e+02	   8.2510231e-03	   8.8413107e-13	
   9.9000000e-01	   2.2483253e+00	   1.1039746e+02	   8.1728541e-03	   9.1466737e-13	
   1.0000000e+00	   2.3947206e+00	   1.1068931e+02	   8.0955877e-03	   9.4602524e-13	
