   0.0000000e+00	   0.0000000e+00	   0.0000000e+00	   2.0988624e-01	   5.4504287e-13	
   1.0000000e-02	   1.4111056e-02	   8.3966330e+01	   1.5225138e-01	   5.4681669e-13	
   2.0000000e-02	   1.9034674e-02	   8.4907515e+01	   1.2388884e-01	   5.4743697e-13	
   3.0000000e-02	   1.8228718e-02	   8.4587617e+01	   1.0582039e-01	   5.4733539e-13	
   4.0000000e-02	   1.0332404e-02	   8.0728528e+01	   9.3045931e-02	   5.4634113e-13	
   5.0000000e-02	   9.5066856e-03	   8.3092532e+01	   8.3368793e-02	   5.4623727e-13	
   6.0000000e-02	   1.7591680e-02	   8.7703772e+01	   7.5802509e-02	   5.4725511e-13	
   7.0000000e-02	   4.7003434e-03	   8.5757587e+01	   6.9689174e-02	   5.4563308e-13	
   8.0000000e-02	  -7.2374970e-03	   8.3245638e+01	   6.4582315e-02	   5.4413531e-13	
   9.0000000e-02	   1.1550738e-03	   8.8208620e+01	   6.0211041e-02	   5.4518785e-13	
   1.0000000e-01	  -1.8233175e-02	   8.4776047e+01	   5.6425491e-02	   5.4275939e-13	
   1.1000000e-01	  -2.9192803e-02	   8.2955111e+01	   5.3131858e-02	   5.4139143e-13	
   1.2000000e-01	  -2.8896524e-02	   8.6361309e+01	   5.0249644e-02	   5.4142837e-13	
   1.3000000e-01	  -3.0028693e-02	   8.7990297e+01	   4.7704363e-02	   5.4128724e-13	
   1.4000000e-01	  -5.1350453e-02	   8.3717985e+01	   4.5433671e-02	   5.3863630e-13	
   1.5000000e-01	  -6.2869526e-02	   8.1204341e+01	   4.3389443e-02	   5.3720953e-13	
   1.6000000e-01	  -5.8247764e-02	   8.7004657e+01	   4.1535271e-02	   5.3778153e-13	
   1.7000000e-01	  -6.2634346e-02	   8.7841538e+01	   3.9843241e-02	   5.3723862e-13	
   1.8000000e-01	  -8.0251994e-02	   8.5177911e+01	   3.8291501e-02	   5.3506367e-13	
   1.9000000e-01	  -9.3442422e-02	   8.2586593e+01	   3.6862520e-02	   5.3344103e-13	
   2.0000000e-01	  -9.6120161e-02	   8.5309371e+01	   3.5541803e-02	   5.3311223e-13	
   2.1000000e-01	  -9.5866701e-02	   8.7657860e+01	   3.4316980e-02	   5.3314334e-13	
   2.2000000e-01	  -1.0382812e-01	   8.7699685e+01	   3.3177218e-02	   5.3216689e-13	
   2.3000000e-01	  -1.2106679e-01	   8.5147102e+01	   3.2112867e-02	   5.3005872e-13	
   2.4000000e-01	  -1.3349611e-01	   8.3137406e+01	   3.1115282e-02	   5.2854388e-13	
   2.5000000e-01	  -1.3457122e-01	   8.6150531e+01	   3.0176779e-02	   5.2841305e-13	
   2.6000000e-01	  -1.3704761e-01	   8.7620878e+01	   2.9290702e-02	   5.2811183e-13	
   2.7000000e-01	  -1.4941097e-01	   8.6634140e+01	   2.8451525e-02	   5.2661056e-13	
   2.8000000e-01	  -1.6259954e-01	   8.5061627e+01	   2.7654938e-02	   5.2501378e-13	
   2.9000000e-01	  -1.6878361e-01	   8.5818805e+01	   2.6897832e-02	   5.2426673e-13	
   3.0000000e-01	  -1.7381489e-01	   8.6777832e+01	   2.6178155e-02	   5.2365972e-13	
   3.1000000e-01	  -1.8430548e-01	   8.6186191e+01	   2.5494619e-02	   5.2239632e-13	
   3.2000000e-01	  -1.9690426e-01	   8.4713536e+01	   2.4846325e-02	   5.2088306e-13	
   3.3000000e-01	  -2.0578898e-01	   8.4515517e+01	   2.4232390e-02	   5.1981854e-13	
   3.4000000e-01	  -2.1182078e-01	   8.5452345e+01	   2.3651673e-02	   5.1909708e-13	
   3.5000000e-01	  -2.1982344e-01	   8.5608666e+01	   2.3102644e-02	   5.1814143e-13	
   3.6000000e-01	  -2.3130323e-01	   8.4460769e+01	   2.2583397e-02	   5.1677362e-13	
   3.7000000e-01	  -2.4315465e-01	   8.2677439e+01	   2.2091751e-02	   5.1536532e-13	
   3.8000000e-01	  -2.5200684e-01	   8.2454288e+01	   2.1625394e-02	   5.1431593e-13	
   3.9000000e-01	  -2.5786434e-01	   8.3992360e+01	   2.1182011e-02	   5.1362272e-13	
   4.0000000e-01	  -2.6358741e-01	   8.5175671e+01	   2.0759384e-02	   5.1294632e-13	
   4.1000000e-01	  -2.7180698e-01	   8.5291032e+01	   2.0355455e-02	   5.1197642e-13	
   4.2000000e-01	  -2.8264472e-01	   8.4382244e+01	   1.9968359e-02	   5.1070039e-13	
   4.3000000e-01	  -2.9394453e-01	   8.2967005e+01	   1.9596434e-02	   5.0937334e-13	
   4.4000000e-01	  -3.0327562e-01	   8.2469873e+01	   1.9238223e-02	   5.0828009e-13	
   4.5000000e-01	  -3.0981808e-01	   8.3660820e+01	   1.8892461e-02	   5.0751496e-13	
   4.6000000e-01	  -3.1477728e-01	   8.5205299e+01	   1.8558068e-02	   5.0693576e-13	
   4.7000000e-01	  -3.2034088e-01	   8.6167710e+01	   1.8234139e-02	   5.0628676e-13	
   4.8000000e-01	  -3.2818386e-01	   8.6365167e+01	   1.7919935e-02	   5.0537328e-13	
   4.9000000e-01	  -3.3855090e-01	   8.5830947e+01	   1.7614873e-02	   5.0416834e-13	
   5.0000000e-01	  -3.5031032e-01	   8.4696789e+01	   1.7318515e-02	   5.0280505e-13	
   5.1000000e-01	  -3.6172552e-01	   8.3359336e+01	   1.7030555e-02	   5.0148519e-13	
   5.2000000e-01	  -3.7140266e-01	   8.2702473e+01	   1.6750791e-02	   5.0036900e-13	
   5.3000000e-01	  -3.7893583e-01	   8.3311705e+01	   1.6479107e-02	   4.9950182e-13	
   5.4000000e-01	  -3.8500930e-01	   8.4503208e+01	   1.6215440e-02	   4.9880377e-13	
   5.5000000e-01	  -3.9098059e-01	   8.5470021e+01	   1.5959747e-02	   4.9811842e-13	
   5.6000000e-01	  -3.9818073e-01	   8.5903109e+01	   1.5711982e-02	   4.9729328e-13	
   5.7000000e-01	  -4.0727756e-01	   8.5740794e+01	   1.5472069e-02	   4.9625272e-13	
   5.8000000e-01	  -4.1800685e-01	   8.5010345e+01	   1.5239884e-02	   4.9502824e-13	
   5.9000000e-01	  -4.2938230e-01	   8.3837850e+01	   1.5015254e-02	   4.9373331e-13	
   6.0000000e-01	  -4.4023940e-01	   8.2586277e+01	   1.4797950e-02	   4.9250055e-13	
   6.1000000e-01	  -4.4979772e-01	   8.1930809e+01	   1.4587695e-02	   4.9141780e-13	
   6.2000000e-01	  -4.5794876e-01	   8.2263540e+01	   1.4384177e-02	   4.9049635e-13	
   6.3000000e-01	  -4.6516910e-01	   8.3132909e+01	   1.4187057e-02	   4.8968156e-13	
   6.4000000e-01	  -4.7218008e-01	   8.3955264e+01	   1.3995981e-02	   4.8889169e-13	
   6.5000000e-01	  -4.7958041e-01	   8.4488902e+01	   1.3810596e-02	   4.8805933e-13	
   6.6000000e-01	  -4.8763055e-01	   8.4718360e+01	   1.3630551e-02	   4.8715549e-13	
   6.7000000e-01	  -4.9623969e-01	   8.4725451e+01	   1.3455511e-02	   4.8619075e-13	
   6.8000000e-01	  -5.0509792e-01	   8.4636375e+01	   1.3285157e-02	   4.8520008e-13	
   6.9000000e-01	  -5.1385821e-01	   8.4585800e+01	   1.3119192e-02	   4.8422236e-13	
   7.0000000e-01	  -5.2229117e-01	   8.4665056e+01	   1.2957339e-02	   4.8328303e-13	
   7.1000000e-01	  -5.3037103e-01	   8.4875939e+01	   1.2799345e-02	   4.8238474e-13	
   7.2000000e-01	  -5.3827840e-01	   8.5136975e+01	   1.2644979e-02	   4.8150724e-13	
   7.3000000e-01	  -5.4632441e-01	   8.5336382e+01	   1.2494032e-02	   4.8061599e-13	
   7.4000000e-01	  -5.5482135e-01	   8.5380481e+01	   1.2346317e-02	   4.7967659e-13	
   7.5000000e-01	  -5.6394717e-01	   8.5214645e+01	   1.2201666e-02	   4.7866971e-13	
   7.6000000e-01	  -5.7366018e-01	   8.4829895e+01	   1.2059931e-02	   4.7760036e-13	
   7.7000000e-01	  -5.8370373e-01	   8.4272181e+01	   1.1920983e-02	   4.7649713e-13	
   7.8000000e-01	  -5.9370029e-01	   8.3657486e+01	   1.1784711e-02	   4.7540159e-13	
   7.9000000e-01	  -6.0329236e-01	   8.3168463e+01	   1.1651020e-02	   4.7435275e-13	
   8.0000000e-01	  -6.1226654e-01	   8.2982033e+01	   1.1519829e-02	   4.7337357e-13	
   8.1000000e-01	  -6.2061056e-01	   8.3143136e+01	   1.1391073e-02	   4.7246496e-13	
   8.2000000e-01	  -6.2849009e-01	   8.3533455e+01	   1.1264699e-02	   4.7160853e-13	
   8.3000000e-01	  -6.3616979e-01	   8.3979978e+01	   1.1140662e-02	   4.7077531e-13	
   8.4000000e-01	  -6.4392160e-01	   8.4354029e+01	   1.1018928e-02	   4.6993577e-13	
   8.5000000e-01	  -6.5195554e-01	   8.4589769e+01	   1.0899468e-02	   4.6906724e-13	
   8.6000000e-01	  -6.6038681e-01	   8.4664943e+01	   1.0782258e-02	   4.6815749e-13	
   8.7000000e-01	  -6.6923281e-01	   8.4582086e+01	   1.0667275e-02	   4.6720489e-13	
   8.8000000e-01	  -6.7842622e-01	   8.4360120e+01	   1.0554498e-02	   4.6621693e-13	
   8.9000000e-01	  -6.8783495e-01	   8.4035002e+01	   1.0443906e-02	   4.6520799e-13	
   9.0000000e-01	  -6.9728784e-01	   8.3664726e+01	   1.0335475e-02	   4.6419651e-13	
   9.1000000e-01	  -7.0660852e-01	   8.3329976e+01	   1.0229178e-02	   4.6320134e-13	
   9.2000000e-01	  -7.1565524e-01	   8.3117929e+01	   1.0124987e-02	   4.6223746e-13	
   9.3000000e-01	  -7.2435678e-01	   8.3085547e+01	   1.0022869e-02	   4.6131224e-13	
   9.4000000e-01	  -7.3273081e-01	   8.3226581e+01	   9.9227900e-03	   4.6042360e-13	
   9.5000000e-01	  -7.4087512e-01	   8.3476692e+01	   9.8247122e-03	   4.5956098e-13	
   9.6000000e-01	  -7.4893360e-01	   8.3752121e+01	   9.7285962e-03	   4.5870904e-13	
   9.7000000e-01	  -7.5705004e-01	   8.3985520e+01	   9.6344014e-03	   4.5785257e-13	
   9.8000000e-01	  -7.6532793e-01	   8.4139762e+01	   9.5420860e-03	   4.5698071e-13	
   9.9000000e-01	  -7.7381005e-01	   8.4205591e+01	   9.4516080e-03	   4.5608906e-13	
   1.0000000e+00	  -7.8248170e-01	   8.4193446e+01	   9.3629255e-03	   4.5517928e-13	
