   0.0000000e+00	   0.0000000e+00	   0.0000000e+00	   1.0494312e-01	   5.4504287e-13	
   1.0000000e-02	   3.2697428e-03	   8.3072632e+01	   8.8456638e-02	   5.4545338e-13	
   2.0000000e-02	   5.5879629e-03	   8.6174012e+01	   7.7158877e-02	   5.4574461e-13	
   3.0000000e-02	  -1.3758511e-03	   8.5685221e+01	   6.8859543e-02	   5.4487022e-13	
   4.0000000e-02	  -9.5930698e-03	   8.4860649e+01	   6.2395277e-02	   5.4384026e-13	
   5.0000000e-02	  -1.7783715e-02	   8.4113837e+01	   5.7263884e-02	   5.4281556e-13	
   6.0000000e-02	  -3.1474821e-02	   7.7443743e+01	   5.3080001e-02	   5.4110703e-13	
   7.0000000e-02	  -2.6833994e-02	   8.6163207e+01	   4.9544675e-02	   5.4168556e-13	
   8.0000000e-02	  -3.5496453e-02	   8.5763224e+01	   4.6493515e-02	   5.4060619e-13	
   9.0000000e-02	  -3.4998727e-02	   8.7934087e+01	   4.3844159e-02	   5.4066815e-13	
   1.0000000e-01	  -4.6872697e-02	   8.6980216e+01	   4.1536390e-02	   5.3919194e-13	
   1.1000000e-01	  -5.7868554e-02	   8.6096078e+01	   3.9510630e-02	   5.3782849e-13	
   1.2000000e-01	  -6.7391694e-02	   8.5594344e+01	   3.7711413e-02	   5.3665044e-13	
   1.3000000e-01	  -8.2019034e-02	   8.2278941e+01	   3.6092767e-02	   5.3484600e-13	
   1.4000000e-01	  -8.8330939e-02	   8.3521942e+01	   3.4619080e-02	   5.3406924e-13	
   1.5000000e-01	  -9.0716851e-02	   8.6007323e+01	   3.3263979e-02	   5.3377592e-13	
   1.6000000e-01	  -9.7186300e-02	   8.6553646e+01	   3.2009091e-02	   5.3298137e-13	
   1.7000000e-01	  -1.0324512e-01	   8.7148502e+01	   3.0842765e-02	   5.3223833e-13	
   1.8000000e-01	  -1.0827130e-01	   8.7896879e+01	   2.9758264e-02	   5.3162272e-13	
   1.9000000e-01	  -1.1691478e-01	   8.7834500e+01	   2.8751426e-02	   5.3056571e-13	
   2.0000000e-01	  -1.2738634e-01	   8.7367089e+01	   2.7818429e-02	   5.2928797e-13	
   2.1000000e-01	  -1.3501712e-01	   8.7540186e+01	   2.6954462e-02	   5.2835880e-13	
   2.2000000e-01	  -1.4064453e-01	   8.8121084e+01	   2.6153508e-02	   5.2767462e-13	
   2.3000000e-01	  -1.4808649e-01	   8.8305434e+01	   2.5408888e-02	   5.2677119e-13	
   2.4000000e-01	  -1.5834954e-01	   8.7943592e+01	   2.4713961e-02	   5.2552781e-13	
   2.5000000e-01	  -1.6963122e-01	   8.7320471e+01	   2.4062645e-02	   5.2416442e-13	
   2.6000000e-01	  -1.8040964e-01	   8.6736378e+01	   2.3449657e-02	   5.2286515e-13	
   2.7000000e-01	  -1.9059214e-01	   8.6249919e+01	   2.2870540e-02	   5.2164067e-13	
   2.8000000e-01	  -2.0047841e-01	   8.5807094e+01	   2.2321589e-02	   5.2045456e-13	
   2.9000000e-01	  -2.0983772e-01	   8.5509865e+01	   2.1799731e-02	   5.1933416e-13	
   3.0000000e-01	  -2.1817516e-01	   8.5566302e+01	   2.1302421e-02	   5.1833811e-13	
   3.1000000e-01	  -2.2549250e-01	   8.5960983e+01	   2.0827541e-02	   5.1746551e-13	
   3.2000000e-01	  -2.3254040e-01	   8.6402148e+01	   2.0373327e-02	   5.1662643e-13	
   3.3000000e-01	  -2.4033282e-01	   8.6605816e+01	   1.9938304e-02	   5.1570029e-13	
   3.4000000e-01	  -2.4941637e-01	   8.6453241e+01	   1.9521219e-02	   5.1462280e-13	
   3.5000000e-01	  -2.5948896e-01	   8.6000464e+01	   1.9120992e-02	   5.1343062e-13	
   3.6000000e-01	  -2.6959667e-01	   8.5487282e+01	   1.8736662e-02	   5.1223706e-13	
   3.7000000e-01	  -2.7871653e-01	   8.5286943e+01	   1.8367356e-02	   5.1116252e-13	
   3.8000000e-01	  -2.8633102e-01	   8.5620399e+01	   1.8012250e-02	   5.1026709e-13	
   3.9000000e-01	  -2.9266838e-01	   8.6313945e+01	   1.7670562e-02	   5.0952303e-13	
   4.0000000e-01	  -2.9851933e-01	   8.7030975e+01	   1.7341533e-02	   5.0883705e-13	
   4.1000000e-01	  -3.0478398e-01	   8.7556885e+01	   1.7024431e-02	   5.0810359e-13	
   4.2000000e-01	  -3.1202224e-01	   8.7832871e+01	   1.6718545e-02	   5.0725745e-13	
   4.3000000e-01	  -3.2023712e-01	   8.7902581e+01	   1.6423195e-02	   5.0629886e-13	
   4.4000000e-01	  -3.2896601e-01	   8.7870173e+01	   1.6137728e-02	   5.0528227e-13	
   4.5000000e-01	  -3.3758681e-01	   8.7859757e+01	   1.5861526e-02	   5.0428027e-13	
   4.6000000e-01	  -3.4565006e-01	   8.7959696e+01	   1.5594004e-02	   5.0334488e-13	
   4.7000000e-01	  -3.5306225e-01	   8.8179432e+01	   1.5334620e-02	   5.0248654e-13	
   4.8000000e-01	  -3.6004936e-01	   8.8462401e+01	   1.5082878e-02	   5.0167877e-13	
   4.9000000e-01	  -3.6695753e-01	   8.8740416e+01	   1.4838326e-02	   5.0088140e-13	
   5.0000000e-01	  -3.7402750e-01	   8.8976544e+01	   1.4600571e-02	   5.0006667e-13	
   5.1000000e-01	  -3.8127392e-01	   8.9174359e+01	   1.4369271e-02	   4.9923298e-13	
   5.2000000e-01	  -3.8852334e-01	   8.9362669e+01	   1.4144143e-02	   4.9840034e-13	
   5.3000000e-01	  -3.9556717e-01	   8.9570000e+01	   1.3924960e-02	   4.9759263e-13	
   5.4000000e-01	  -4.0232366e-01	   8.9803495e+01	   1.3711544e-02	   4.9681911e-13	
   5.5000000e-01	  -4.0890746e-01	   9.0044899e+01	   1.3503763e-02	   4.9606652e-13	
   5.6000000e-01	  -4.1556763e-01	   9.0264286e+01	   1.3301517e-02	   4.9530635e-13	
   5.7000000e-01	  -4.2253252e-01	   9.0439698e+01	   1.3104732e-02	   4.9451265e-13	
   5.8000000e-01	  -4.2984862e-01	   9.0571203e+01	   1.2913345e-02	   4.9368030e-13	
   5.9000000e-01	  -4.3729588e-01	   9.0685125e+01	   1.2727299e-02	   4.9283447e-13	
   6.0000000e-01	  -4.4441648e-01	   9.0827981e+01	   1.2546528e-02	   4.9202709e-13	
   6.1000000e-01	  -4.5063837e-01	   9.1050399e+01	   1.2370958e-02	   4.9132269e-13	
   6.2000000e-01	  -4.5543713e-01	   9.1385695e+01	   1.2200496e-02	   4.9078010e-13	
   6.3000000e-01	  -4.5847412e-01	   9.1835049e+01	   1.2035038e-02	   4.9043702e-13	
   6.4000000e-01	  -4.5966865e-01	   9.2369575e+01	   1.1874460e-02	   4.9030215e-13	
   6.5000000e-01	  -4.5919344e-01	   9.2946050e+01	   1.1718627e-02	   4.9035580e-13	
   6.6000000e-01	  -4.5740896e-01	   9.3523545e+01	   1.1567394e-02	   4.9055732e-13	
   6.7000000e-01	  -4.5476646e-01	   9.4072513e+01	   1.1420608e-02	   4.9085590e-13	
   6.8000000e-01	  -4.5170997e-01	   9.4576397e+01	   1.1278108e-02	   4.9120148e-13	
   6.9000000e-01	  -4.4859933e-01	   9.5029370e+01	   1.1139732e-02	   4.9155343e-13	
   7.0000000e-01	  -4.4566503e-01	   9.5433073e+01	   1.1005318e-02	   4.9188565e-13	
   7.1000000e-01	  -4.4299557e-01	   9.5793694e+01	   1.0874701e-02	   4.9218809e-13	
   7.2000000e-01	  -4.4055110e-01	   9.6119693e+01	   1.0747716e-02	   4.9246520e-13	
   7.3000000e-01	  -4.3819392e-01	   9.6420143e+01	   1.0624201e-02	   4.9273257e-13	
   7.4000000e-01	  -4.3572573e-01	   9.6703584e+01	   1.0503993e-02	   4.9301268e-13	
   7.5000000e-01	  -4.3292342e-01	   9.6977287e+01	   1.0386933e-02	   4.9333090e-13	
   7.6000000e-01	  -4.2956753e-01	   9.7246892e+01	   1.0272862e-02	   4.9371225e-13	
   7.7000000e-01	  -4.2546049e-01	   9.7516356e+01	   1.0161623e-02	   4.9417937e-13	
   7.8000000e-01	  -4.2043457e-01	   9.7788138e+01	   1.0053063e-02	   4.9475159e-13	
   7.9000000e-01	  -4.1435137e-01	   9.8063520e+01	   9.9470309e-03	   4.9544508e-13	
   8.0000000e-01	  -4.0709561e-01	   9.8342974e+01	   9.8433805e-03	   4.9627352e-13	
   8.1000000e-01	  -3.9856659e-01	   9.8626488e+01	   9.7419688e-03	   4.9724909e-13	
   8.2000000e-01	  -3.8867018e-01	   9.8913813e+01	   9.6426574e-03	   4.9838348e-13	
   8.3000000e-01	  -3.7731315e-01	   9.9204609e+01	   9.5453131e-03	   4.9968849e-13	
   8.4000000e-01	  -3.6440108e-01	   9.9498499e+01	   9.4498079e-03	   5.0117633e-13	
   8.5000000e-01	  -3.4983974e-01	   9.9795074e+01	   9.3560199e-03	   5.0285953e-13	
   8.6000000e-01	  -3.3353942e-01	   1.0009385e+02	   9.2638332e-03	   5.0475045e-13	
   8.7000000e-01	  -3.1542102e-01	   1.0039425e+02	   9.1731388e-03	   5.0686063e-13	
   8.8000000e-01	  -2.9542290e-01	   1.0069556e+02	   9.0838349e-03	   5.0919997e-13	
   8.9000000e-01	  -2.7350743e-01	   1.0099692e+02	   8.9958270e-03	   5.1177600e-13	
   9.0000000e-01	  -2.4966680e-01	   1.0129736e+02	   8.9090293e-03	   5.1459312e-13	
   9.1000000e-01	  -2.2392820e-01	   1.0159580e+02	   8.8233645e-03	   5.1765193e-13	
   9.2000000e-01	  -1.9635855e-01	   1.0189108e+02	   8.7387645e-03	   5.2094852e-13	
   9.3000000e-01	  -1.6706975e-01	   1.0218197e+02	   8.6551714e-03	   5.2447366e-13	
   9.4000000e-01	  -1.3622466e-01	   1.0246717e+02	   8.5725374e-03	   5.2821192e-13	
   9.5000000e-01	  -1.0404388e-01	   1.0274531e+02	   8.4908258e-03	   5.3214045e-13	
   9.6000000e-01	  -7.0812632e-02	   1.0301495e+02	   8.4100107e-03	   5.3622789e-13	
   9.7000000e-01	  -3.6885689e-02	   1.0327458e+02	   8.3300777e-03	   5.4043329e-13	
   9.8000000e-01	  -2.6880871e-03	   1.0352260e+02	   8.2510231e-03	   5.4470561e-13	
   9.9000000e-01	   3.1291403e-02	   1.0375744e+02	   8.1728541e-03	   5.4898414e-13	
   1.0000000e+00	   6.4516433e-02	   1.0397755e+02	   8.0955877e-03	   5.5320017e-13	
