   0.0000000e+00	   0.0000000e+00	   0.0000000e+00	   1.0494312e-01	   5.4504287e-13	
   1.0000000e-02	   3.3429723e-03	   8.3192376e+01	   8.8456638e-02	   5.4546257e-13	
   2.0000000e-02	   5.1546434e-03	   8.6105327e+01	   7.7158877e-02	   5.4569016e-13	
   3.0000000e-02	  -3.2682924e-03	   8.5034661e+01	   6.8859543e-02	   5.4463285e-13	
   4.0000000e-02	  -1.3231708e-02	   8.3028221e+01	   6.2395277e-02	   5.4338480e-13	
   5.0000000e-02	  -1.8449894e-02	   8.3861344e+01	   5.7263884e-02	   5.4273230e-13	
   6.0000000e-02	  -3.0029272e-02	   8.0130263e+01	   5.3080001e-02	   5.4128717e-13	
   7.0000000e-02	  -2.5545119e-02	   8.6642619e+01	   4.9544675e-02	   5.4184634e-13	
   8.0000000e-02	  -3.4994111e-02	   8.6032755e+01	   4.6493515e-02	   5.4066872e-13	
   9.0000000e-02	  -3.7811499e-02	   8.7391280e+01	   4.3844159e-02	   5.4031809e-13	
   1.0000000e-01	  -5.3927228e-02	   8.4713736e+01	   4.1536390e-02	   5.3831680e-13	
   1.1000000e-01	  -6.1995371e-02	   8.4661345e+01	   3.9510630e-02	   5.3731767e-13	
   1.2000000e-01	  -7.2378737e-02	   8.3466788e+01	   3.7711413e-02	   5.3603455e-13	
   1.3000000e-01	  -8.1301588e-02	   8.2980445e+01	   3.6092767e-02	   5.3493437e-13	
   1.4000000e-01	  -8.2545281e-02	   8.6110595e+01	   3.4619080e-02	   5.3478120e-13	
   1.5000000e-01	  -8.7786792e-02	   8.6978148e+01	   3.3263979e-02	   5.3413616e-13	
   1.6000000e-01	  -9.6408884e-02	   8.6885717e+01	   3.2009091e-02	   5.3307679e-13	
   1.7000000e-01	  -1.0401919e-01	   8.7067139e+01	   3.0842765e-02	   5.3214347e-13	
   1.8000000e-01	  -1.1433534e-01	   8.6528003e+01	   2.9758264e-02	   5.3088093e-13	
   1.9000000e-01	  -1.2634326e-01	   8.5322691e+01	   2.8751426e-02	   5.2941511e-13	
   2.0000000e-01	  -1.3453023e-01	   8.5397343e+01	   2.7818429e-02	   5.2841804e-13	
   2.1000000e-01	  -1.3973142e-01	   8.6451003e+01	   2.6954462e-02	   5.2778558e-13	
   2.2000000e-01	  -1.4647312e-01	   8.6911929e+01	   2.6153508e-02	   5.2696691e-13	
   2.3000000e-01	  -1.5558304e-01	   8.6725776e+01	   2.5408888e-02	   5.2586269e-13	
   2.4000000e-01	  -1.6525249e-01	   8.6372664e+01	   2.4713961e-02	   5.2469317e-13	
   2.5000000e-01	  -1.7499977e-01	   8.5968473e+01	   2.4062645e-02	   5.2351687e-13	
   2.6000000e-01	  -1.8550607e-01	   8.5248180e+01	   2.3449657e-02	   5.2225193e-13	
   2.7000000e-01	  -1.9639924e-01	   8.4210282e+01	   2.2870540e-02	   5.2094363e-13	
   2.8000000e-01	  -2.0607124e-01	   8.3596400e+01	   2.2321589e-02	   5.1978475e-13	
   2.9000000e-01	  -2.1348502e-01	   8.4160841e+01	   2.1799731e-02	   5.1889819e-13	
   3.0000000e-01	  -2.1943148e-01	   8.5257171e+01	   2.1302421e-02	   5.1818819e-13	
   3.1000000e-01	  -2.2589086e-01	   8.5971451e+01	   2.0827541e-02	   5.1741805e-13	
   3.2000000e-01	  -2.3434958e-01	   8.5991897e+01	   2.0373327e-02	   5.1641126e-13	
   3.3000000e-01	  -2.4467467e-01	   8.5381712e+01	   1.9938304e-02	   5.1518498e-13	
   3.4000000e-01	  -2.5533804e-01	   8.4530900e+01	   1.9521219e-02	   5.1392158e-13	
   3.5000000e-01	  -2.6460993e-01	   8.4201392e+01	   1.9120992e-02	   5.1282556e-13	
   3.6000000e-01	  -2.7175048e-01	   8.4830607e+01	   1.8736662e-02	   5.1198308e-13	
   3.7000000e-01	  -2.7741566e-01	   8.5884762e+01	   1.8367356e-02	   5.1131566e-13	
   3.8000000e-01	  -2.8313443e-01	   8.6716968e+01	   1.8012250e-02	   5.1064280e-13	
   3.9000000e-01	  -2.9031064e-01	   8.7070784e+01	   1.7670562e-02	   5.0979972e-13	
   4.0000000e-01	  -2.9940734e-01	   8.6938713e+01	   1.7341533e-02	   5.0873302e-13	
   4.1000000e-01	  -3.0975667e-01	   8.6466254e+01	   1.7024431e-02	   5.0752214e-13	
   4.2000000e-01	  -3.2002153e-01	   8.5966091e+01	   1.6718545e-02	   5.0632399e-13	
   4.3000000e-01	  -3.2897445e-01	   8.5848420e+01	   1.6423195e-02	   5.0528129e-13	
   4.4000000e-01	  -3.3612905e-01	   8.6285388e+01	   1.6137728e-02	   5.0444957e-13	
   4.5000000e-01	  -3.4189733e-01	   8.7034126e+01	   1.5861526e-02	   5.0378001e-13	
   4.6000000e-01	  -3.4724954e-01	   8.7757939e+01	   1.5594004e-02	   5.0315953e-13	
   4.7000000e-01	  -3.5313062e-01	   8.8281193e+01	   1.5334620e-02	   5.0247863e-13	
   4.8000000e-01	  -3.5998374e-01	   8.8584688e+01	   1.5082878e-02	   5.0168635e-13	
   4.9000000e-01	  -3.6762128e-01	   8.8741018e+01	   1.4838326e-02	   5.0080486e-13	
   5.0000000e-01	  -3.7546021e-01	   8.8859699e+01	   1.4600571e-02	   4.9990173e-13	
   5.1000000e-01	  -3.8293971e-01	   8.9030293e+01	   1.4369271e-02	   4.9904153e-13	
   5.2000000e-01	  -3.8986258e-01	   8.9275072e+01	   1.4144143e-02	   4.9824667e-13	
   5.3000000e-01	  -3.9647571e-01	   8.9548289e+01	   1.3924960e-02	   4.9748855e-13	
   5.4000000e-01	  -4.0327243e-01	   8.9781265e+01	   1.3711544e-02	   4.9671059e-13	
   5.5000000e-01	  -4.1065705e-01	   8.9929867e+01	   1.3503763e-02	   4.9586671e-13	
   5.6000000e-01	  -4.1867111e-01	   8.9997523e+01	   1.3301517e-02	   4.9495253e-13	
   5.7000000e-01	  -4.2692340e-01	   9.0035514e+01	   1.3104732e-02	   4.9401293e-13	
   5.8000000e-01	  -4.3474136e-01	   9.0124352e+01	   1.2913345e-02	   4.9312444e-13	
   5.9000000e-01	  -4.4144868e-01	   9.0336792e+01	   1.2727299e-02	   4.9236343e-13	
   6.0000000e-01	  -4.4662758e-01	   9.0698197e+01	   1.2546528e-02	   4.9177665e-13	
   6.1000000e-01	  -4.5025578e-01	   9.1175474e+01	   1.2370958e-02	   4.9136598e-13	
   6.2000000e-01	  -4.5268439e-01	   9.1702838e+01	   1.2200496e-02	   4.9109128e-13	
   6.3000000e-01	  -4.5449698e-01	   9.2216569e+01	   1.2035038e-02	   4.9088636e-13	
   6.4000000e-01	  -4.5632694e-01	   9.2673732e+01	   1.1874460e-02	   4.9067956e-13	
   6.5000000e-01	  -4.5870438e-01	   9.3053961e+01	   1.1718627e-02	   4.9041102e-13	
   6.6000000e-01	  -4.6197171e-01	   9.3353681e+01	   1.1567394e-02	   4.9004221e-13	
   6.7000000e-01	  -4.6627142e-01	   9.3579394e+01	   1.1420608e-02	   4.8955728e-13	
   6.8000000e-01	  -4.7158564e-01	   9.3742372e+01	   1.1278108e-02	   4.8895861e-13	
   6.9000000e-01	  -4.7779857e-01	   9.3855021e+01	   1.1139732e-02	   4.8825961e-13	
   7.0000000e-01	  -4.8475732e-01	   9.3928650e+01	   1.1005318e-02	   4.8747790e-13	
   7.1000000e-01	  -4.9231564e-01	   9.3972350e+01	   1.0874701e-02	   4.8663024e-13	
   7.2000000e-01	  -5.0035604e-01	   9.3992737e+01	   1.0747716e-02	   4.8573014e-13	
   7.3000000e-01	  -5.0879278e-01	   9.3994317e+01	   1.0624201e-02	   4.8478747e-13	
   7.4000000e-01	  -5.1756253e-01	   9.3980212e+01	   1.0503993e-02	   4.8380952e-13	
   7.5000000e-01	  -5.2661013e-01	   9.3952973e+01	   1.0386933e-02	   4.8280265e-13	
   7.6000000e-01	  -5.3587546e-01	   9.3915296e+01	   1.0272862e-02	   4.8177373e-13	
   7.7000000e-01	  -5.4528537e-01	   9.3870488e+01	   1.0161623e-02	   4.8073099e-13	
   7.8000000e-01	  -5.5475208e-01	   9.3822633e+01	   1.0053063e-02	   4.7968424e-13	
   7.9000000e-01	  -5.6417760e-01	   9.3776454e+01	   9.9470309e-03	   4.7864431e-13	
   8.0000000e-01	  -5.7346262e-01	   9.3736899e+01	   9.8433805e-03	   4.7762208e-13	
   8.1000000e-01	  -5.8251754e-01	   9.3708558e+01	   9.7419688e-03	   4.7662729e-13	
   8.2000000e-01	  -5.9127344e-01	   9.3695007e+01	   9.6426574e-03	   4.7566732e-13	
   8.3000000e-01	  -5.9969077e-01	   9.3698260e+01	   9.5453131e-03	   4.7474629e-13	
   8.4000000e-01	  -6.0776444e-01	   9.3718436e+01	   9.4498079e-03	   4.7386454e-13	
   8.5000000e-01	  -6.1552456e-01	   9.3753746e+01	   9.3560199e-03	   4.7301858e-13	
   8.6000000e-01	  -6.2303270e-01	   9.3800784e+01	   9.2638332e-03	   4.7220153e-13	
   8.7000000e-01	  -6.3037445e-01	   9.3855052e+01	   9.1731388e-03	   4.7140395e-13	
   8.8000000e-01	  -6.3764961e-01	   9.3911574e+01	   9.0838349e-03	   4.7061493e-13	
   8.9000000e-01	  -6.4496124e-01	   9.3965493e+01	   8.9958270e-03	   4.6982328e-13	
   9.0000000e-01	  -6.5240531e-01	   9.4012536e+01	   8.9090293e-03	   4.6901867e-13	
   9.1000000e-01	  -6.6006206e-01	   9.4049339e+01	   8.8233645e-03	   4.6819250e-13	
   9.2000000e-01	  -6.6798990e-01	   9.4073595e+01	   8.7387645e-03	   4.6733862e-13	
   9.3000000e-01	  -6.7622233e-01	   9.4084093e+01	   8.6551714e-03	   4.6645358e-13	
   9.4000000e-01	  -6.8476771e-01	   9.4080642e+01	   8.5725374e-03	   4.6553666e-13	
   9.5000000e-01	  -6.9361167e-01	   9.4063938e+01	   8.4908258e-03	   4.6458961e-13	
   9.6000000e-01	  -7.0272148e-01	   9.4035383e+01	   8.4100107e-03	   4.6361610e-13	
   9.7000000e-01	  -7.1205181e-01	   9.3996866e+01	   8.3300777e-03	   4.6262114e-13	
   9.8000000e-01	  -7.2155122e-01	   9.3950532e+01	   8.2510231e-03	   4.6161035e-13	
   9.9000000e-01	  -7.3116866e-01	   9.3898530e+01	   8.1728541e-03	   4.6058925e-13	
   1.0000000e+00	  -7.4085929e-01	   9.3842781e+01	   8.0955877e-03	   4.5956266e-13	
