   0.0000000e+00	   0.0000000e+00	   0.0000000e+00	   2.0988624e-01	   5.4504287e-13	
   1.0000000e-02	   1.4954107e-02	   8.4505210e+01	   1.5225138e-01	   5.4692285e-13	
   2.0000000e-02	   2.1289916e-02	   8.5891002e+01	   1.2388884e-01	   5.4772133e-13	
   3.0000000e-02	   2.0264327e-02	   8.5560441e+01	   1.0582039e-01	   5.4759200e-13	
   4.0000000e-02	   1.7312055e-02	   8.5304292e+01	   9.3045931e-02	   5.4721988e-13	
   5.0000000e-02	   1.1853639e-02	   8.4598433e+01	   8.3368793e-02	   5.4653254e-13	
   6.0000000e-02	   1.9711254e-02	   8.8360301e+01	   7.5802509e-02	   5.4752227e-13	
   7.0000000e-02	   7.4460213e-03	   8.6883322e+01	   6.9689174e-02	   5.4597815e-13	
   8.0000000e-02	  -6.6883860e-03	   8.4025576e+01	   6.4582315e-02	   5.4420411e-13	
   9.0000000e-02	  -6.9889829e-03	   8.6599790e+01	   6.0211041e-02	   5.4416645e-13	
   1.0000000e-01	  -4.8309854e-03	   8.8735856e+01	   5.6425491e-02	   5.4443691e-13	
   1.1000000e-01	  -1.7422367e-02	   8.7728077e+01	   5.3131858e-02	   5.4286073e-13	
   1.2000000e-01	  -3.6944398e-02	   8.3660920e+01	   5.0249644e-02	   5.4042598e-13	
   1.3000000e-01	  -4.0095682e-02	   8.5755274e+01	   4.7704363e-02	   5.4003398e-13	
   1.4000000e-01	  -3.3310200e-02	   8.9165812e+01	   4.5433671e-02	   5.4087840e-13	
   1.5000000e-01	  -4.2862449e-02	   8.8899260e+01	   4.3389443e-02	   5.3969005e-13	
   1.6000000e-01	  -6.4899519e-02	   8.5423311e+01	   4.1535271e-02	   5.3695848e-13	
   1.7000000e-01	  -7.4793927e-02	   8.4648167e+01	   3.9843241e-02	   5.3573654e-13	
   1.8000000e-01	  -7.3218997e-02	   8.7651757e+01	   3.8291501e-02	   5.3593085e-13	
   1.9000000e-01	  -7.5111601e-02	   8.8856049e+01	   3.6862520e-02	   5.3569735e-13	
   2.0000000e-01	  -8.4142326e-02	   8.8687559e+01	   3.5541803e-02	   5.3458458e-13	
   2.1000000e-01	  -9.8257281e-02	   8.7464508e+01	   3.4316980e-02	   5.3284995e-13	
   2.2000000e-01	  -1.1226525e-01	   8.5813187e+01	   3.3177218e-02	   5.3113404e-13	
   2.3000000e-01	  -1.1809283e-01	   8.6548295e+01	   3.2112867e-02	   5.3042181e-13	
   2.4000000e-01	  -1.1699392e-01	   8.8634383e+01	   3.1115282e-02	   5.3055605e-13	
   2.5000000e-01	  -1.2074697e-01	   8.9363810e+01	   3.0176779e-02	   5.3009775e-13	
   2.6000000e-01	  -1.3468055e-01	   8.8409988e+01	   2.9290702e-02	   5.2839975e-13	
   2.7000000e-01	  -1.5043628e-01	   8.6725957e+01	   2.8451525e-02	   5.2648625e-13	
   2.8000000e-01	  -1.5892166e-01	   8.6677479e+01	   2.7654938e-02	   5.2545859e-13	
   2.9000000e-01	  -1.6198651e-01	   8.7934973e+01	   2.6897832e-02	   5.2508790e-13	
   3.0000000e-01	  -1.6739009e-01	   8.8505603e+01	   2.6178155e-02	   5.2443498e-13	
   3.1000000e-01	  -1.7777583e-01	   8.8124033e+01	   2.5494619e-02	   5.2318234e-13	
   3.2000000e-01	  -1.8890934e-01	   8.7547545e+01	   2.4846325e-02	   5.2184284e-13	
   3.3000000e-01	  -1.9642672e-01	   8.7746936e+01	   2.4232390e-02	   5.2094034e-13	
   3.4000000e-01	  -2.0076827e-01	   8.8547905e+01	   2.3651673e-02	   5.2041983e-13	
   3.5000000e-01	  -2.0550916e-01	   8.9163401e+01	   2.3102644e-02	   5.1985203e-13	
   3.6000000e-01	  -2.1307342e-01	   8.9299597e+01	   2.2583397e-02	   5.1894737e-13	
   3.7000000e-01	  -2.2300056e-01	   8.9076519e+01	   2.2091751e-02	   5.1776251e-13	
   3.8000000e-01	  -2.3342508e-01	   8.8760969e+01	   2.1625394e-02	   5.1652120e-13	
   3.9000000e-01	  -2.4317539e-01	   8.8544597e+01	   2.1182011e-02	   5.1536286e-13	
   4.0000000e-01	  -2.5237057e-01	   8.8421100e+01	   2.0759384e-02	   5.1427286e-13	
   4.1000000e-01	  -2.6155165e-01	   8.8298177e+01	   2.0355455e-02	   5.1318682e-13	
   4.2000000e-01	  -2.7066811e-01	   8.8185321e+01	   1.9968359e-02	   5.1211070e-13	
   4.3000000e-01	  -2.7892646e-01	   8.8235108e+01	   1.9596434e-02	   5.1113782e-13	
   4.4000000e-01	  -2.8547766e-01	   8.8590700e+01	   1.9238223e-02	   5.1036736e-13	
   4.5000000e-01	  -2.9023692e-01	   8.9196862e+01	   1.8892461e-02	   5.0980838e-13	
   4.6000000e-01	  -2.9417224e-01	   8.9835640e+01	   1.8558068e-02	   5.0934663e-13	
   4.7000000e-01	  -2.9890047e-01	   9.0299710e+01	   1.8234139e-02	   5.0879240e-13	
   4.8000000e-01	  -3.0591313e-01	   9.0469646e+01	   1.7919935e-02	   5.0797150e-13	
   4.9000000e-01	  -3.1591126e-01	   9.0299505e+01	   1.7614873e-02	   5.0680342e-13	
   5.0000000e-01	  -3.2856735e-01	   8.9790887e+01	   1.7318515e-02	   5.0532865e-13	
   5.1000000e-01	  -3.4274653e-01	   8.8987014e+01	   1.7030555e-02	   5.0368151e-13	
   5.2000000e-01	  -3.5699901e-01	   8.7992354e+01	   1.6750791e-02	   5.0203126e-13	
   5.3000000e-01	  -3.7006533e-01	   8.7009653e+01	   1.6479107e-02	   5.0052310e-13	
   5.4000000e-01	  -3.8120063e-01	   8.6334995e+01	   1.6215440e-02	   4.9924140e-13	
   5.5000000e-01	  -3.9025272e-01	   8.6200315e+01	   1.5959747e-02	   4.9820191e-13	
   5.6000000e-01	  -3.9754259e-01	   8.6565975e+01	   1.5711982e-02	   4.9736635e-13	
   5.7000000e-01	  -4.0364990e-01	   8.7188130e+01	   1.5472069e-02	   4.9666742e-13	
   5.8000000e-01	  -4.0920014e-01	   8.7844613e+01	   1.5239884e-02	   4.9603309e-13	
   5.9000000e-01	  -4.1471432e-01	   8.8420356e+01	   1.5015254e-02	   4.9540368e-13	
   6.0000000e-01	  -4.2054253e-01	   8.8878782e+01	   1.4797950e-02	   4.9473930e-13	
   6.1000000e-01	  -4.2687176e-01	   8.9220612e+01	   1.4587695e-02	   4.9401881e-13	
   6.2000000e-01	  -4.3377756e-01	   8.9458522e+01	   1.4384177e-02	   4.9323388e-13	
   6.3000000e-01	  -4.4128081e-01	   8.9605215e+01	   1.4187057e-02	   4.9238247e-13	
   6.4000000e-01	  -4.4937772e-01	   8.9670175e+01	   1.3995981e-02	   4.9146533e-13	
   6.5000000e-01	  -4.5803194e-01	   8.9662053e+01	   1.3810596e-02	   4.9048696e-13	
   6.6000000e-01	  -4.6714303e-01	   8.9594042e+01	   1.3630551e-02	   4.8945904e-13	
   6.7000000e-01	  -4.7652106e-01	   8.9489236e+01	   1.3455511e-02	   4.8840326e-13	
   6.8000000e-01	  -4.8589525e-01	   8.9382589e+01	   1.3285157e-02	   4.8735018e-13	
   6.9000000e-01	  -4.9496558e-01	   8.9316086e+01	   1.3119192e-02	   4.8633340e-13	
   7.0000000e-01	  -5.0348292e-01	   8.9326127e+01	   1.2957339e-02	   4.8538055e-13	
   7.1000000e-01	  -5.1132664e-01	   8.9428129e+01	   1.2799345e-02	   4.8450470e-13	
   7.2000000e-01	  -5.1854885e-01	   8.9608627e+01	   1.2644979e-02	   4.8369965e-13	
   7.3000000e-01	  -5.2536816e-01	   8.9831002e+01	   1.2494032e-02	   4.8294074e-13	
   7.4000000e-01	  -5.3211673e-01	   9.0049918e+01	   1.2346317e-02	   4.8219087e-13	
   7.5000000e-01	  -5.3916057e-01	   9.0224485e+01	   1.2201666e-02	   4.8140944e-13	
   7.6000000e-01	  -5.4681922e-01	   9.0324876e+01	   1.2059931e-02	   4.8056124e-13	
   7.7000000e-01	  -5.5530579e-01	   9.0333280e+01	   1.1920983e-02	   4.7962309e-13	
   7.8000000e-01	  -5.6469770e-01	   9.0242233e+01	   1.1784711e-02	   4.7858699e-13	
   7.9000000e-01	  -5.7493703e-01	   9.0052680e+01	   1.1651020e-02	   4.7745996e-13	
   8.0000000e-01	  -5.8585252e-01	   8.9772978e+01	   1.1519829e-02	   4.7626143e-13	
   8.1000000e-01	  -5.9719361e-01	   8.9419210e+01	   1.1391073e-02	   4.7501935e-13	
   8.2000000e-01	  -6.0866879e-01	   8.9016588e+01	   1.1264699e-02	   4.7376588e-13	
   8.3000000e-01	  -6.1998369e-01	   8.8600911e+01	   1.1140662e-02	   4.7253316e-13	
   8.4000000e-01	  -6.3087644e-01	   8.8217916e+01	   1.1018928e-02	   4.7134946e-13	
   8.5000000e-01	  -6.4114795e-01	   8.7917479e+01	   1.0899468e-02	   4.7023599e-13	
   8.6000000e-01	  -6.5068400e-01	   8.7741269e+01	   1.0782258e-02	   4.6920460e-13	
   8.7000000e-01	  -6.5946573e-01	   8.7708113e+01	   1.0667275e-02	   4.6825679e-13	
   8.8000000e-01	  -6.6756583e-01	   8.7806576e+01	   1.0554498e-02	   4.6738425e-13	
   8.9000000e-01	  -6.7513098e-01	   8.8000829e+01	   1.0443906e-02	   4.6657081e-13	
   9.0000000e-01	  -6.8235393e-01	   8.8245222e+01	   1.0335475e-02	   4.6579548e-13	
   9.1000000e-01	  -6.8944163e-01	   8.8497749e+01	   1.0229178e-02	   4.6503592e-13	
   9.2000000e-01	  -6.9658629e-01	   8.8726944e+01	   1.0124987e-02	   4.6427151e-13	
   9.3000000e-01	  -7.0394457e-01	   8.8912833e+01	   1.0022869e-02	   4.6348555e-13	
   9.4000000e-01	  -7.1162710e-01	   8.9044848e+01	   9.9227900e-03	   4.6266639e-13	
   9.5000000e-01	  -7.1969705e-01	   8.9119062e+01	   9.8247122e-03	   4.6180747e-13	
   9.6000000e-01	  -7.2817421e-01	   8.9135917e+01	   9.7285962e-03	   4.6090693e-13	
   9.7000000e-01	  -7.3704085e-01	   8.9098872e+01	   9.6344014e-03	   4.5996689e-13	
   9.8000000e-01	  -7.4624666e-01	   8.9013978e+01	   9.5420860e-03	   4.5899293e-13	
   9.9000000e-01	  -7.5571259e-01	   8.8890163e+01	   9.4516080e-03	   4.5799359e-13	
   1.0000000e+00	  -7.6533518e-01	   8.8739840e+01	   9.3629255e-03	   4.5697995e-13	
