   0.0000000e+00	   0.0000000e+00	   0.0000000e+00	   1.0494312e-01	   5.4504287e-13	
   1.0000000e-02	   3.3830431e-03	   8.3259970e+01	   8.8456638e-02	   5.4546761e-13	
   2.0000000e-02	   4.8958641e-03	   8.6061245e+01	   7.7158877e-02	   5.4565765e-13	
   3.0000000e-02	  -4.2309509e-03	   8.4659735e+01	   6.8859543e-02	   5.4451214e-13	
   4.0000000e-02	  -1.4999743e-02	   8.1730515e+01	   6.2395277e-02	   5.4316363e-13	
   5.0000000e-02	  -1.8665374e-02	   8.3801034e+01	   5.7263884e-02	   5.4270537e-13	
   6.0000000e-02	  -2.8670337e-02	   8.1681127e+01	   5.3080001e-02	   5.4145657e-13	
   7.0000000e-02	  -2.5586545e-02	   8.6682704e+01	   4.9544675e-02	   5.4184118e-13	
   8.0000000e-02	  -3.5069423e-02	   8.6065268e+01	   4.6493515e-02	   5.4065935e-13	
   9.0000000e-02	  -4.0809717e-02	   8.6657500e+01	   4.3844159e-02	   5.3994520e-13	
   1.0000000e-01	  -5.7038327e-02	   8.3136764e+01	   4.1536390e-02	   5.3793131e-13	
   1.1000000e-01	  -6.3245777e-02	   8.4142109e+01	   3.9510630e-02	   5.3716299e-13	
   1.2000000e-01	  -7.3049686e-02	   8.3151315e+01	   3.7711413e-02	   5.3595175e-13	
   1.3000000e-01	  -7.8247423e-02	   8.4718257e+01	   3.6092767e-02	   5.3531069e-13	
   1.4000000e-01	  -8.0014460e-02	   8.6919582e+01	   3.4619080e-02	   5.3509293e-13	
   1.5000000e-01	  -8.8448124e-02	   8.6867282e+01	   3.3263979e-02	   5.3405483e-13	
   1.6000000e-01	  -9.8113978e-02	   8.6473939e+01	   3.2009091e-02	   5.3286754e-13	
   1.7000000e-01	  -1.0737927e-01	   8.6181815e+01	   3.0842765e-02	   5.3173192e-13	
   1.8000000e-01	  -1.1902339e-01	   8.4989713e+01	   2.9758264e-02	   5.3030817e-13	
   1.9000000e-01	  -1.2866768e-01	   8.4426516e+01	   2.8751426e-02	   5.2913184e-13	
   2.0000000e-01	  -1.3380580e-01	   8.5737189e+01	   2.7818429e-02	   5.2850619e-13	
   2.1000000e-01	  -1.3891238e-01	   8.6752699e+01	   2.6954462e-02	   5.2788512e-13	
   2.2000000e-01	  -1.4687605e-01	   8.6872160e+01	   2.6153508e-02	   5.2691802e-13	
   2.3000000e-01	  -1.5624270e-01	   8.6610695e+01	   2.5408888e-02	   5.2578282e-13	
   2.4000000e-01	  -1.6593243e-01	   8.6238656e+01	   2.4713961e-02	   5.2461103e-13	
   2.5000000e-01	  -1.7656407e-01	   8.5507828e+01	   2.4062645e-02	   5.2332834e-13	
   2.6000000e-01	  -1.8787295e-01	   8.4327212e+01	   2.3449657e-02	   5.2196738e-13	
   2.7000000e-01	  -1.9796163e-01	   8.3484470e+01	   2.2870540e-02	   5.2075626e-13	
   2.8000000e-01	  -2.0544440e-01	   8.4028185e+01	   2.2321589e-02	   5.1985978e-13	
   2.9000000e-01	  -2.1121518e-01	   8.5228743e+01	   2.1799731e-02	   5.1916946e-13	
   3.0000000e-01	  -2.1772096e-01	   8.5935916e+01	   2.1302421e-02	   5.1839233e-13	
   3.1000000e-01	  -2.2677094e-01	   8.5758055e+01	   2.0827541e-02	   5.1731321e-13	
   3.2000000e-01	  -2.3808923e-01	   8.4692681e+01	   2.0373327e-02	   5.1596677e-13	
   3.3000000e-01	  -2.4968058e-01	   8.3124957e+01	   1.9938304e-02	   5.1459149e-13	
   3.4000000e-01	  -2.5942996e-01	   8.2315572e+01	   1.9521219e-02	   5.1343759e-13	
   3.5000000e-01	  -2.6659083e-01	   8.3247578e+01	   1.9120992e-02	   5.1259171e-13	
   3.6000000e-01	  -2.7216139e-01	   8.4746680e+01	   1.8736662e-02	   5.1193464e-13	
   3.7000000e-01	  -2.7807331e-01	   8.5744391e+01	   1.8367356e-02	   5.1123824e-13	
   3.8000000e-01	  -2.8589080e-01	   8.5988092e+01	   1.8012250e-02	   5.1031881e-13	
   3.9000000e-01	  -2.9589097e-01	   8.5509254e+01	   1.7670562e-02	   5.0914509e-13	
   4.0000000e-01	  -3.0701619e-01	   8.4501688e+01	   1.7341533e-02	   5.0784250e-13	
   4.1000000e-01	  -3.1760817e-01	   8.3504694e+01	   1.7024431e-02	   5.0660543e-13	
   4.2000000e-01	  -3.2640233e-01	   8.3389992e+01	   1.6718545e-02	   5.0558063e-13	
   4.3000000e-01	  -3.3318035e-01	   8.4319549e+01	   1.6423195e-02	   5.0479219e-13	
   4.4000000e-01	  -3.3874994e-01	   8.5526534e+01	   1.6137728e-02	   5.0414523e-13	
   4.5000000e-01	  -3.4435415e-01	   8.6458437e+01	   1.5861526e-02	   5.0349510e-13	
   4.6000000e-01	  -3.5093008e-01	   8.6988982e+01	   1.5594004e-02	   5.0273330e-13	
   4.7000000e-01	  -3.5866221e-01	   8.7195893e+01	   1.5334620e-02	   5.0183903e-13	
   4.8000000e-01	  -3.6704042e-01	   8.7245186e+01	   1.5082878e-02	   5.0087184e-13	
   4.9000000e-01	  -3.7531520e-01	   8.7317985e+01	   1.4838326e-02	   4.9991842e-13	
   5.0000000e-01	  -3.8302981e-01	   8.7513814e+01	   1.4600571e-02	   4.9903118e-13	
   5.1000000e-01	  -3.9030556e-01	   8.7791561e+01	   1.4369271e-02	   4.9819585e-13	
   5.2000000e-01	  -3.9773930e-01	   8.8021538e+01	   1.4144143e-02	   4.9734382e-13	
   5.3000000e-01	  -4.0601434e-01	   8.8082016e+01	   1.3924960e-02	   4.9639709e-13	
   5.4000000e-01	  -4.1547843e-01	   8.7912724e+01	   1.3711544e-02	   4.9531652e-13	
   5.5000000e-01	  -4.2592846e-01	   8.7530158e+01	   1.3503763e-02	   4.9412612e-13	
   5.6000000e-01	  -4.3669600e-01	   8.7036917e+01	   1.3301517e-02	   4.9290254e-13	
   5.7000000e-01	  -4.4695484e-01	   8.6619704e+01	   1.3104732e-02	   4.9173959e-13	
   5.8000000e-01	  -4.5607025e-01	   8.6483184e+01	   1.2913345e-02	   4.9070856e-13	
   5.9000000e-01	  -4.6382014e-01	   8.6710050e+01	   1.2727299e-02	   4.8983368e-13	
   6.0000000e-01	  -4.7041324e-01	   8.7199512e+01	   1.2546528e-02	   4.8909062e-13	
   6.1000000e-01	  -4.7634062e-01	   8.7774072e+01	   1.2370958e-02	   4.8842355e-13	
   6.2000000e-01	  -4.8216251e-01	   8.8298769e+01	   1.2200496e-02	   4.8776924e-13	
   6.3000000e-01	  -4.8833144e-01	   8.8709718e+01	   1.2035038e-02	   4.8707688e-13	
   6.4000000e-01	  -4.9510668e-01	   8.8993241e+01	   1.1874460e-02	   4.8631761e-13	
   6.5000000e-01	  -5.0256016e-01	   8.9161155e+01	   1.1718627e-02	   4.8548369e-13	
   6.6000000e-01	  -5.1063899e-01	   8.9234111e+01	   1.1567394e-02	   4.8458142e-13	
   6.7000000e-01	  -5.1924084e-01	   8.9231926e+01	   1.1420608e-02	   4.8362259e-13	
   6.8000000e-01	  -5.2827038e-01	   8.9168719e+01	   1.1278108e-02	   4.8261812e-13	
   6.9000000e-01	  -5.3766364e-01	   8.9051622e+01	   1.1139732e-02	   4.8157540e-13	
   7.0000000e-01	  -5.4738374e-01	   8.8882163e+01	   1.1005318e-02	   4.8049878e-13	
   7.1000000e-01	  -5.5740046e-01	   8.8659264e+01	   1.0874701e-02	   4.7939181e-13	
   7.2000000e-01	  -5.6766767e-01	   8.8382834e+01	   1.0747716e-02	   4.7825982e-13	
   7.3000000e-01	  -5.7810849e-01	   8.8057237e+01	   1.0624201e-02	   4.7711142e-13	
   7.4000000e-01	  -5.8861298e-01	   8.7694278e+01	   1.0503993e-02	   4.7595880e-13	
   7.5000000e-01	  -5.9904745e-01	   8.7315379e+01	   1.0386933e-02	   4.7481662e-13	
   7.6000000e-01	  -6.0927131e-01	   8.6952180e+01	   1.0272862e-02	   4.7370016e-13	
   7.7000000e-01	  -6.1915633e-01	   8.6644111e+01	   1.0161623e-02	   4.7262319e-13	
   7.8000000e-01	  -6.2860343e-01	   8.6431505e+01	   1.0053063e-02	   4.7159622e-13	
   7.9000000e-01	  -6.3755376e-01	   8.6344901e+01	   9.9470309e-03	   4.7062531e-13	
   8.0000000e-01	  -6.4599281e-01	   8.6395016e+01	   9.8433805e-03	   4.6971170e-13	
   8.1000000e-01	  -6.5394778e-01	   8.6569570e+01	   9.7419688e-03	   4.6885212e-13	
   8.2000000e-01	  -6.6147978e-01	   8.6839129e+01	   9.6426574e-03	   4.6803969e-13	
   8.3000000e-01	  -6.6867292e-01	   8.7167704e+01	   9.5453131e-03	   4.6726512e-13	
   8.4000000e-01	  -6.7562260e-01	   8.7521991e+01	   9.4498079e-03	   4.6651799e-13	
   8.5000000e-01	  -6.8242468e-01	   8.7876203e+01	   9.3560199e-03	   4.6578789e-13	
   8.6000000e-01	  -6.8916692e-01	   8.8212986e+01	   9.2638332e-03	   4.6506533e-13	
   8.7000000e-01	  -6.9592325e-01	   8.8522235e+01	   9.1731388e-03	   4.6434239e-13	
   8.8000000e-01	  -7.0275087e-01	   8.8799247e+01	   9.0838349e-03	   4.6361297e-13	
   8.9000000e-01	  -7.0968971e-01	   8.9043004e+01	   8.9958270e-03	   4.6287283e-13	
   9.0000000e-01	  -7.1676361e-01	   8.9254827e+01	   8.9090293e-03	   4.6211950e-13	
   9.1000000e-01	  -7.2398228e-01	   8.9437449e+01	   8.8233645e-03	   4.6135202e-13	
   9.2000000e-01	  -7.3134346e-01	   8.9594423e+01	   8.7387645e-03	   4.6057071e-13	
   9.3000000e-01	  -7.3883474e-01	   8.9729794e+01	   8.6551714e-03	   4.5977694e-13	
   9.4000000e-01	  -7.4643495e-01	   8.9847939e+01	   8.5725374e-03	   4.5897303e-13	
   9.5000000e-01	  -7.5411523e-01	   8.9953499e+01	   8.4908258e-03	   4.5816207e-13	
   9.6000000e-01	  -7.6183991e-01	   9.0051329e+01	   8.4100107e-03	   4.5734788e-13	
   9.7000000e-01	  -7.6956790e-01	   9.0146390e+01	   8.3300777e-03	   4.5653478e-13	
   9.8000000e-01	  -7.7725470e-01	   9.0243545e+01	   8.2510231e-03	   4.5572745e-13	
   9.9000000e-01	  -7.8485539e-01	   9.0347239e+01	   8.1728541e-03	   4.5493057e-13	
   1.0000000e+00	  -7.9232866e-01	   9.0461076e+01	   8.0955877e-03	   4.5414841e-13	
