   0.0000000e+00	   0.0000000e+00	   0.0000000e+00	   1.0494312e-01	   5.4504287e-13	
   1.0000000e-02	   3.4048749e-03	   8.3297743e+01	   8.8456638e-02	   5.4547035e-13	
   2.0000000e-02	   4.7453749e-03	   8.6034456e+01	   7.7158877e-02	   5.4563874e-13	
   3.0000000e-02	  -4.7333597e-03	   8.4450077e+01	   6.8859543e-02	   5.4444915e-13	
   4.0000000e-02	  -1.5882879e-02	   8.0895182e+01	   6.2395277e-02	   5.4305319e-13	
   5.0000000e-02	  -1.8753400e-02	   8.3785476e+01	   5.7263884e-02	   5.4269437e-13	
   6.0000000e-02	  -2.7794501e-02	   8.2453520e+01	   5.3080001e-02	   5.4156577e-13	
   7.0000000e-02	  -2.5878368e-02	   8.6627934e+01	   4.9544675e-02	   5.4180477e-13	
   8.0000000e-02	  -3.5257109e-02	   8.6035713e+01	   4.6493515e-02	   5.4063598e-13	
   9.0000000e-02	  -4.2777243e-02	   8.6085427e+01	   4.3844159e-02	   5.3970064e-13	
   1.0000000e-01	  -5.8277962e-02	   8.2311769e+01	   4.1536390e-02	   5.3777779e-13	
   1.1000000e-01	  -6.3571253e-02	   8.4020641e+01	   3.9510630e-02	   5.3712273e-13	
   1.2000000e-01	  -7.2719787e-02	   8.3412257e+01	   3.7711413e-02	   5.3599246e-13	
   1.3000000e-01	  -7.6309726e-02	   8.5548447e+01	   3.6092767e-02	   5.3554958e-13	
   1.4000000e-01	  -7.9512792e-02	   8.7088314e+01	   3.4619080e-02	   5.3515474e-13	
   1.5000000e-01	  -8.9646248e-02	   8.6568344e+01	   3.3263979e-02	   5.3390752e-13	
   1.6000000e-01	  -9.9639058e-02	   8.6038564e+01	   3.2009091e-02	   5.3268044e-13	
   1.7000000e-01	  -1.0956066e-01	   8.5475976e+01	   3.0842765e-02	   5.3146491e-13	
   1.8000000e-01	  -1.2068991e-01	   8.4289892e+01	   2.9758264e-02	   5.3010472e-13	
   1.9000000e-01	  -1.2815644e-01	   8.4711015e+01	   2.8751426e-02	   5.2919413e-13	
   2.0000000e-01	  -1.3226056e-01	   8.6285055e+01	   2.7818429e-02	   5.2869427e-13	
   2.1000000e-01	  -1.3815083e-01	   8.6994804e+01	   2.6954462e-02	   5.2797770e-13	
   2.2000000e-01	  -1.4686371e-01	   8.6913058e+01	   2.6153508e-02	   5.2691952e-13	
   2.3000000e-01	  -1.5640607e-01	   8.6602895e+01	   2.5408888e-02	   5.2576304e-13	
   2.4000000e-01	  -1.6647213e-01	   8.6109996e+01	   2.4713961e-02	   5.2454584e-13	
   2.5000000e-01	  -1.7753480e-01	   8.5185413e+01	   2.4062645e-02	   5.2321138e-13	
   2.6000000e-01	  -1.8834955e-01	   8.4146569e+01	   2.3449657e-02	   5.2191010e-13	
   2.7000000e-01	  -1.9690189e-01	   8.4108311e+01	   2.2870540e-02	   5.2088334e-13	
   2.8000000e-01	  -2.0299688e-01	   8.5166455e+01	   2.2321589e-02	   5.2015284e-13	
   2.9000000e-01	  -2.0877668e-01	   8.6118464e+01	   2.1799731e-02	   5.1946105e-13	
   3.0000000e-01	  -2.1673122e-01	   8.6287478e+01	   2.1302421e-02	   5.1851048e-13	
   3.1000000e-01	  -2.2751224e-01	   8.5543237e+01	   2.0827541e-02	   5.1722491e-13	
   3.2000000e-01	  -2.3951886e-01	   8.4080003e+01	   2.0373327e-02	   5.1579695e-13	
   3.3000000e-01	  -2.5029168e-01	   8.2794588e+01	   1.9938304e-02	   5.1451909e-13	
   3.4000000e-01	  -2.5836804e-01	   8.3102338e+01	   1.9521219e-02	   5.1356315e-13	
   3.5000000e-01	  -2.6420456e-01	   8.4532448e+01	   1.9120992e-02	   5.1287343e-13	
   3.6000000e-01	  -2.6968770e-01	   8.5727128e+01	   1.8736662e-02	   5.1222632e-13	
   3.7000000e-01	  -2.7677767e-01	   8.6198556e+01	   1.8367356e-02	   5.1139078e-13	
   3.8000000e-01	  -2.8627793e-01	   8.5903556e+01	   1.8012250e-02	   5.1027333e-13	
   3.9000000e-01	  -2.9746108e-01	   8.4960124e+01	   1.7670562e-02	   5.0896105e-13	
   4.0000000e-01	  -3.0864969e-01	   8.3758685e+01	   1.7341533e-02	   5.0765152e-13	
   4.1000000e-01	  -3.1828305e-01	   8.3165886e+01	   1.7024431e-02	   5.0652671e-13	
   4.2000000e-01	  -3.2578335e-01	   8.3779569e+01	   1.6718545e-02	   5.0565269e-13	
   4.3000000e-01	  -3.3173970e-01	   8.4978944e+01	   1.6423195e-02	   5.0495966e-13	
   4.4000000e-01	  -3.3739513e-01	   8.6011329e+01	   1.6137728e-02	   5.0430253e-13	
   4.5000000e-01	  -3.4384077e-01	   8.6634183e+01	   1.5861526e-02	   5.0355462e-13	
   4.6000000e-01	  -3.5143801e-01	   8.6893831e+01	   1.5594004e-02	   5.0267450e-13	
   4.7000000e-01	  -3.5977651e-01	   8.6956695e+01	   1.5334620e-02	   5.0171029e-13	
   4.8000000e-01	  -3.6811347e-01	   8.7019450e+01	   1.5082878e-02	   5.0074810e-13	
   4.9000000e-01	  -3.7595984e-01	   8.7199071e+01	   1.4838326e-02	   4.9984422e-13	
   5.0000000e-01	  -3.8343201e-01	   8.7455370e+01	   1.4600571e-02	   4.9898496e-13	
   5.1000000e-01	  -3.9117387e-01	   8.7639944e+01	   1.4369271e-02	   4.9809625e-13	
   5.2000000e-01	  -3.9993655e-01	   8.7603527e+01	   1.4144143e-02	   4.9709226e-13	
   5.3000000e-01	  -4.1009843e-01	   8.7255018e+01	   1.3924960e-02	   4.9593050e-13	
   5.4000000e-01	  -4.2141005e-01	   8.6578603e+01	   1.3711544e-02	   4.9464048e-13	
   5.5000000e-01	  -4.3308638e-01	   8.5661867e+01	   1.3503763e-02	   4.9331239e-13	
   5.6000000e-01	  -4.4416269e-01	   8.4756805e+01	   1.3301517e-02	   4.9205584e-13	
   5.7000000e-01	  -4.5390214e-01	   8.4273491e+01	   1.3104732e-02	   4.9095360e-13	
   5.8000000e-01	  -4.6205104e-01	   8.4481785e+01	   1.2913345e-02	   4.9003326e-13	
   5.9000000e-01	  -4.6885141e-01	   8.5203886e+01	   1.2727299e-02	   4.8926654e-13	
   6.0000000e-01	  -4.7485730e-01	   8.6065906e+01	   1.2546528e-02	   4.8859040e-13	
   6.1000000e-01	  -4.8068157e-01	   8.6828675e+01	   1.2370958e-02	   4.8793560e-13	
   6.2000000e-01	  -4.8679563e-01	   8.7412438e+01	   1.2200496e-02	   4.8724916e-13	
   6.3000000e-01	  -4.9344417e-01	   8.7820323e+01	   1.2035038e-02	   4.8650381e-13	
   6.4000000e-01	  -5.0066805e-01	   8.8085804e+01	   1.1874460e-02	   4.8569525e-13	
   6.5000000e-01	  -5.0838717e-01	   8.8247118e+01	   1.1718627e-02	   4.8483274e-13	
   6.6000000e-01	  -5.1648923e-01	   8.8335443e+01	   1.1567394e-02	   4.8392910e-13	
   6.7000000e-01	  -5.2488861e-01	   8.8370422e+01	   1.1420608e-02	   4.8299407e-13	
   6.8000000e-01	  -5.3354454e-01	   8.8360735e+01	   1.1278108e-02	   4.8203237e-13	
   6.9000000e-01	  -5.4244773e-01	   8.8307974e+01	   1.1139732e-02	   4.8104520e-13	
   7.0000000e-01	  -5.5159251e-01	   8.8211802e+01	   1.1005318e-02	   4.8003335e-13	
   7.1000000e-01	  -5.6095126e-01	   8.8074636e+01	   1.0874701e-02	   4.7900002e-13	
   7.2000000e-01	  -5.7046084e-01	   8.7904898e+01	   1.0747716e-02	   4.7795232e-13	
   7.3000000e-01	  -5.8002394e-01	   8.7718461e+01	   1.0624201e-02	   4.7690104e-13	
   7.4000000e-01	  -5.8952228e-01	   8.7538106e+01	   1.0503993e-02	   4.7585916e-13	
   7.5000000e-01	  -5.9883593e-01	   8.7390669e+01	   1.0386933e-02	   4.7483975e-13	
   7.6000000e-01	  -6.0786285e-01	   8.7301928e+01	   1.0272862e-02	   4.7385381e-13	
   7.7000000e-01	  -6.1653386e-01	   8.7290356e+01	   1.0161623e-02	   4.7290867e-13	
   7.8000000e-01	  -6.2482073e-01	   8.7362163e+01	   1.0053063e-02	   4.7200716e-13	
   7.9000000e-01	  -6.3273693e-01	   8.7510073e+01	   9.9470309e-03	   4.7114758e-13	
   8.0000000e-01	  -6.4033223e-01	   8.7716380e+01	   9.8433805e-03	   4.7032432e-13	
   8.1000000e-01	  -6.4768310e-01	   8.7958410e+01	   9.7419688e-03	   4.6952892e-13	
   8.2000000e-01	  -6.5488119e-01	   8.8213736e+01	   9.6426574e-03	   4.6875136e-13	
   8.3000000e-01	  -6.6202186e-01	   8.8463553e+01	   9.5453131e-03	   4.6798127e-13	
   8.4000000e-01	  -6.6919422e-01	   8.8694017e+01	   9.4498079e-03	   4.6720904e-13	
   8.5000000e-01	  -6.7647364e-01	   8.8896190e+01	   9.3560199e-03	   4.6642658e-13	
   8.6000000e-01	  -6.8391697e-01	   8.9065312e+01	   9.2638332e-03	   4.6562786e-13	
   8.7000000e-01	  -6.9156058e-01	   8.9199894e+01	   9.1731388e-03	   4.6480908e-13	
   8.8000000e-01	  -6.9942043e-01	   8.9300884e+01	   9.0838349e-03	   4.6396863e-13	
   8.9000000e-01	  -7.0749397e-01	   8.9371010e+01	   8.9958270e-03	   4.6310691e-13	
   9.0000000e-01	  -7.1576291e-01	   8.9414286e+01	   8.9090293e-03	   4.6222600e-13	
   9.1000000e-01	  -7.2419635e-01	   8.9435683e+01	   8.8233645e-03	   4.6132929e-13	
   9.2000000e-01	  -7.3275388e-01	   8.9440906e+01	   8.7387645e-03	   4.6042116e-13	
   9.3000000e-01	  -7.4138836e-01	   8.9436233e+01	   8.6551714e-03	   4.5950667e-13	
   9.4000000e-01	  -7.5004825e-01	   8.9428385e+01	   8.5725374e-03	   4.5859132e-13	
   9.5000000e-01	  -7.5867976e-01	   8.9424336e+01	   8.4908258e-03	   4.5768079e-13	
   9.6000000e-01	  -7.6722894e-01	   8.9431046e+01	   8.4100107e-03	   4.5678072e-13	
   9.7000000e-01	  -7.7564393e-01	   8.9455043e+01	   8.3300777e-03	   4.5589651e-13	
   9.8000000e-01	  -7.8387776e-01	   8.9501882e+01	   8.2510231e-03	   4.5503299e-13	
   9.9000000e-01	  -7.9189160e-01	   8.9575518e+01	   8.1728541e-03	   4.5419411e-13	
   1.0000000e+00	  -7.9965835e-01	   8.9677727e+01	   8.0955877e-03	   4.5338257e-13	
