   0.0000000e+00	   0.0000000e+00	   0.0000000e+00	   1.0494312e-01	   5.4504287e-13	
   1.0000000e-02	   3.4154707e-03	   8.3316380e+01	   8.8456638e-02	   5.4547168e-13	
   2.0000000e-02	   4.6693176e-03	   8.6020580e+01	   7.7158877e-02	   5.4562918e-13	
   3.0000000e-02	  -4.9715471e-03	   8.4347023e+01	   6.8859543e-02	   5.4441929e-13	
   4.0000000e-02	  -1.6288649e-02	   8.0448709e+01	   6.2395277e-02	   5.4300246e-13	
   5.0000000e-02	  -1.8790919e-02	   8.3781268e+01	   5.7263884e-02	   5.4268969e-13	
   6.0000000e-02	  -2.7341187e-02	   8.2806782e+01	   5.3080001e-02	   5.4162230e-13	
   7.0000000e-02	  -2.6093781e-02	   8.6579529e+01	   4.9544675e-02	   5.4177789e-13	
   8.0000000e-02	  -3.5392043e-02	   8.6006877e+01	   4.6493515e-02	   5.4061919e-13	
   9.0000000e-02	  -4.3793548e-02	   8.5754623e+01	   4.3844159e-02	   5.3957436e-13	
   1.0000000e-01	  -5.8735803e-02	   8.1968274e+01	   4.1536390e-02	   5.3772110e-13	
   1.1000000e-01	  -6.3637246e-02	   8.4009686e+01	   3.9510630e-02	   5.3711457e-13	
   1.2000000e-01	  -7.2393729e-02	   8.3631778e+01	   3.7711413e-02	   5.3603270e-13	
   1.3000000e-01	  -7.5404680e-02	   8.5891278e+01	   3.6092767e-02	   5.3566120e-13	
   1.4000000e-01	  -7.9563428e-02	   8.7093121e+01	   3.4619080e-02	   5.3514851e-13	
   1.5000000e-01	  -9.0417869e-02	   8.6356933e+01	   3.3263979e-02	   5.3381266e-13	
   1.6000000e-01	  -1.0048013e-01	   8.5774162e+01	   3.2009091e-02	   5.3257729e-13	
   1.7000000e-01	  -1.1057092e-01	   8.5104775e+01	   3.0842765e-02	   5.3134129e-13	
   1.8000000e-01	  -1.2111132e-01	   8.4105615e+01	   2.9758264e-02	   5.3005328e-13	
   1.9000000e-01	  -1.2748555e-01	   8.5022517e+01	   2.8751426e-02	   5.2927588e-13	
   2.0000000e-01	  -1.3141442e-01	   8.6557977e+01	   2.7818429e-02	   5.2879729e-13	
   2.1000000e-01	  -1.3787973e-01	   8.7083487e+01	   2.6954462e-02	   5.2801066e-13	
   2.2000000e-01	  -1.4693905e-01	   8.6911577e+01	   2.6153508e-02	   5.2691038e-13	
   2.3000000e-01	  -1.5658984e-01	   8.6569389e+01	   2.5408888e-02	   5.2574079e-13	
   2.4000000e-01	  -1.6686055e-01	   8.6004822e+01	   2.4713961e-02	   5.2449893e-13	
   2.5000000e-01	  -1.7793747e-01	   8.5046963e+01	   2.4062645e-02	   5.2316287e-13	
   2.6000000e-01	  -1.8817244e-01	   8.4259169e+01	   2.3449657e-02	   5.2193139e-13	
   2.7000000e-01	  -1.9582407e-01	   8.4641792e+01	   2.2870540e-02	   5.2101263e-13	
   2.8000000e-01	  -2.0144810e-01	   8.5756366e+01	   2.2321589e-02	   5.2033837e-13	
   2.9000000e-01	  -2.0759839e-01	   8.6493707e+01	   2.1799731e-02	   5.1960201e-13	
   3.0000000e-01	  -2.1642648e-01	   8.6398156e+01	   2.1302421e-02	   5.1854686e-13	
   3.1000000e-01	  -2.2783115e-01	   8.5449493e+01	   2.0827541e-02	   5.1718693e-13	
   3.2000000e-01	  -2.3968844e-01	   8.4020857e+01	   2.0373327e-02	   5.1577681e-13	
   3.3000000e-01	  -2.4962462e-01	   8.3249582e+01	   1.9938304e-02	   5.1459812e-13	
   3.4000000e-01	  -2.5675133e-01	   8.4034538e+01	   1.9521219e-02	   5.1375437e-13	
   3.5000000e-01	  -2.6213980e-01	   8.5392213e+01	   1.9120992e-02	   5.1311733e-13	
   3.6000000e-01	  -2.6791636e-01	   8.6309712e+01	   1.8736662e-02	   5.1243528e-13	
   3.7000000e-01	  -2.7579212e-01	   8.6506933e+01	   1.8367356e-02	   5.1150684e-13	
   3.8000000e-01	  -2.8604111e-01	   8.5999062e+01	   1.8012250e-02	   5.1030115e-13	
   3.9000000e-01	  -2.9747959e-01	   8.4974034e+01	   1.7670562e-02	   5.0895888e-13	
   4.0000000e-01	  -3.0831478e-01	   8.3956457e+01	   1.7341533e-02	   5.0769067e-13	
   4.1000000e-01	  -3.1724438e-01	   8.3777476e+01	   1.7024431e-02	   5.0664787e-13	
   4.2000000e-01	  -3.2412508e-01	   8.4594285e+01	   1.6718545e-02	   5.0584580e-13	
   4.3000000e-01	  -3.2987216e-01	   8.5683068e+01	   1.6423195e-02	   5.0517685e-13	
   4.4000000e-01	  -3.3576091e-01	   8.6511765e+01	   1.6137728e-02	   5.0449233e-13	
   4.5000000e-01	  -3.4263934e-01	   8.6963703e+01	   1.5861526e-02	   5.0369394e-13	
   4.6000000e-01	  -3.5053980e-01	   8.7131974e+01	   1.5594004e-02	   5.0277848e-13	
   4.7000000e-01	  -3.5886349e-01	   8.7194500e+01	   1.5334620e-02	   5.0181578e-13	
   4.8000000e-01	  -3.6693978e-01	   8.7314038e+01	   1.5082878e-02	   5.0088345e-13	
   4.9000000e-01	  -3.7455824e-01	   8.7532040e+01	   1.4838326e-02	   5.0000556e-13	
   5.0000000e-01	  -3.8213567e-01	   8.7747866e+01	   1.4600571e-02	   4.9913393e-13	
   5.1000000e-01	  -3.9044384e-01	   8.7805699e+01	   1.4369271e-02	   4.9817999e-13	
   5.2000000e-01	  -4.0010273e-01	   8.7581003e+01	   1.4144143e-02	   4.9707324e-13	
   5.3000000e-01	  -4.1116430e-01	   8.7014608e+01	   1.3924960e-02	   4.9580880e-13	
   5.4000000e-01	  -4.2302335e-01	   8.6134264e+01	   1.3711544e-02	   4.9445677e-13	
   5.5000000e-01	  -4.3467957e-01	   8.5112391e+01	   1.3503763e-02	   4.9313145e-13	
   5.6000000e-01	  -4.4517914e-01	   8.4336097e+01	   1.3301517e-02	   4.9194069e-13	
   5.7000000e-01	  -4.5399311e-01	   8.4246693e+01	   1.3104732e-02	   4.9094331e-13	
   5.8000000e-01	  -4.6116090e-01	   8.4864797e+01	   1.2913345e-02	   4.9013371e-13	
   5.9000000e-01	  -4.6717692e-01	   8.5790078e+01	   1.2727299e-02	   4.8945522e-13	
   6.0000000e-01	  -4.7272693e-01	   8.6673784e+01	   1.2546528e-02	   4.8883013e-13	
   6.1000000e-01	  -4.7842345e-01	   8.7373309e+01	   1.2370958e-02	   4.8818937e-13	
   6.2000000e-01	  -4.8464741e-01	   8.7870910e+01	   1.2200496e-02	   4.8749023e-13	
   6.3000000e-01	  -4.9152357e-01	   8.8198250e+01	   1.2035038e-02	   4.8671900e-13	
   6.4000000e-01	  -4.9899285e-01	   8.8399506e+01	   1.1874460e-02	   4.8588263e-13	
   6.5000000e-01	  -5.0691852e-01	   8.8514633e+01	   1.1718627e-02	   4.8499673e-13	
   6.6000000e-01	  -5.1517359e-01	   8.8571899e+01	   1.1567394e-02	   4.8407572e-13	
   6.7000000e-01	  -5.2368380e-01	   8.8586229e+01	   1.1420608e-02	   4.8312808e-13	
   6.8000000e-01	  -5.3242743e-01	   8.8561914e+01	   1.1278108e-02	   4.8215638e-13	
   6.9000000e-01	  -5.4140876e-01	   8.8497796e+01	   1.1139732e-02	   4.8116030e-13	
   7.0000000e-01	  -5.5062539e-01	   8.8392726e+01	   1.1005318e-02	   4.8014026e-13	
   7.1000000e-01	  -5.6004450e-01	   8.8249765e+01	   1.0874701e-02	   4.7910004e-13	
   7.2000000e-01	  -5.6959488e-01	   8.8078528e+01	   1.0747716e-02	   4.7804763e-13	
   7.3000000e-01	  -5.7917413e-01	   8.7895622e+01	   1.0624201e-02	   4.7699436e-13	
   7.4000000e-01	  -5.8866595e-01	   8.7723125e+01	   1.0503993e-02	   4.7595300e-13	
   7.5000000e-01	  -5.9796088e-01	   8.7585082e+01	   1.0386933e-02	   4.7493543e-13	
   7.6000000e-01	  -6.0697465e-01	   8.7502453e+01	   1.0272862e-02	   4.7395073e-13	
   7.7000000e-01	  -6.1566036e-01	   8.7487948e+01	   1.0161623e-02	   4.7300379e-13	
   7.8000000e-01	  -6.2401307e-01	   8.7542846e+01	   1.0053063e-02	   4.7209495e-13	
   7.9000000e-01	  -6.3206702e-01	   8.7657309e+01	   9.9470309e-03	   4.7122026e-13	
   8.0000000e-01	  -6.3988722e-01	   8.7813876e+01	   9.8433805e-03	   4.7037252e-13	
   8.1000000e-01	  -6.4755792e-01	   8.7992248e+01	   9.7419688e-03	   4.6954246e-13	
   8.2000000e-01	  -6.5516990e-01	   8.8173405e+01	   9.6426574e-03	   4.6872020e-13	
   8.3000000e-01	  -6.6280901e-01	   8.8342081e+01	   9.5453131e-03	   4.6789646e-13	
   8.4000000e-01	  -6.7054707e-01	   8.8487648e+01	   9.4498079e-03	   4.6706353e-13	
   8.5000000e-01	  -6.7843605e-01	   8.8603965e+01	   9.3560199e-03	   4.6621587e-13	
   8.6000000e-01	  -6.8650566e-01	   8.8688713e+01	   9.2638332e-03	   4.6535040e-13	
   8.7000000e-01	  -6.9476394e-01	   8.8742589e+01	   9.1731388e-03	   4.6446636e-13	
   8.8000000e-01	  -7.0320010e-01	   8.8768547e+01	   9.0838349e-03	   4.6356501e-13	
   8.9000000e-01	  -7.1178867e-01	   8.8771143e+01	   8.9958270e-03	   4.6264918e-13	
   9.0000000e-01	  -7.2049391e-01	   8.8756031e+01	   8.9090293e-03	   4.6172274e-13	
   9.1000000e-01	  -7.2927386e-01	   8.8729587e+01	   8.8233645e-03	   4.6079024e-13	
   9.2000000e-01	  -7.3808343e-01	   8.8698639e+01	   8.7387645e-03	   4.5985649e-13	
   9.3000000e-01	  -7.4687644e-01	   8.8670282e+01	   8.6551714e-03	   4.5892637e-13	
   9.4000000e-01	  -7.5560692e-01	   8.8651696e+01	   8.5725374e-03	   4.5800473e-13	
   9.5000000e-01	  -7.6423005e-01	   8.8649900e+01	   8.4908258e-03	   4.5709625e-13	
   9.6000000e-01	  -7.7270324e-01	   8.8671370e+01	   8.4100107e-03	   4.5620531e-13	
   9.7000000e-01	  -7.8098787e-01	   8.8721492e+01	   8.3300777e-03	   4.5533588e-13	
   9.8000000e-01	  -7.8905182e-01	   8.8803894e+01	   8.2510231e-03	   4.5449120e-13	
   9.9000000e-01	  -7.9687278e-01	   8.8919806e+01	   8.1728541e-03	   4.5367347e-13	
   1.0000000e+00	  -8.0444178e-01	   8.9067632e+01	   8.0955877e-03	   4.5288348e-13	
