   0.0000000e+00	   0.0000000e+00	   0.0000000e+00	   2.0988624e-01	   5.4504287e-13	
   1.0000000e-02	   1.5314131e-02	   8.4713677e+01	   1.5225138e-01	   5.4696819e-13	
   2.0000000e-02	   2.2149312e-02	   8.6222236e+01	   1.2388884e-01	   5.4782972e-13	
   3.0000000e-02	   2.0926980e-02	   8.5848026e+01	   1.0582039e-01	   5.4767556e-13	
   4.0000000e-02	   2.0615239e-02	   8.6503823e+01	   9.3045931e-02	   5.4763624e-13	
   5.0000000e-02	   1.3665988e-02	   8.5440373e+01	   8.3368793e-02	   5.4676066e-13	
   6.0000000e-02	   1.7059190e-02	   8.7880185e+01	   7.5802509e-02	   5.4718802e-13	
   7.0000000e-02	   8.9372440e-03	   8.7361120e+01	   6.9689174e-02	   5.4616565e-13	
   8.0000000e-02	  -2.1496913e-03	   8.6048874e+01	   6.4582315e-02	   5.4477314e-13	
   9.0000000e-02	  -1.2399683e-02	   8.4786226e+01	   6.0211041e-02	   5.4348892e-13	
   1.0000000e-01	  -6.0214328e-03	   8.8617435e+01	   5.6425491e-02	   5.4428770e-13	
   1.1000000e-01	  -1.0801336e-02	   8.9107591e+01	   5.3131858e-02	   5.4368897e-13	
   1.2000000e-01	  -2.9250548e-02	   8.6832543e+01	   5.0249644e-02	   5.4138423e-13	
   1.3000000e-01	  -4.3098254e-02	   8.4732536e+01	   4.7704363e-02	   5.3966075e-13	
   1.4000000e-01	  -3.9788464e-02	   8.8090708e+01	   4.5433671e-02	   5.4007219e-13	
   1.5000000e-01	  -3.7068347e-02	   8.9883832e+01	   4.3389443e-02	   5.4041056e-13	
   1.6000000e-01	  -5.1980587e-02	   8.8801457e+01	   4.1535271e-02	   5.3855815e-13	
   1.7000000e-01	  -6.9147132e-02	   8.6781006e+01	   3.9843241e-02	   5.3643357e-13	
   1.8000000e-01	  -7.3746454e-02	   8.7643399e+01	   3.8291501e-02	   5.3586577e-13	
   1.9000000e-01	  -7.5172068e-02	   8.8941220e+01	   3.6862520e-02	   5.3568989e-13	
   2.0000000e-01	  -8.0972032e-02	   8.9307901e+01	   3.5541803e-02	   5.3497496e-13	
   2.1000000e-01	  -8.8514399e-02	   8.9391515e+01	   3.4316980e-02	   5.3404668e-13	
   2.2000000e-01	  -9.7731934e-02	   8.9220132e+01	   3.3177218e-02	   5.3291441e-13	
   2.3000000e-01	  -1.0881492e-01	   8.8729222e+01	   3.2112867e-02	   5.3155617e-13	
   2.4000000e-01	  -1.1654238e-01	   8.8809347e+01	   3.1115282e-02	   5.3061121e-13	
   2.5000000e-01	  -1.1842202e-01	   8.9788117e+01	   3.0176779e-02	   5.3038161e-13	
   2.6000000e-01	  -1.2057887e-01	   9.0556136e+01	   2.9290702e-02	   5.3011827e-13	
   2.7000000e-01	  -1.2927127e-01	   9.0504762e+01	   2.8451525e-02	   5.2905830e-13	
   2.8000000e-01	  -1.4205517e-01	   8.9943817e+01	   2.7654938e-02	   5.2750325e-13	
   2.9000000e-01	  -1.5175559e-01	   8.9755462e+01	   2.6897832e-02	   5.2632633e-13	
   3.0000000e-01	  -1.5616641e-01	   9.0266428e+01	   2.6178155e-02	   5.2579205e-13	
   3.1000000e-01	  -1.5994220e-01	   9.0794467e+01	   2.5494619e-02	   5.2533512e-13	
   3.2000000e-01	  -1.6776793e-01	   9.0852677e+01	   2.4846325e-02	   5.2438935e-13	
   3.3000000e-01	  -1.7872951e-01	   9.0568422e+01	   2.4232390e-02	   5.2306747e-13	
   3.4000000e-01	  -1.8791039e-01	   9.0479798e+01	   2.3651673e-02	   5.2196288e-13	
   3.5000000e-01	  -1.9177254e-01	   9.0979375e+01	   2.3102644e-02	   5.2149891e-13	
   3.6000000e-01	  -1.9109059e-01	   9.1831714e+01	   2.2583397e-02	   5.2158081e-13	
   3.7000000e-01	  -1.8958972e-01	   9.2602195e+01	   2.2091751e-02	   5.2176109e-13	
   3.8000000e-01	  -1.9093428e-01	   9.3077981e+01	   2.1625394e-02	   5.2159958e-13	
   3.9000000e-01	  -1.9694658e-01	   9.3227841e+01	   2.1182011e-02	   5.2087798e-13	
   4.0000000e-01	  -2.0761358e-01	   9.3086733e+01	   2.0759384e-02	   5.1960019e-13	
   4.1000000e-01	  -2.2184304e-01	   9.2702367e+01	   2.0355455e-02	   5.1790053e-13	
   4.2000000e-01	  -2.3801104e-01	   9.2133734e+01	   1.9968359e-02	   5.1597606e-13	
   4.3000000e-01	  -2.5415512e-01	   9.1485703e+01	   1.9596434e-02	   5.1406158e-13	
   4.4000000e-01	  -2.6817558e-01	   9.0951429e+01	   1.9238223e-02	   5.1240470e-13	
   4.5000000e-01	  -2.7831353e-01	   9.0778593e+01	   1.8892461e-02	   5.1120996e-13	
   4.6000000e-01	  -2.8378093e-01	   9.1086981e+01	   1.8558068e-02	   5.1056679e-13	
   4.7000000e-01	  -2.8515612e-01	   9.1736663e+01	   1.8234139e-02	   5.1040515e-13	
   4.8000000e-01	  -2.8423812e-01	   9.2468593e+01	   1.7919935e-02	   5.1051305e-13	
   4.9000000e-01	  -2.8337934e-01	   9.3090295e+01	   1.7614873e-02	   5.1061401e-13	
   5.0000000e-01	  -2.8462556e-01	   9.3516157e+01	   1.7318515e-02	   5.1046751e-13	
   5.1000000e-01	  -2.8907854e-01	   9.3734744e+01	   1.7030555e-02	   5.0994437e-13	
   5.2000000e-01	  -2.9674052e-01	   9.3775632e+01	   1.6750791e-02	   5.0904551e-13	
   5.3000000e-01	  -3.0682932e-01	   9.3687260e+01	   1.6479107e-02	   5.0786435e-13	
   5.4000000e-01	  -3.1832859e-01	   9.3519623e+01	   1.6215440e-02	   5.0652140e-13	
   5.5000000e-01	  -3.3046387e-01	   9.3309414e+01	   1.5959747e-02	   5.0510803e-13	
   5.6000000e-01	  -3.4288980e-01	   9.3072125e+01	   1.5711982e-02	   5.0366489e-13	
   5.7000000e-01	  -3.5556419e-01	   9.2806550e+01	   1.5472069e-02	   5.0219715e-13	
   5.8000000e-01	  -3.6845518e-01	   9.2510357e+01	   1.5239884e-02	   5.0070870e-13	
   5.9000000e-01	  -3.8128884e-01	   9.2198676e+01	   1.5015254e-02	   4.9923126e-13	
   6.0000000e-01	  -3.9348492e-01	   9.1915835e+01	   1.4797950e-02	   4.9783126e-13	
   6.1000000e-01	  -4.0430577e-01	   9.1730318e+01	   1.4587695e-02	   4.9659242e-13	
   6.2000000e-01	  -4.1313195e-01	   9.1706453e+01	   1.4384177e-02	   4.9558421e-13	
   6.3000000e-01	  -4.1972784e-01	   9.1864727e+01	   1.4187057e-02	   4.9483211e-13	
   6.4000000e-01	  -4.2438023e-01	   9.2164292e+01	   1.3995981e-02	   4.9430231e-13	
   6.5000000e-01	  -4.2785849e-01	   9.2524909e+01	   1.3810596e-02	   4.9390658e-13	
   6.6000000e-01	  -4.3121959e-01	   9.2864319e+01	   1.3630551e-02	   4.9352448e-13	
   6.7000000e-01	  -4.3553258e-01	   9.3121730e+01	   1.3455511e-02	   4.9303460e-13	
   6.8000000e-01	  -4.4161196e-01	   9.3263186e+01	   1.3285157e-02	   4.9234492e-13	
   6.9000000e-01	  -4.4983227e-01	   9.3278459e+01	   1.3119192e-02	   4.9141390e-13	
   7.0000000e-01	  -4.6006217e-01	   9.3177326e+01	   1.2957339e-02	   4.9025772e-13	
   7.1000000e-01	  -4.7172046e-01	   9.2987819e+01	   1.2799345e-02	   4.8894343e-13	
   7.2000000e-01	  -4.8392735e-01	   9.2755467e+01	   1.2644979e-02	   4.8757106e-13	
   7.3000000e-01	  -4.9570716e-01	   9.2539995e+01	   1.2494032e-02	   4.8625037e-13	
   7.4000000e-01	  -5.0619291e-01	   9.2404916e+01	   1.2346317e-02	   4.8507777e-13	
   7.5000000e-01	  -5.1478900e-01	   9.2398931e+01	   1.2201666e-02	   4.8411859e-13	
   7.6000000e-01	  -5.2126274e-01	   9.2537432e+01	   1.2059931e-02	   4.8339748e-13	
   7.7000000e-01	  -5.2575469e-01	   9.2797874e+01	   1.1920983e-02	   4.8289776e-13	
   7.8000000e-01	  -5.2871715e-01	   9.3132949e+01	   1.1784711e-02	   4.8256847e-13	
   7.9000000e-01	  -5.3080422e-01	   9.3490478e+01	   1.1651020e-02	   4.8233662e-13	
   8.0000000e-01	  -5.3274338e-01	   9.3827417e+01	   1.1519829e-02	   4.8212130e-13	
   8.1000000e-01	  -5.3521633e-01	   9.4114703e+01	   1.1391073e-02	   4.8184685e-13	
   8.2000000e-01	  -5.3876944e-01	   9.4336199e+01	   1.1264699e-02	   4.8145280e-13	
   8.3000000e-01	  -5.4376338e-01	   9.4485563e+01	   1.1140662e-02	   4.8089950e-13	
   8.4000000e-01	  -5.5036177e-01	   9.4563142e+01	   1.1018928e-02	   4.8016940e-13	
   8.5000000e-01	  -5.5855101e-01	   9.4573562e+01	   1.0899468e-02	   4.7926483e-13	
   8.6000000e-01	  -5.6817965e-01	   9.4524043e+01	   1.0782258e-02	   4.7820344e-13	
   8.7000000e-01	  -5.7900514e-01	   9.4423298e+01	   1.0667275e-02	   4.7701292e-13	
   8.8000000e-01	  -5.9073800e-01	   9.4280850e+01	   1.0554498e-02	   4.7572597e-13	
   8.9000000e-01	  -6.0307704e-01	   9.4106668e+01	   1.0443906e-02	   4.7437627e-13	
   9.0000000e-01	  -6.1573357e-01	   9.3911024e+01	   1.0335475e-02	   4.7299582e-13	
   9.1000000e-01	  -6.2844551e-01	   9.3704462e+01	   1.0229178e-02	   4.7161337e-13	
   9.2000000e-01	  -6.4098445e-01	   9.3497761e+01	   1.0124987e-02	   4.7025369e-13	
   9.3000000e-01	  -6.5315907e-01	   9.3301736e+01	   1.0022869e-02	   4.6893727e-13	
   9.4000000e-01	  -6.6481745e-01	   9.3126770e+01	   9.9227900e-03	   4.6768013e-13	
   9.5000000e-01	  -6.7584948e-01	   9.2982028e+01	   9.8247122e-03	   4.6649362e-13	
   9.6000000e-01	  -6.8618880e-01	   9.2874504e+01	   9.7285962e-03	   4.6538435e-13	
   9.7000000e-01	  -6.9581306e-01	   9.2808165e+01	   9.6344014e-03	   4.6435417e-13	
   9.8000000e-01	  -7.0474094e-01	   9.2783518e+01	   9.5420860e-03	   4.6340057e-13	
   9.9000000e-01	  -7.1302513e-01	   9.2797839e+01	   9.4516080e-03	   4.6251748e-13	
   1.0000000e+00	  -7.2074136e-01	   9.2846016e+01	   9.3629255e-03	   4.6169644e-13	
