   0.0000000e+00	   0.0000000e+00	   0.0000000e+00	   1.0494312e-01	   5.4504287e-13	
   1.0000000e-02	   3.4206845e-03	   8.3325635e+01	   8.8456638e-02	   5.4547233e-13	
   2.0000000e-02	   4.6310723e-03	   8.6013515e+01	   7.7158877e-02	   5.4562438e-13	
   3.0000000e-02	  -5.0873948e-03	   8.4296013e+01	   6.8859543e-02	   5.4440477e-13	
   4.0000000e-02	  -1.6482470e-02	   8.0217830e+01	   6.2395277e-02	   5.4297822e-13	
   5.0000000e-02	  -1.8808438e-02	   8.3779852e+01	   5.7263884e-02	   5.4268750e-13	
   6.0000000e-02	  -2.7112273e-02	   8.2975286e+01	   5.3080001e-02	   5.4165085e-13	
   7.0000000e-02	  -2.6218061e-02	   8.6550086e+01	   4.9544675e-02	   5.4176239e-13	
   8.0000000e-02	  -3.5469842e-02	   8.5988825e+01	   4.6493515e-02	   5.4060950e-13	
   9.0000000e-02	  -4.4304654e-02	   8.5577576e+01	   4.3844159e-02	   5.3951086e-13	
   1.0000000e-01	  -5.8923585e-02	   8.1821460e+01	   4.1536390e-02	   5.3769785e-13	
   1.1000000e-01	  -6.3647995e-02	   8.4015961e+01	   3.9510630e-02	   5.3711324e-13	
   1.2000000e-01	  -7.2196856e-02	   8.3756881e+01	   3.7711413e-02	   5.3605700e-13	
   1.3000000e-01	  -7.4982650e-02	   8.6043489e+01	   3.6092767e-02	   5.3571326e-13	
   1.4000000e-01	  -7.9664657e-02	   8.7075728e+01	   3.4619080e-02	   5.3513603e-13	
   1.5000000e-01	  -9.0836830e-02	   8.6236379e+01	   3.3263979e-02	   5.3376117e-13	
   1.6000000e-01	  -1.0090867e-01	   8.5632270e+01	   3.2009091e-02	   5.3252474e-13	
   1.7000000e-01	  -1.1103671e-01	   8.4922617e+01	   3.0842765e-02	   5.3128431e-13	
   1.8000000e-01	  -1.2121276e-01	   8.4066914e+01	   2.9758264e-02	   5.3004090e-13	
   1.9000000e-01	  -1.2707236e-01	   8.5201736e+01	   2.8751426e-02	   5.2932624e-13	
   2.0000000e-01	  -1.3100791e-01	   8.6683992e+01	   2.7818429e-02	   5.2884678e-13	
   2.1000000e-01	  -1.3779292e-01	   8.7114829e+01	   2.6954462e-02	   5.2802121e-13	
   2.2000000e-01	  -1.4701258e-01	   8.6901189e+01	   2.6153508e-02	   5.2690146e-13	
   2.3000000e-01	  -1.5672036e-01	   8.6541224e+01	   2.5408888e-02	   5.2572499e-13	
   2.4000000e-01	  -1.6708085e-01	   8.5942350e+01	   2.4713961e-02	   5.2447232e-13	
   2.5000000e-01	  -1.7809793e-01	   8.4992602e+01	   2.4062645e-02	   5.2314354e-13	
   2.6000000e-01	  -1.8797162e-01	   8.4368140e+01	   2.3449657e-02	   5.2195552e-13	
   2.7000000e-01	  -1.9517813e-01	   8.4931396e+01	   2.2870540e-02	   5.2109013e-13	
   2.8000000e-01	  -2.0065298e-01	   8.6031348e+01	   2.2321589e-02	   5.2043364e-13	
   2.9000000e-01	  -2.0707395e-01	   8.6652352e+01	   2.1799731e-02	   5.1966476e-13	
   3.0000000e-01	  -2.1633875e-01	   8.6433655e+01	   2.1302421e-02	   5.1855734e-13	
   3.1000000e-01	  -2.2795841e-01	   8.5413519e+01	   2.0827541e-02	   5.1717178e-13	
   3.2000000e-01	  -2.3961267e-01	   8.4072159e+01	   2.0373327e-02	   5.1578581e-13	
   3.3000000e-01	  -2.4905568e-01	   8.3594693e+01	   1.9938304e-02	   5.1466554e-13	
   3.4000000e-01	  -2.5572731e-01	   8.4534388e+01	   1.9521219e-02	   5.1387552e-13	
   3.5000000e-01	  -2.6097926e-01	   8.5810088e+01	   1.9120992e-02	   5.1325446e-13	
   3.6000000e-01	  -2.6698860e-01	   8.6586759e+01	   1.8736662e-02	   5.1254476e-13	
   3.7000000e-01	  -2.7528001e-01	   8.6659025e+01	   1.8367356e-02	   5.1156716e-13	
   3.8000000e-01	  -2.8584630e-01	   8.6070136e+01	   1.8012250e-02	   5.1032404e-13	
   3.9000000e-01	  -2.9731006e-01	   8.5052176e+01	   1.7670562e-02	   5.0897875e-13	
   4.0000000e-01	  -3.0788008e-01	   8.4183005e+01	   1.7341533e-02	   5.0774149e-13	
   4.1000000e-01	  -3.1642799e-01	   8.4199290e+01	   1.7024431e-02	   5.0674312e-13	
   4.2000000e-01	  -3.2303050e-01	   8.5057324e+01	   1.6718545e-02	   5.0597331e-13	
   4.3000000e-01	  -3.2872843e-01	   8.6063301e+01	   1.6423195e-02	   5.0530991e-13	
   4.4000000e-01	  -3.3476328e-01	   8.6790301e+01	   1.6137728e-02	   5.0460823e-13	
   4.5000000e-01	  -3.4183345e-01	   8.7169574e+01	   1.5861526e-02	   5.0378741e-13	
   4.6000000e-01	  -3.4981889e-01	   8.7310195e+01	   1.5594004e-02	   5.0286195e-13	
   4.7000000e-01	  -3.5807035e-01	   8.7386326e+01	   1.5334620e-02	   5.0190743e-13	
   4.8000000e-01	  -3.6599958e-01	   8.7532893e+01	   1.5082878e-02	   5.0099190e-13	
   4.9000000e-01	  -3.7355335e-01	   8.7753704e+01	   1.4838326e-02	   5.0012127e-13	
   5.0000000e-01	  -3.8127506e-01	   8.7930032e+01	   1.4600571e-02	   4.9923285e-13	
   5.1000000e-01	  -3.8994748e-01	   8.7912723e+01	   1.4369271e-02	   4.9823693e-13	
   5.2000000e-01	  -4.0007165e-01	   8.7594039e+01	   1.4144143e-02	   4.9707680e-13	
   5.3000000e-01	  -4.1151016e-01	   8.6935469e+01	   1.3924960e-02	   4.9576932e-13	
   5.4000000e-01	  -4.2349279e-01	   8.5998098e+01	   1.3711544e-02	   4.9440332e-13	
   5.5000000e-01	  -4.3495499e-01	   8.5013963e+01	   1.3503763e-02	   4.9310018e-13	
   5.6000000e-01	  -4.4500105e-01	   8.4422442e+01	   1.3301517e-02	   4.9196086e-13	
   5.7000000e-01	  -4.5324593e-01	   8.4583254e+01	   1.3104732e-02	   4.9102778e-13	
   5.8000000e-01	  -4.5989105e-01	   8.5348274e+01	   1.2913345e-02	   4.9027704e-13	
   5.9000000e-01	  -4.6554930e-01	   8.6288699e+01	   1.2727299e-02	   4.8963869e-13	
   6.0000000e-01	  -4.7095153e-01	   8.7120040e+01	   1.2546528e-02	   4.8903001e-13	
   6.1000000e-01	  -4.7668782e-01	   8.7748000e+01	   1.2370958e-02	   4.8838451e-13	
   6.2000000e-01	  -4.8307745e-01	   8.8176034e+01	   1.2200496e-02	   4.8766649e-13	
   6.3000000e-01	  -4.9017659e-01	   8.8443282e+01	   1.2035038e-02	   4.8686998e-13	
   6.4000000e-01	  -4.9787340e-01	   8.8595646e+01	   1.1874460e-02	   4.8600789e-13	
   6.5000000e-01	  -5.0600284e-01	   8.8672223e+01	   1.1718627e-02	   4.8509900e-13	
   6.6000000e-01	  -5.1443094e-01	   8.8699153e+01	   1.1567394e-02	   4.8415851e-13	
   6.7000000e-01	  -5.2308901e-01	   8.8688821e+01	   1.1420608e-02	   4.8319425e-13	
   6.8000000e-01	  -5.3196428e-01	   8.8643271e+01	   1.1278108e-02	   4.8220780e-13	
   6.9000000e-01	  -5.4106731e-01	   8.8559823e+01	   1.1139732e-02	   4.8119813e-13	
   7.0000000e-01	  -5.5039718e-01	   8.8436634e+01	   1.1005318e-02	   4.8016549e-13	
   7.1000000e-01	  -5.5991876e-01	   8.8276730e+01	   1.0874701e-02	   4.7911391e-13	
   7.2000000e-01	  -5.6955719e-01	   8.8090079e+01	   1.0747716e-02	   4.7805178e-13	
   7.3000000e-01	  -5.7920788e-01	   8.7893686e+01	   1.0624201e-02	   4.7699066e-13	
   7.4000000e-01	  -5.8875557e-01	   8.7709732e+01	   1.0503993e-02	   4.7594317e-13	
   7.5000000e-01	  -5.9809580e-01	   8.7561770e+01	   1.0386933e-02	   4.7492068e-13	
   7.6000000e-01	  -6.0715273e-01	   8.7469565e+01	   1.0272862e-02	   4.7393129e-13	
   7.7000000e-01	  -6.1588998e-01	   8.7444116e+01	   1.0161623e-02	   4.7297879e-13	
   7.8000000e-01	  -6.2431326e-01	   8.7484976e+01	   1.0053063e-02	   4.7206232e-13	
   7.9000000e-01	  -6.3246565e-01	   8.7581119e+01	   9.9470309e-03	   4.7117701e-13	
   8.0000000e-01	  -6.4041753e-01	   8.7714746e+01	   9.8433805e-03	   4.7031508e-13	
   8.1000000e-01	  -6.4825375e-01	   8.7866061e+01	   9.7419688e-03	   4.6946723e-13	
   8.2000000e-01	  -6.5606068e-01	   8.8017158e+01	   9.6426574e-03	   4.6862407e-13	
   8.3000000e-01	  -6.6391501e-01	   8.8154234e+01	   9.5453131e-03	   4.6777732e-13	
   8.4000000e-01	  -6.7187577e-01	   8.8268272e+01	   9.4498079e-03	   4.6692065e-13	
   8.5000000e-01	  -6.7998025e-01	   8.8354750e+01	   9.3560199e-03	   4.6605013e-13	
   8.6000000e-01	  -6.8824338e-01	   8.8412892e+01	   9.2638332e-03	   4.6516424e-13	
   8.7000000e-01	  -6.9666023e-01	   8.8444786e+01	   9.1731388e-03	   4.6426360e-13	
   8.8000000e-01	  -7.0521023e-01	   8.8454551e+01	   9.0838349e-03	   4.6335050e-13	
   8.9000000e-01	  -7.1386212e-01	   8.8447623e+01	   8.9958270e-03	   4.6242835e-13	
   9.0000000e-01	  -7.2257854e-01	   8.8430198e+01	   8.9090293e-03	   4.6150117e-13	
   9.1000000e-01	  -7.3131949e-01	   8.8408839e+01	   8.8233645e-03	   4.6057325e-13	
   9.2000000e-01	  -7.4004453e-01	   8.8390224e+01	   8.7387645e-03	   4.5964888e-13	
   9.3000000e-01	  -7.4871381e-01	   8.8380983e+01	   8.6551714e-03	   4.5873226e-13	
   9.4000000e-01	  -7.5728848e-01	   8.8387542e+01	   8.5725374e-03	   4.5782743e-13	
   9.5000000e-01	  -7.6573106e-01	   8.8415873e+01	   8.4908258e-03	   4.5693829e-13	
   9.6000000e-01	  -7.7400646e-01	   8.8471089e+01	   8.4100107e-03	   4.5606843e-13	
   9.7000000e-01	  -7.8208392e-01	   8.8556876e+01	   8.3300777e-03	   4.5522098e-13	
   9.8000000e-01	  -7.8993996e-01	   8.8674872e+01	   8.2510231e-03	   4.5439826e-13	
   9.9000000e-01	  -7.9756187e-01	   8.8824169e+01	   8.1728541e-03	   4.5360149e-13	
   1.0000000e+00	  -8.0495128e-01	   8.9001124e+01	   8.0955877e-03	   4.5283035e-13	
