   0.0000000e+00	   0.0000000e+00	   0.0000000e+00	   1.0494312e-01	   5.4504287e-13	
   1.0000000e-02	   3.4258408e-03	   8.3334846e+01	   8.8456638e-02	   5.4547298e-13	
   2.0000000e-02	   4.5926774e-03	   8.6006362e+01	   7.7158877e-02	   5.4561956e-13	
   3.0000000e-02	  -5.2010839e-03	   8.4245375e+01	   6.8859543e-02	   5.4439052e-13	
   4.0000000e-02	  -1.6670210e-02	   7.9981698e+01	   6.2395277e-02	   5.4295475e-13	
   5.0000000e-02	  -1.8825267e-02	   8.3778819e+01	   5.7263884e-02	   5.4268539e-13	
   6.0000000e-02	  -2.6882459e-02	   8.3138448e+01	   5.3080001e-02	   5.4167952e-13	
   7.0000000e-02	  -2.6353023e-02	   8.6517155e+01	   4.9544675e-02	   5.4174556e-13	
   8.0000000e-02	  -3.5554514e-02	   8.5968306e+01	   4.6493515e-02	   5.4059896e-13	
   9.0000000e-02	  -4.4815746e-02	   8.5392596e+01	   4.3844159e-02	   5.3944738e-13	
   1.0000000e-01	  -5.9084002e-02	   8.1694031e+01	   4.1536390e-02	   5.3767799e-13	
   1.1000000e-01	  -6.3644782e-02	   8.4029616e+01	   3.9510630e-02	   5.3711364e-13	
   1.2000000e-01	  -7.1980220e-02	   8.3889523e+01	   3.7711413e-02	   5.3608374e-13	
   1.3000000e-01	  -7.4586008e-02	   8.6182714e+01	   3.6092767e-02	   5.3576219e-13	
   1.4000000e-01	  -7.9815542e-02	   8.7045158e+01	   3.4619080e-02	   5.3511744e-13	
   1.5000000e-01	  -9.1273635e-02	   8.6106274e+01	   3.3263979e-02	   5.3370749e-13	
   1.6000000e-01	  -1.0133794e-01	   8.5484960e+01	   3.2009091e-02	   5.3247211e-13	
   1.7000000e-01	  -1.1146982e-01	   8.4746551e+01	   3.0842765e-02	   5.3123133e-13	
   1.8000000e-01	  -1.2124191e-01	   8.4065321e+01	   2.9758264e-02	   5.3003734e-13	
   1.9000000e-01	  -1.2661953e-01	   8.5389343e+01	   2.8751426e-02	   5.2938143e-13	
   2.0000000e-01	  -1.3062512e-01	   8.6800180e+01	   2.7818429e-02	   5.2889340e-13	
   2.1000000e-01	  -1.3774497e-01	   8.7136111e+01	   2.6954462e-02	   5.2802704e-13	
   2.2000000e-01	  -1.4711432e-01	   8.6883132e+01	   2.6153508e-02	   5.2688912e-13	
   2.3000000e-01	  -1.5687920e-01	   8.6504479e+01	   2.5408888e-02	   5.2570576e-13	
   2.4000000e-01	  -1.6731471e-01	   8.5874199e+01	   2.4713961e-02	   5.2444408e-13	
   2.5000000e-01	  -1.7822422e-01	   8.4951637e+01	   2.4062645e-02	   5.2312833e-13	
   2.6000000e-01	  -1.8769810e-01	   8.4508233e+01	   2.3449657e-02	   5.2198840e-13	
   2.7000000e-01	  -1.9447881e-01	   8.5224339e+01	   2.2870540e-02	   5.2117404e-13	
   2.8000000e-01	  -1.9987000e-01	   8.6286834e+01	   2.2321589e-02	   5.2052748e-13	
   2.9000000e-01	  -2.0661135e-01	   8.6788994e+01	   2.1799731e-02	   5.1972011e-13	
   3.0000000e-01	  -2.1629746e-01	   8.6455361e+01	   2.1302421e-02	   5.1856227e-13	
   3.1000000e-01	  -2.2805816e-01	   8.5387367e+01	   2.0827541e-02	   5.1715990e-13	
   3.2000000e-01	  -2.3942949e-01	   8.4175974e+01	   2.0373327e-02	   5.1580757e-13	
   3.3000000e-01	  -2.4834764e-01	   8.3986842e+01	   1.9938304e-02	   5.1474946e-13	
   3.4000000e-01	  -2.5459687e-01	   8.5026632e+01	   1.9521219e-02	   5.1400929e-13	
   3.5000000e-01	  -2.5978017e-01	   8.6203966e+01	   1.9120992e-02	   5.1339619e-13	
   3.6000000e-01	  -2.6607545e-01	   8.6843916e+01	   1.8736662e-02	   5.1265254e-13	
   3.7000000e-01	  -2.7478486e-01	   8.6801763e+01	   1.8367356e-02	   5.1162549e-13	
   3.8000000e-01	  -2.8561889e-01	   8.6150248e+01	   1.8012250e-02	   5.1035077e-13	
   3.9000000e-01	  -2.9703744e-01	   8.5168986e+01	   1.7670562e-02	   5.0901070e-13	
   4.0000000e-01	  -3.0729176e-01	   8.4468735e+01	   1.7341533e-02	   5.0781027e-13	
   4.1000000e-01	  -3.1545142e-01	   8.4654362e+01	   1.7024431e-02	   5.0685708e-13	
   4.2000000e-01	  -3.2180637e-01	   8.5522688e+01	   1.6718545e-02	   5.0611595e-13	
   4.3000000e-01	  -3.2749262e-01	   8.6440097e+01	   1.6423195e-02	   5.0545372e-13	
   4.4000000e-01	  -3.3368634e-01	   8.7072240e+01	   1.6137728e-02	   5.0473338e-13	
   4.5000000e-01	  -3.4092521e-01	   8.7390036e+01	   1.5861526e-02	   5.0389278e-13	
   4.6000000e-01	  -3.4895315e-01	   8.7514012e+01	   1.5594004e-02	   5.0296220e-13	
   4.7000000e-01	  -3.5710282e-01	   8.7608388e+01	   1.5334620e-02	   5.0201926e-13	
   4.8000000e-01	  -3.6489450e-01	   8.7776149e+01	   1.5082878e-02	   5.0111939e-13	
   4.9000000e-01	  -3.7243395e-01	   8.7987773e+01	   1.4838326e-02	   5.0025019e-13	
   5.0000000e-01	  -3.8036572e-01	   8.8114568e+01	   1.4600571e-02	   4.9933739e-13	
   5.1000000e-01	  -3.8944497e-01	   8.8018535e+01	   1.4369271e-02	   4.9829458e-13	
   5.2000000e-01	  -4.0002308e-01	   8.7610719e+01	   1.4144143e-02	   4.9708236e-13	
   5.3000000e-01	  -4.1176659e-01	   8.6877283e+01	   1.3924960e-02	   4.9574004e-13	
   5.4000000e-01	  -4.2376016e-01	   8.5921166e+01	   1.3711544e-02	   4.9437289e-13	
   5.5000000e-01	  -4.3491122e-01	   8.5037475e+01	   1.3503763e-02	   4.9310515e-13	
   5.6000000e-01	  -4.4441829e-01	   8.4679231e+01	   1.3301517e-02	   4.9202688e-13	
   5.7000000e-01	  -4.5206250e-01	   8.5065550e+01	   1.3104732e-02	   4.9116161e-13	
   5.8000000e-01	  -4.5821059e-01	   8.5914522e+01	   1.2913345e-02	   4.9046678e-13	
   5.9000000e-01	  -4.6358197e-01	   8.6823806e+01	   1.2727299e-02	   4.8986055e-13	
   6.0000000e-01	  -4.6893354e-01	   8.7577456e+01	   1.2546528e-02	   4.8925729e-13	
   6.1000000e-01	  -4.7481471e-01	   8.8119473e+01	   1.2370958e-02	   4.8859519e-13	
   6.2000000e-01	  -4.8146996e-01	   8.8468138e+01	   1.2200496e-02	   4.8784703e-13	
   6.3000000e-01	  -4.8887988e-01	   8.8667320e+01	   1.2035038e-02	   4.8701537e-13	
   6.4000000e-01	  -4.9687756e-01	   8.8763709e+01	   1.1874460e-02	   4.8611934e-13	
   6.5000000e-01	  -5.0527015e-01	   8.8795354e+01	   1.1718627e-02	   4.8518084e-13	
   6.6000000e-01	  -5.1391836e-01	   8.8786305e+01	   1.1567394e-02	   4.8421565e-13	
   6.7000000e-01	  -5.2276086e-01	   8.8746417e+01	   1.1420608e-02	   4.8323076e-13	
   6.8000000e-01	  -5.3179529e-01	   8.8675398e+01	   1.1278108e-02	   4.8222656e-13	
   6.9000000e-01	  -5.4103950e-01	   8.8568910e+01	   1.1139732e-02	   4.8120121e-13	
   7.0000000e-01	  -5.5049467e-01	   8.8424310e+01	   1.1005318e-02	   4.8015471e-13	
   7.1000000e-01	  -5.6012363e-01	   8.8244618e+01	   1.0874701e-02	   4.7909131e-13	
   7.2000000e-01	  -5.6984817e-01	   8.8040335e+01	   1.0747716e-02	   4.7801975e-13	
   7.3000000e-01	  -5.7956191e-01	   8.7829189e+01	   1.0624201e-02	   4.7695177e-13	
   7.4000000e-01	  -5.8915142e-01	   8.7633829e+01	   1.0503993e-02	   4.7589980e-13	
   7.5000000e-01	  -5.9851833e-01	   8.7477591e+01	   1.0386933e-02	   4.7487448e-13	
   7.6000000e-01	  -6.0759648e-01	   8.7379075e+01	   1.0272862e-02	   4.7388287e-13	
   7.7000000e-01	  -6.1636100e-01	   8.7347353e+01	   1.0161623e-02	   4.7292749e-13	
   7.8000000e-01	  -6.2482854e-01	   8.7379880e+01	   1.0053063e-02	   4.7200631e-13	
   7.9000000e-01	  -6.3305029e-01	   8.7464106e+01	   9.9470309e-03	   4.7111359e-13	
   8.0000000e-01	  -6.4110003e-01	   8.7581747e+01	   9.8433805e-03	   4.7024118e-13	
   8.1000000e-01	  -6.4906039e-01	   8.7713606e+01	   9.7419688e-03	   4.6938004e-13	
   8.2000000e-01	  -6.5700996e-01	   8.7843196e+01	   9.6426574e-03	   4.6852165e-13	
   8.3000000e-01	  -6.6501326e-01	   8.7958591e+01	   9.5453131e-03	   4.6765904e-13	
   8.4000000e-01	  -6.7311465e-01	   8.8052797e+01	   9.4498079e-03	   4.6678748e-13	
   8.5000000e-01	  -6.8133647e-01	   8.8123225e+01	   9.3560199e-03	   4.6590462e-13	
   8.6000000e-01	  -6.8968074e-01	   8.8170769e+01	   9.2638332e-03	   4.6501031e-13	
   8.7000000e-01	  -6.9813329e-01	   8.8198787e+01	   9.1731388e-03	   4.6410616e-13	
   8.8000000e-01	  -7.0666888e-01	   8.8212172e+01	   9.0838349e-03	   4.6319490e-13	
   8.9000000e-01	  -7.1525622e-01	   8.8216596e+01	   8.9958270e-03	   4.6227993e-13	
   9.0000000e-01	  -7.2386175e-01	   8.8217967e+01	   8.9090293e-03	   4.6136483e-13	
   9.1000000e-01	  -7.3245188e-01	   8.8222120e+01	   8.8233645e-03	   4.6045317e-13	
   9.2000000e-01	  -7.4099389e-01	   8.8234668e+01	   8.7387645e-03	   4.5954841e-13	
   9.3000000e-01	  -7.4945578e-01	   8.8260950e+01	   8.6551714e-03	   4.5865389e-13	
   9.4000000e-01	  -7.5780614e-01	   8.8305933e+01	   8.5725374e-03	   4.5777286e-13	
   9.5000000e-01	  -7.6601447e-01	   8.8373979e+01	   8.4908258e-03	   4.5690847e-13	
   9.6000000e-01	  -7.7405262e-01	   8.8468430e+01	   8.4100107e-03	   4.5606359e-13	
   9.7000000e-01	  -7.8189735e-01	   8.8591068e+01	   8.3300777e-03	   4.5524053e-13	
   9.8000000e-01	  -7.8953375e-01	   8.8741604e+01	   8.2510231e-03	   4.5444077e-13	
   9.9000000e-01	  -7.9695885e-01	   8.8917380e+01	   8.1728541e-03	   4.5366448e-13	
   1.0000000e+00	  -8.0418466e-01	   8.9113423e+01	   8.0955877e-03	   4.5291030e-13	
