   0.0000000e+00	   0.0000000e+00	   0.0000000e+00	   1.0494312e-01	   5.4504287e-13	
   1.0000000e-02	   3.4507199e-03	   8.3380224e+01	   8.8456638e-02	   5.4547611e-13	
   2.0000000e-02	   4.3983247e-03	   8.5969228e+01	   7.7158877e-02	   5.4559514e-13	
   3.0000000e-02	  -5.7373542e-03	   8.3998529e+01	   6.8859543e-02	   5.4432330e-13	
   4.0000000e-02	  -1.7517015e-02	   7.8718794e+01	   6.2395277e-02	   5.4284889e-13	
   5.0000000e-02	  -1.8902441e-02	   8.3777526e+01	   5.7263884e-02	   5.4267575e-13	
   6.0000000e-02	  -2.5735657e-02	   8.3876652e+01	   5.3080001e-02	   5.4182257e-13	
   7.0000000e-02	  -2.7176735e-02	   8.6300265e+01	   4.9544675e-02	   5.4164281e-13	
   8.0000000e-02	  -3.6079420e-02	   8.5827587e+01	   4.6493515e-02	   5.4053363e-13	
   9.0000000e-02	  -4.7319663e-02	   8.4344781e+01	   4.3844159e-02	   5.3913645e-13	
   1.0000000e-01	  -5.9486078e-02	   8.1397667e+01	   4.1536390e-02	   5.3762821e-13	
   1.1000000e-01	  -6.3445337e-02	   8.4192434e+01	   3.9510630e-02	   5.3713831e-13	
   1.2000000e-01	  -7.0681866e-02	   8.4602922e+01	   3.7711413e-02	   5.3624403e-13	
   1.3000000e-01	  -7.3096865e-02	   8.6682655e+01	   3.6092767e-02	   5.3594592e-13	
   1.4000000e-01	  -8.1258118e-02	   8.6694580e+01	   3.4619080e-02	   5.3493972e-13	
   1.5000000e-01	  -9.3606776e-02	   8.5326415e+01	   3.3263979e-02	   5.3342084e-13	
   1.6000000e-01	  -1.0337660e-01	   8.4705057e+01	   3.2009091e-02	   5.3222222e-13	
   1.7000000e-01	  -1.1301321e-01	   8.4068913e+01	   3.0842765e-02	   5.3104257e-13	
   1.8000000e-01	  -1.2040116e-01	   8.4542931e+01	   2.9758264e-02	   5.3013996e-13	
   1.9000000e-01	  -1.2411610e-01	   8.6302055e+01	   2.8751426e-02	   5.2968668e-13	
   2.0000000e-01	  -1.2934977e-01	   8.7182782e+01	   2.7818429e-02	   5.2904874e-13	
   2.1000000e-01	  -1.3819045e-01	   8.7066687e+01	   2.6954462e-02	   5.2797288e-13	
   2.2000000e-01	  -1.4810402e-01	   8.6655538e+01	   2.6153508e-02	   5.2676906e-13	
   2.3000000e-01	  -1.5809559e-01	   8.6182170e+01	   2.5408888e-02	   5.2555854e-13	
   2.4000000e-01	  -1.6854517e-01	   8.5490622e+01	   2.4713961e-02	   5.2429551e-13	
   2.5000000e-01	  -1.7823250e-01	   8.5004557e+01	   2.4062645e-02	   5.2312733e-13	
   2.6000000e-01	  -1.8546314e-01	   8.5484932e+01	   2.3449657e-02	   5.2225709e-13	
   2.7000000e-01	  -1.9077923e-01	   8.6517148e+01	   2.2870540e-02	   5.2161820e-13	
   2.8000000e-01	  -1.9679322e-01	   8.7180373e+01	   2.2321589e-02	   5.2089638e-13	
   2.9000000e-01	  -2.0558006e-01	   8.7104573e+01	   2.1799731e-02	   5.1984354e-13	
   3.0000000e-01	  -2.1678157e-01	   8.6359986e+01	   2.1302421e-02	   5.1850447e-13	
   3.1000000e-01	  -2.2807607e-01	   8.5434618e+01	   2.0827541e-02	   5.1715777e-13	
   3.2000000e-01	  -2.3718162e-01	   8.5214965e+01	   2.0373327e-02	   5.1607462e-13	
   3.3000000e-01	  -2.4355755e-01	   8.5981584e+01	   1.9938304e-02	   5.1531752e-13	
   3.4000000e-01	  -2.4861418e-01	   8.6987161e+01	   1.9521219e-02	   5.1471786e-13	
   3.5000000e-01	  -2.5454641e-01	   8.7611002e+01	   1.9120992e-02	   5.1401527e-13	
   3.6000000e-01	  -2.6280995e-01	   8.7671650e+01	   1.8736662e-02	   5.1303815e-13	
   3.7000000e-01	  -2.7328174e-01	   8.7226776e+01	   1.8367356e-02	   5.1180260e-13	
   3.8000000e-01	  -2.8451569e-01	   8.6522802e+01	   1.8012250e-02	   5.1048042e-13	
   3.9000000e-01	  -2.9476619e-01	   8.6013740e+01	   1.7670562e-02	   5.0927697e-13	
   4.0000000e-01	  -3.0304150e-01	   8.6105573e+01	   1.7341533e-02	   5.0830749e-13	
   4.1000000e-01	  -3.0954127e-01	   8.6706715e+01	   1.7024431e-02	   5.0754731e-13	
   4.2000000e-01	  -3.1530860e-01	   8.7406059e+01	   1.6718545e-02	   5.0687375e-13	
   4.3000000e-01	  -3.2144608e-01	   8.7932166e+01	   1.6423195e-02	   5.0615794e-13	
   4.4000000e-01	  -3.2846476e-01	   8.8236193e+01	   1.6137728e-02	   5.0534059e-13	
   4.5000000e-01	  -3.3615596e-01	   8.8398738e+01	   1.5861526e-02	   5.0444644e-13	
   4.6000000e-01	  -3.4397779e-01	   8.8532316e+01	   1.5594004e-02	   5.0353873e-13	
   4.7000000e-01	  -3.5161522e-01	   8.8693367e+01	   1.5334620e-02	   5.0265399e-13	
   4.8000000e-01	  -3.5930284e-01	   8.8840280e+01	   1.5082878e-02	   5.0176501e-13	
   4.9000000e-01	  -3.6770258e-01	   8.8867844e+01	   1.4838326e-02	   5.0079548e-13	
   5.0000000e-01	  -3.7744236e-01	   8.8673629e+01	   1.4600571e-02	   4.9967362e-13	
   5.1000000e-01	  -3.8863340e-01	   8.8206004e+01	   1.4369271e-02	   4.9838771e-13	
   5.2000000e-01	  -4.0067513e-01	   8.7500439e+01	   1.4144143e-02	   4.9700773e-13	
   5.3000000e-01	  -4.1246433e-01	   8.6729425e+01	   1.3924960e-02	   4.9566040e-13	
   5.4000000e-01	  -4.2288310e-01	   8.6221715e+01	   1.3711544e-02	   4.9447273e-13	
   5.5000000e-01	  -4.3129356e-01	   8.6277669e+01	   1.3503763e-02	   4.9351607e-13	
   5.6000000e-01	  -4.3778569e-01	   8.6851319e+01	   1.3301517e-02	   4.9277888e-13	
   5.7000000e-01	  -4.4308147e-01	   8.7619307e+01	   1.3104732e-02	   4.9217836e-13	
   5.8000000e-01	  -4.4818623e-01	   8.8304731e+01	   1.2913345e-02	   4.9160018e-13	
   5.9000000e-01	  -4.5398564e-01	   8.8783361e+01	   1.2727299e-02	   4.9094416e-13	
   6.0000000e-01	  -4.6097138e-01	   8.9035025e+01	   1.2546528e-02	   4.9015510e-13	
   6.1000000e-01	  -4.6917810e-01	   8.9091605e+01	   1.2370958e-02	   4.8922974e-13	
   6.2000000e-01	  -4.7830177e-01	   8.9008797e+01	   1.2200496e-02	   4.8820304e-13	
   6.3000000e-01	  -4.8790303e-01	   8.8849666e+01	   1.2035038e-02	   4.8712493e-13	
   6.4000000e-01	  -4.9759372e-01	   8.8670691e+01	   1.1874460e-02	   4.8603919e-13	
   6.5000000e-01	  -5.0714274e-01	   8.8509442e+01	   1.1718627e-02	   4.8497169e-13	
   6.6000000e-01	  -5.1648953e-01	   8.8378753e+01	   1.1567394e-02	   4.8392906e-13	
   6.7000000e-01	  -5.2569187e-01	   8.8270996e+01	   1.1420608e-02	   4.8290474e-13	
   6.8000000e-01	  -5.3484982e-01	   8.8169458e+01	   1.1278108e-02	   4.8188752e-13	
   6.9000000e-01	  -5.4404152e-01	   8.8059885e+01	   1.1139732e-02	   4.8086870e-13	
   7.0000000e-01	  -5.5328975e-01	   8.7937328e+01	   1.1005318e-02	   4.7984579e-13	
   7.1000000e-01	  -5.6256049e-01	   8.7807537e+01	   1.0874701e-02	   4.7882257e-13	
   7.2000000e-01	  -5.7178360e-01	   8.7684265e+01	   1.0747716e-02	   4.7780677e-13	
   7.3000000e-01	  -5.8088151e-01	   8.7584269e+01	   1.0624201e-02	   4.7680688e-13	
   7.4000000e-01	  -5.8979385e-01	   8.7521799e+01	   1.0503993e-02	   4.7582940e-13	
   7.5000000e-01	  -5.9849116e-01	   8.7504463e+01	   1.0386933e-02	   4.7487745e-13	
   7.6000000e-01	  -6.0697626e-01	   8.7531905e+01	   1.0272862e-02	   4.7395055e-13	
   7.7000000e-01	  -6.1527628e-01	   8.7597423e+01	   1.0161623e-02	   4.7304563e-13	
   7.8000000e-01	  -6.2343017e-01	   8.7691261e+01	   1.0053063e-02	   4.7215832e-13	
   7.9000000e-01	  -6.3147675e-01	   8.7803849e+01	   9.9470309e-03	   4.7128431e-13	
   8.0000000e-01	  -6.3944661e-01	   8.7927797e+01	   9.8433805e-03	   4.7042024e-13	
   8.1000000e-01	  -6.4735929e-01	   8.8058413e+01	   9.7419688e-03	   4.6956393e-13	
   8.2000000e-01	  -6.5522512e-01	   8.8193132e+01	   9.6426574e-03	   4.6871424e-13	
   8.3000000e-01	  -6.6304972e-01	   8.8330469e+01	   9.5453131e-03	   4.6787053e-13	
   8.4000000e-01	  -6.7083891e-01	   8.8469067e+01	   9.4498079e-03	   4.6703214e-13	
   8.5000000e-01	  -6.7860202e-01	   8.8607165e+01	   9.3560199e-03	   4.6619806e-13	
   8.6000000e-01	  -6.8635255e-01	   8.8742567e+01	   9.2638332e-03	   4.6536681e-13	
   8.7000000e-01	  -6.9410626e-01	   8.8873017e+01	   9.1731388e-03	   4.6453670e-13	
   8.8000000e-01	  -7.0187762e-01	   8.8996726e+01	   9.0838349e-03	   4.6370619e-13	
   8.9000000e-01	  -7.0967611e-01	   8.9112824e+01	   8.9958270e-03	   4.6287428e-13	
   9.0000000e-01	  -7.1750360e-01	   8.9221585e+01	   8.9090293e-03	   4.6204077e-13	
   9.1000000e-01	  -7.2535382e-01	   8.9324343e+01	   8.8233645e-03	   4.6120635e-13	
   9.2000000e-01	  -7.3321400e-01	   8.9423153e+01	   8.7387645e-03	   4.6037238e-13	
   9.3000000e-01	  -7.4106809e-01	   8.9520293e+01	   8.6551714e-03	   4.5954056e-13	
   9.4000000e-01	  -7.4890065e-01	   8.9617754e+01	   8.5725374e-03	   4.5871252e-13	
   9.5000000e-01	  -7.5670031e-01	   8.9716837e+01	   8.4908258e-03	   4.5788944e-13	
   9.6000000e-01	  -7.6446190e-01	   8.9817972e+01	   8.4100107e-03	   4.5707184e-13	
   9.7000000e-01	  -7.7218703e-01	   8.9920747e+01	   8.3300777e-03	   4.5625954e-13	
   9.8000000e-01	  -7.7988322e-01	   9.0024108e+01	   8.2510231e-03	   4.5545171e-13	
   9.9000000e-01	  -7.8756206e-01	   9.0126645e+01	   8.1728541e-03	   4.5464713e-13	
   1.0000000e+00	  -7.9523729e-01	   9.0226854e+01	   8.0955877e-03	   4.5384435e-13	
