   0.0000000e+00	   0.0000000e+00	   0.0000000e+00	   2.0988624e-01	   5.4504287e-13	
   1.0000000e-02	   1.5675677e-02	   8.4913036e+01	   1.5225138e-01	   5.4701373e-13	
   2.0000000e-02	   2.2969272e-02	   8.6520050e+01	   1.2388884e-01	   5.4793316e-13	
   3.0000000e-02	   2.1465381e-02	   8.6076562e+01	   1.0582039e-01	   5.4774346e-13	
   4.0000000e-02	   2.3719590e-02	   8.7408664e+01	   9.3045931e-02	   5.4802784e-13	
   5.0000000e-02	   1.5740341e-02	   8.6240354e+01	   8.3368793e-02	   5.4702187e-13	
   6.0000000e-02	   1.3513322e-02	   8.7083197e+01	   7.5802509e-02	   5.4674144e-13	
   7.0000000e-02	   9.7822468e-03	   8.7642087e+01	   6.9689174e-02	   5.4627193e-13	
   8.0000000e-02	   3.1042294e-03	   8.7616266e+01	   6.4582315e-02	   5.4543259e-13	
   9.0000000e-02	  -1.4788657e-02	   8.3712747e+01	   6.0211041e-02	   5.4319003e-13	
   1.0000000e-01	  -1.0761656e-02	   8.7730588e+01	   5.6425491e-02	   5.4369394e-13	
   1.1000000e-01	  -8.8912317e-03	   8.9497612e+01	   5.3131858e-02	   5.4392815e-13	
   1.2000000e-01	  -2.0349434e-02	   8.8889722e+01	   5.0249644e-02	   5.4249497e-13	
   1.3000000e-01	  -3.8477246e-02	   8.6559184e+01	   4.7704363e-02	   5.4023527e-13	
   1.4000000e-01	  -4.5346153e-02	   8.6863271e+01	   4.5433671e-02	   5.3938150e-13	
   1.5000000e-01	  -4.0875922e-02	   8.9410326e+01	   4.3389443e-02	   5.3993697e-13	
   1.6000000e-01	  -4.5508824e-02	   8.9896101e+01	   4.1535271e-02	   5.3936129e-13	
   1.7000000e-01	  -6.1355217e-02	   8.8638579e+01	   3.9843241e-02	   5.3739688e-13	
   1.8000000e-01	  -6.9957655e-02	   8.8525196e+01	   3.8291501e-02	   5.3633346e-13	
   1.9000000e-01	  -7.1904290e-02	   8.9544563e+01	   3.6862520e-02	   5.3609312e-13	
   2.0000000e-01	  -7.9521467e-02	   8.9608378e+01	   3.5541803e-02	   5.3515368e-13	
   2.1000000e-01	  -9.0636721e-02	   8.9138816e+01	   3.4316980e-02	   5.3378576e-13	
   2.2000000e-01	  -9.7815473e-02	   8.9290540e+01	   3.3177218e-02	   5.3290416e-13	
   2.3000000e-01	  -1.0380828e-01	   8.9618144e+01	   3.2112867e-02	   5.3216932e-13	
   2.4000000e-01	  -1.1328971e-01	   8.9424517e+01	   3.1115282e-02	   5.3100876e-13	
   2.5000000e-01	  -1.2290921e-01	   8.9205794e+01	   3.0176779e-02	   5.2983390e-13	
   2.6000000e-01	  -1.2826430e-01	   8.9644959e+01	   2.9290702e-02	   5.2918098e-13	
   2.7000000e-01	  -1.3241541e-01	   9.0201843e+01	   2.8451525e-02	   5.2867542e-13	
   2.8000000e-01	  -1.4092908e-01	   9.0173831e+01	   2.7654938e-02	   5.2764005e-13	
   2.9000000e-01	  -1.5286652e-01	   8.9687471e+01	   2.6897832e-02	   5.2619172e-13	
   3.0000000e-01	  -1.6211336e-01	   8.9557779e+01	   2.6178155e-02	   5.2507256e-13	
   3.1000000e-01	  -1.6630159e-01	   9.0128490e+01	   2.5494619e-02	   5.2456644e-13	
   3.2000000e-01	  -1.7020706e-01	   9.0666078e+01	   2.4846325e-02	   5.2409492e-13	
   3.3000000e-01	  -1.7969689e-01	   9.0541090e+01	   2.4232390e-02	   5.2295097e-13	
   3.4000000e-01	  -1.9489374e-01	   8.9676136e+01	   2.3651673e-02	   5.2112425e-13	
   3.5000000e-01	  -2.1031369e-01	   8.8564093e+01	   2.3102644e-02	   5.1927724e-13	
   3.6000000e-01	  -2.2035344e-01	   8.8270406e+01	   2.2583397e-02	   5.1807820e-13	
   3.7000000e-01	  -2.2370226e-01	   8.9165909e+01	   2.2091751e-02	   5.1767886e-13	
   3.8000000e-01	  -2.2323546e-01	   9.0386621e+01	   2.1625394e-02	   5.1773451e-13	
   3.9000000e-01	  -2.2301218e-01	   9.1314163e+01	   2.1182011e-02	   5.1776113e-13	
   4.0000000e-01	  -2.2568176e-01	   9.1837450e+01	   2.0759384e-02	   5.1744296e-13	
   4.1000000e-01	  -2.3186100e-01	   9.2026753e+01	   2.0355455e-02	   5.1670725e-13	
   4.2000000e-01	  -2.4091850e-01	   9.1977409e+01	   1.9968359e-02	   5.1563075e-13	
   4.3000000e-01	  -2.5192337e-01	   9.1763326e+01	   1.9596434e-02	   5.1432581e-13	
   4.4000000e-01	  -2.6405051e-01	   9.1436667e+01	   1.9238223e-02	   5.1289163e-13	
   4.5000000e-01	  -2.7650894e-01	   9.1052081e+01	   1.8892461e-02	   5.1142242e-13	
   4.6000000e-01	  -2.8841969e-01	   9.0692753e+01	   1.8558068e-02	   5.1002174e-13	
   4.7000000e-01	  -2.9893828e-01	   9.0466150e+01	   1.8234139e-02	   5.0878797e-13	
   4.8000000e-01	  -3.0758179e-01	   9.0449850e+01	   1.7919935e-02	   5.0777636e-13	
   4.9000000e-01	  -3.1449931e-01	   9.0628672e+01	   1.7614873e-02	   5.0696821e-13	
   5.0000000e-01	  -3.2045207e-01	   9.0901400e+01	   1.7318515e-02	   5.0627380e-13	
   5.1000000e-01	  -3.2647568e-01	   9.1151018e+01	   1.7030555e-02	   5.0557209e-13	
   5.2000000e-01	  -3.3340581e-01	   9.1302688e+01	   1.6750791e-02	   5.0476598e-13	
   5.3000000e-01	  -3.4152308e-01	   9.1340473e+01	   1.6479107e-02	   5.0382342e-13	
   5.4000000e-01	  -3.5048848e-01	   9.1299813e+01	   1.6215440e-02	   5.0278442e-13	
   5.5000000e-01	  -3.5957336e-01	   9.1248351e+01	   1.5959747e-02	   5.0173376e-13	
   5.6000000e-01	  -3.6804230e-01	   9.1255533e+01	   1.5711982e-02	   5.0075631e-13	
   5.7000000e-01	  -3.7549280e-01	   9.1357758e+01	   1.5472069e-02	   4.9989798e-13	
   5.8000000e-01	  -3.8200581e-01	   9.1540860e+01	   1.5239884e-02	   4.9914885e-13	
   5.9000000e-01	  -3.8807235e-01	   9.1753662e+01	   1.5015254e-02	   4.9845209e-13	
   6.0000000e-01	  -3.9436693e-01	   9.1937725e+01	   1.4797950e-02	   4.9773017e-13	
   6.1000000e-01	  -4.0148865e-01	   9.2049748e+01	   1.4587695e-02	   4.9691464e-13	
   6.2000000e-01	  -4.0977502e-01	   9.2069265e+01	   1.4384177e-02	   4.9596743e-13	
   6.3000000e-01	  -4.1923849e-01	   9.1997028e+01	   1.4187057e-02	   4.9488787e-13	
   6.4000000e-01	  -4.2961697e-01	   9.1850191e+01	   1.3995981e-02	   4.9370663e-13	
   6.5000000e-01	  -4.4049273e-01	   9.1656888e+01	   1.3810596e-02	   4.9247182e-13	
   6.6000000e-01	  -4.5142461e-01	   9.1450361e+01	   1.3630551e-02	   4.9123375e-13	
   6.7000000e-01	  -4.6205144e-01	   9.1262522e+01	   1.3455511e-02	   4.9003321e-13	
   6.8000000e-01	  -4.7214612e-01	   9.1117760e+01	   1.3285157e-02	   4.8889551e-13	
   6.9000000e-01	  -4.8162073e-01	   9.1028931e+01	   1.3119192e-02	   4.8783009e-13	
   7.0000000e-01	  -4.9049639e-01	   9.0997170e+01	   1.2957339e-02	   4.8683413e-13	
   7.1000000e-01	  -4.9885643e-01	   9.1015366e+01	   1.2799345e-02	   4.8589789e-13	
   7.2000000e-01	  -5.0679938e-01	   9.1073274e+01	   1.2644979e-02	   4.8501003e-13	
   7.3000000e-01	  -5.1440317e-01	   9.1161895e+01	   1.2494032e-02	   4.8416160e-13	
   7.4000000e-01	  -5.2170567e-01	   9.1275815e+01	   1.2346317e-02	   4.8334819e-13	
   7.5000000e-01	  -5.2870206e-01	   9.1413360e+01	   1.2201666e-02	   4.8257015e-13	
   7.6000000e-01	  -5.3535602e-01	   9.1575222e+01	   1.2059931e-02	   4.8183135e-13	
   7.7000000e-01	  -5.4161999e-01	   9.1762355e+01	   1.1920983e-02	   4.8113689e-13	
   7.8000000e-01	  -5.4745869e-01	   9.1973971e+01	   1.1784711e-02	   4.8049048e-13	
   7.9000000e-01	  -5.5287068e-01	   9.2206284e+01	   1.1651020e-02	   4.7989209e-13	
   8.0000000e-01	  -5.5790324e-01	   9.2452289e+01	   1.1519829e-02	   4.7933632e-13	
   8.1000000e-01	  -5.6265762e-01	   9.2702517e+01	   1.1391073e-02	   4.7881186e-13	
   8.2000000e-01	  -5.6728372e-01	   9.2946353e+01	   1.1264699e-02	   4.7830210e-13	
   8.3000000e-01	  -5.7196547e-01	   9.3173440e+01	   1.1140662e-02	   4.7778676e-13	
   8.4000000e-01	  -5.7689984e-01	   9.3374796e+01	   1.1018928e-02	   4.7724422e-13	
   8.5000000e-01	  -5.8227370e-01	   9.3543518e+01	   1.0899468e-02	   4.7665405e-13	
   8.6000000e-01	  -5.8824275e-01	   9.3675056e+01	   1.0782258e-02	   4.7599938e-13	
   8.7000000e-01	  -5.9491566e-01	   9.3767202e+01	   1.0667275e-02	   4.7526857e-13	
   8.8000000e-01	  -6.0234542e-01	   9.3819880e+01	   1.0554498e-02	   4.7445619e-13	
   8.9000000e-01	  -6.1052796e-01	   9.3834878e+01	   1.0443906e-02	   4.7356311e-13	
   9.0000000e-01	  -6.1940691e-01	   9.3815565e+01	   1.0335475e-02	   4.7259592e-13	
   9.1000000e-01	  -6.2888268e-01	   9.3766639e+01	   1.0229178e-02	   4.7156590e-13	
   9.2000000e-01	  -6.3882409e-01	   9.3693905e+01	   1.0124987e-02	   4.7048767e-13	
   9.3000000e-01	  -6.4908108e-01	   9.3604036e+01	   1.0022869e-02	   4.6937781e-13	
   9.4000000e-01	  -6.5949762e-01	   9.3504284e+01	   9.9227900e-03	   4.6825336e-13	
   9.5000000e-01	  -6.6992413e-01	   9.3402087e+01	   9.8247122e-03	   4.6713052e-13	
   9.6000000e-01	  -6.8022882e-01	   9.3304547e+01	   9.7285962e-03	   4.6602346e-13	
   9.7000000e-01	  -6.9030678e-01	   9.3217840e+01	   9.6344014e-03	   4.6494329e-13	
   9.8000000e-01	  -7.0008581e-01	   9.3146662e+01	   9.5420860e-03	   4.6389755e-13	
   9.9000000e-01	  -7.0952756e-01	   9.3093894e+01	   9.4516080e-03	   4.6289011e-13	
   1.0000000e+00	  -7.1862339e-01	   9.3060599e+01	   9.3629255e-03	   4.6192165e-13	
