   0.0000000e+00	   0.0000000e+00	   0.0000000e+00	   2.0988624e-01	   5.4504287e-13	
   1.0000000e-02	   1.5790740e-02	   8.4974601e+01	   1.5225138e-01	   5.4702822e-13	
   2.0000000e-02	   2.3222759e-02	   8.6608825e+01	   1.2388884e-01	   5.4796515e-13	
   3.0000000e-02	   2.1611553e-02	   8.6138392e+01	   1.0582039e-01	   5.4776189e-13	
   4.0000000e-02	   2.4634852e-02	   8.7646467e+01	   9.3045931e-02	   5.4814334e-13	
   5.0000000e-02	   1.6431642e-02	   8.6478453e+01	   8.3368793e-02	   5.4710896e-13	
   6.0000000e-02	   1.2333697e-02	   8.6774746e+01	   7.5802509e-02	   5.4659295e-13	
   7.0000000e-02	   9.8625035e-03	   8.7683240e+01	   6.9689174e-02	   5.4628202e-13	
   8.0000000e-02	   4.7010605e-03	   8.8003681e+01	   6.4582315e-02	   5.4563317e-13	
   9.0000000e-02	  -1.4751844e-02	   8.3779425e+01	   6.0211041e-02	   5.4319464e-13	
   1.0000000e-01	  -1.2533680e-02	   8.7332109e+01	   5.6425491e-02	   5.4347215e-13	
   1.1000000e-01	  -9.4105782e-03	   8.9442092e+01	   5.3131858e-02	   5.4386311e-13	
   1.2000000e-01	  -1.8175654e-02	   8.9282368e+01	   5.0249644e-02	   5.4276657e-13	
   1.3000000e-01	  -3.5945291e-02	   8.7291634e+01	   4.7704363e-02	   5.4055032e-13	
   1.4000000e-01	  -4.5837113e-02	   8.6758870e+01	   4.5433671e-02	   5.3932052e-13	
   1.5000000e-01	  -4.2967599e-02	   8.9098606e+01	   4.3389443e-02	   5.3967699e-13	
   1.6000000e-01	  -4.5396056e-02	   8.9935430e+01	   4.1535271e-02	   5.3937530e-13	
   1.7000000e-01	  -5.9985178e-02	   8.8910450e+01	   3.9843241e-02	   5.3756643e-13	
   1.8000000e-01	  -6.9287734e-02	   8.8676464e+01	   3.8291501e-02	   5.3641620e-13	
   1.9000000e-01	  -7.0770360e-02	   8.9734669e+01	   3.6862520e-02	   5.3623311e-13	
   2.0000000e-01	  -7.7956440e-02	   8.9856234e+01	   3.5541803e-02	   5.3534656e-13	
   2.1000000e-01	  -9.0993761e-02	   8.9105236e+01	   3.4316980e-02	   5.3374188e-13	
   2.2000000e-01	  -1.0013629e-01	   8.8934377e+01	   3.3177218e-02	   5.3261946e-13	
   2.3000000e-01	  -1.0553252e-01	   8.9384169e+01	   3.2112867e-02	   5.3195808e-13	
   2.4000000e-01	  -1.1375569e-01	   8.9378724e+01	   3.1115282e-02	   5.3095179e-13	
   2.5000000e-01	  -1.2419068e-01	   8.9023075e+01	   3.0176779e-02	   5.2967758e-13	
   2.6000000e-01	  -1.3151307e-01	   8.9175983e+01	   2.9290702e-02	   5.2878527e-13	
   2.7000000e-01	  -1.3629357e-01	   8.9705937e+01	   2.8451525e-02	   5.2820353e-13	
   2.8000000e-01	  -1.4412920e-01	   8.9772021e+01	   2.7654938e-02	   5.2725140e-13	
   2.9000000e-01	  -1.5605003e-01	   8.9238251e+01	   2.6897832e-02	   5.2580614e-13	
   3.0000000e-01	  -1.6635697e-01	   8.8919259e+01	   2.6178155e-02	   5.2455975e-13	
   3.1000000e-01	  -1.7079903e-01	   8.9539874e+01	   2.5494619e-02	   5.2402349e-13	
   3.2000000e-01	  -1.7273824e-01	   9.0396727e+01	   2.4846325e-02	   5.2378956e-13	
   3.3000000e-01	  -1.7915612e-01	   9.0629555e+01	   2.4232390e-02	   5.2301609e-13	
   3.4000000e-01	  -1.9264778e-01	   9.0010660e+01	   2.3651673e-02	   5.2139382e-13	
   3.5000000e-01	  -2.0908189e-01	   8.8816295e+01	   2.3102644e-02	   5.1942455e-13	
   3.6000000e-01	  -2.2212103e-01	   8.7953032e+01	   2.2583397e-02	   5.1786738e-13	
   3.7000000e-01	  -2.2868820e-01	   8.8337845e+01	   2.2091751e-02	   5.1708488e-13	
   3.8000000e-01	  -2.3041260e-01	   8.9469878e+01	   2.1625394e-02	   5.1687961e-13	
   3.9000000e-01	  -2.3121710e-01	   9.0474692e+01	   2.1182011e-02	   5.1678387e-13	
   4.0000000e-01	  -2.3425646e-01	   9.1067249e+01	   2.0759384e-02	   5.1642233e-13	
   4.1000000e-01	  -2.4057313e-01	   9.1281433e+01	   2.0355455e-02	   5.1567176e-13	
   4.2000000e-01	  -2.4956324e-01	   9.1231479e+01	   1.9968359e-02	   5.1460540e-13	
   4.3000000e-01	  -2.6008591e-01	   9.1027608e+01	   1.9596434e-02	   5.1336005e-13	
   4.4000000e-01	  -2.7119890e-01	   9.0751276e+01	   1.9238223e-02	   5.1204811e-13	
   4.5000000e-01	  -2.8226363e-01	   9.0463398e+01	   1.8892461e-02	   5.1074520e-13	
   4.6000000e-01	  -2.9273775e-01	   9.0229400e+01	   1.8558068e-02	   5.0951490e-13	
   4.7000000e-01	  -3.0206347e-01	   9.0128886e+01	   1.8234139e-02	   5.0842197e-13	
   4.8000000e-01	  -3.0980833e-01	   9.0223432e+01	   1.7919935e-02	   5.0751610e-13	
   4.9000000e-01	  -3.1592873e-01	   9.0505044e+01	   1.7614873e-02	   5.0680138e-13	
   5.0000000e-01	  -3.2091715e-01	   9.0888682e+01	   1.7318515e-02	   5.0621959e-13	
   5.1000000e-01	  -3.2568678e-01	   9.1261742e+01	   1.7030555e-02	   5.0566394e-13	
   5.2000000e-01	  -3.3123083e-01	   9.1536298e+01	   1.6750791e-02	   5.0501884e-13	
   5.3000000e-01	  -3.3822998e-01	   9.1670266e+01	   1.6479107e-02	   5.0420560e-13	
   5.4000000e-01	  -3.4679867e-01	   9.1666830e+01	   1.6215440e-02	   5.0321177e-13	
   5.5000000e-01	  -3.5647483e-01	   9.1567376e+01	   1.5959747e-02	   5.0209186e-13	
   5.6000000e-01	  -3.6643497e-01	   9.1440900e+01	   1.5711982e-02	   5.0094167e-13	
   5.7000000e-01	  -3.7582318e-01	   9.1364584e+01	   1.5472069e-02	   4.9985995e-13	
   5.8000000e-01	  -3.8405240e-01	   9.1394553e+01	   1.5239884e-02	   4.9891369e-13	
   5.9000000e-01	  -3.9097116e-01	   9.1541297e+01	   1.5015254e-02	   4.9811950e-13	
   6.0000000e-01	  -3.9685930e-01	   9.1769613e+01	   1.4797950e-02	   4.9744461e-13	
   6.1000000e-01	  -4.0228664e-01	   9.2022125e+01	   1.4587695e-02	   4.9682335e-13	
   6.2000000e-01	  -4.0790890e-01	   9.2245355e+01	   1.4384177e-02	   4.9618059e-13	
   6.3000000e-01	  -4.1427815e-01	   9.2403491e+01	   1.4187057e-02	   4.9545344e-13	
   6.4000000e-01	  -4.2171999e-01	   9.2480454e+01	   1.3995981e-02	   4.9460518e-13	
   6.5000000e-01	  -4.3029523e-01	   9.2476575e+01	   1.3810596e-02	   4.9362953e-13	
   6.6000000e-01	  -4.3983510e-01	   9.2404202e+01	   1.3630551e-02	   4.9254640e-13	
   6.7000000e-01	  -4.5002229e-01	   9.2283615e+01	   1.3455511e-02	   4.9139239e-13	
   6.8000000e-01	  -4.6048655e-01	   9.2139132e+01	   1.3285157e-02	   4.9020982e-13	
   6.9000000e-01	  -4.7088861e-01	   9.1995112e+01	   1.3119192e-02	   4.8903709e-13	
   7.0000000e-01	  -4.8097611e-01	   9.1871991e+01	   1.2957339e-02	   4.8790251e-13	
   7.1000000e-01	  -4.9060639e-01	   9.1783211e+01	   1.2799345e-02	   4.8682180e-13	
   7.2000000e-01	  -4.9973975e-01	   9.1734019e+01	   1.2644979e-02	   4.8579908e-13	
   7.3000000e-01	  -5.0841274e-01	   9.1722551e+01	   1.2494032e-02	   4.8482989e-13	
   7.4000000e-01	  -5.1670304e-01	   9.1742567e+01	   1.2346317e-02	   4.8390527e-13	
   7.5000000e-01	  -5.2469616e-01	   9.1786584e+01	   1.2201666e-02	   4.8301547e-13	
   7.6000000e-01	  -5.3246124e-01	   9.1848281e+01	   1.2059931e-02	   4.8215263e-13	
   7.7000000e-01	  -5.4003900e-01	   9.1923657e+01	   1.1920983e-02	   4.8131208e-13	
   7.8000000e-01	  -5.4744180e-01	   9.2010993e+01	   1.1784711e-02	   4.8049235e-13	
   7.9000000e-01	  -5.5466275e-01	   9.2110007e+01	   1.1651020e-02	   4.7969411e-13	
   8.0000000e-01	  -5.6169018e-01	   9.2220661e+01	   1.1519829e-02	   4.7891853e-13	
   8.1000000e-01	  -5.6852289e-01	   9.2342049e+01	   1.1391073e-02	   4.7816565e-13	
   8.2000000e-01	  -5.7518256e-01	   9.2471671e+01	   1.1264699e-02	   4.7743297e-13	
   8.3000000e-01	  -5.8172049e-01	   9.2605268e+01	   1.1140662e-02	   4.7671477e-13	
   8.4000000e-01	  -5.8821714e-01	   9.2737181e+01	   1.1018928e-02	   4.7600218e-13	
   8.5000000e-01	  -5.9477443e-01	   9.2861096e+01	   1.0899468e-02	   4.7528402e-13	
   8.6000000e-01	  -6.0150209e-01	   9.2970950e+01	   1.0782258e-02	   4.7454833e-13	
   8.7000000e-01	  -6.0850038e-01	   9.3061818e+01	   1.0667275e-02	   4.7378425e-13	
   8.8000000e-01	  -6.1584236e-01	   9.3130636e+01	   1.0554498e-02	   4.7298397e-13	
   8.9000000e-01	  -6.2355891e-01	   9.3176724e+01	   1.0443906e-02	   4.7214432e-13	
   9.0000000e-01	  -6.3162918e-01	   9.3202073e+01	   1.0335475e-02	   4.7126777e-13	
   9.1000000e-01	  -6.3997852e-01	   9.3211368e+01	   1.0229178e-02	   4.7036263e-13	
   9.2000000e-01	  -6.4848440e-01	   9.3211720e+01	   1.0124987e-02	   4.6944230e-13	
   9.3000000e-01	  -6.5698990e-01	   9.3212035e+01	   1.0022869e-02	   4.6852381e-13	
   9.4000000e-01	  -6.6532280e-01	   9.3221995e+01	   9.9227900e-03	   4.6762571e-13	
   9.5000000e-01	  -6.7331747e-01	   9.3250715e+01	   9.8247122e-03	   4.6676568e-13	
   9.6000000e-01	  -6.8083599e-01	   9.3305309e+01	   9.7285962e-03	   4.6595831e-13	
   9.7000000e-01	  -6.8778503e-01	   9.3389715e+01	   9.6344014e-03	   4.6521334e-13	
   9.8000000e-01	  -6.9412526e-01	   9.3504146e+01	   9.5420860e-03	   4.6453467e-13	
   9.9000000e-01	  -6.9987188e-01	   9.3645363e+01	   9.4516080e-03	   4.6392040e-13	
   1.0000000e+00	  -7.0508628e-01	   9.3807658e+01	   9.3629255e-03	   4.6336373e-13	
