   0.0000000e+00	   0.0000000e+00	   0.0000000e+00	   2.0988624e-01	   5.4504287e-13	
   1.0000000e-02	   1.5869176e-02	   8.5016083e+01	   1.5225138e-01	   5.4703810e-13	
   2.0000000e-02	   2.3393742e-02	   8.6667874e+01	   1.2388884e-01	   5.4798672e-13	
   3.0000000e-02	   2.1704611e-02	   8.6177824e+01	   1.0582039e-01	   5.4777363e-13	
   4.0000000e-02	   2.5234821e-02	   8.7796503e+01	   9.3045931e-02	   5.4821907e-13	
   5.0000000e-02	   1.6907741e-02	   8.6635569e+01	   8.3368793e-02	   5.4716894e-13	
   6.0000000e-02	   1.1537083e-02	   8.6551818e+01	   7.5802509e-02	   5.4649270e-13	
   7.0000000e-02	   9.8610137e-03	   8.7697631e+01	   6.9689174e-02	   5.4628184e-13	
   8.0000000e-02	   5.7338799e-03	   8.8238696e+01	   6.4582315e-02	   5.4576295e-13	
   9.0000000e-02	  -1.4508770e-02	   8.3945904e+01	   6.0211041e-02	   5.4322504e-13	
   1.0000000e-01	  -1.3720912e-02	   8.7041255e+01	   5.6425491e-02	   5.4332360e-13	
   1.1000000e-01	  -1.0042223e-02	   8.9359123e+01	   5.3131858e-02	   5.4378402e-13	
   1.2000000e-01	  -1.6994513e-02	   8.9485761e+01	   5.0249644e-02	   5.4291421e-13	
   1.3000000e-01	  -3.4103809e-02	   8.7756772e+01	   4.7704363e-02	   5.4077957e-13	
   1.4000000e-01	  -4.5755125e-02	   8.6805170e+01	   4.5433671e-02	   5.3933071e-13	
   1.5000000e-01	  -4.4376954e-02	   8.8873658e+01	   4.3389443e-02	   5.3950188e-13	
   1.6000000e-01	  -4.5745487e-02	   8.9902697e+01	   4.1535271e-02	   5.3933190e-13	
   1.7000000e-01	  -5.9449734e-02	   8.9019666e+01	   3.9843241e-02	   5.3763271e-13	
   1.8000000e-01	  -6.9189016e-02	   8.8711914e+01	   3.8291501e-02	   5.3642839e-13	
   1.9000000e-01	  -7.0275720e-02	   8.9820806e+01	   3.6862520e-02	   5.3629418e-13	
   2.0000000e-01	  -7.6685880e-02	   9.0045320e+01	   3.5541803e-02	   5.3550320e-13	
   2.1000000e-01	  -9.0680470e-02	   8.9173390e+01	   3.4316980e-02	   5.3378039e-13	
   2.2000000e-01	  -1.0157882e-01	   8.8697199e+01	   3.3177218e-02	   5.3244258e-13	
   2.3000000e-01	  -1.0722187e-01	   8.9132205e+01	   3.2112867e-02	   5.3175119e-13	
   2.4000000e-01	  -1.1457090e-01	   8.9268310e+01	   3.1115282e-02	   5.3085214e-13	
   2.5000000e-01	  -1.2497451e-01	   8.8908273e+01	   3.0176779e-02	   5.2958199e-13	
   2.6000000e-01	  -1.3326355e-01	   8.8902818e+01	   2.9290702e-02	   5.2857218e-13	
   2.7000000e-01	  -1.3858010e-01	   8.9385073e+01	   2.8451525e-02	   5.2792551e-13	
   2.8000000e-01	  -1.4614828e-01	   8.9497456e+01	   2.7654938e-02	   5.2700633e-13	
   2.9000000e-01	  -1.5809132e-01	   8.8922795e+01	   2.6897832e-02	   5.2555906e-13	
   3.0000000e-01	  -1.6920226e-01	   8.8429238e+01	   2.6178155e-02	   5.2421619e-13	
   3.1000000e-01	  -1.7408938e-01	   8.9048076e+01	   2.5494619e-02	   5.2362663e-13	
   3.2000000e-01	  -1.7482430e-01	   9.0156101e+01	   2.4846325e-02	   5.2353802e-13	
   3.3000000e-01	  -1.7868275e-01	   9.0700860e+01	   2.4232390e-02	   5.2307310e-13	
   3.4000000e-01	  -1.8988142e-01	   9.0377883e+01	   2.3651673e-02	   5.2172604e-13	
   3.5000000e-01	  -2.0562211e-01	   8.9395865e+01	   2.3102644e-02	   5.1983851e-13	
   3.6000000e-01	  -2.1956976e-01	   8.8481934e+01	   2.2583397e-02	   5.1817169e-13	
   3.7000000e-01	  -2.2765977e-01	   8.8556088e+01	   2.2091751e-02	   5.1720734e-13	
   3.8000000e-01	  -2.3057101e-01	   8.9469902e+01	   2.1625394e-02	   5.1686076e-13	
   3.9000000e-01	  -2.3195568e-01	   9.0408669e+01	   2.1182011e-02	   5.1669599e-13	
   4.0000000e-01	  -2.3526954e-01	   9.0982828e+01	   2.0759384e-02	   5.1630188e-13	
   4.1000000e-01	  -2.4194836e-01	   9.1166087e+01	   2.0355455e-02	   5.1550849e-13	
   4.2000000e-01	  -2.5152549e-01	   9.1055832e+01	   1.9968359e-02	   5.1437294e-13	
   4.3000000e-01	  -2.6271989e-01	   9.0771420e+01	   1.9596434e-02	   5.1304879e-13	
   4.4000000e-01	  -2.7436621e-01	   9.0416071e+01	   1.9238223e-02	   5.1167481e-13	
   4.5000000e-01	  -2.8570980e-01	   9.0069859e+01	   1.8892461e-02	   5.1034008e-13	
   4.6000000e-01	  -2.9624364e-01	   8.9806156e+01	   1.8558068e-02	   5.0910375e-13	
   4.7000000e-01	  -3.0549979e-01	   8.9706286e+01	   1.8234139e-02	   5.0801985e-13	
   4.8000000e-01	  -3.1305760e-01	   8.9837089e+01	   1.7919935e-02	   5.0713654e-13	
   4.9000000e-01	  -3.1874940e-01	   9.0198577e+01	   1.7614873e-02	   5.0647233e-13	
   5.0000000e-01	  -3.2286811e-01	   9.0706295e+01	   1.7318515e-02	   5.0599223e-13	
   5.1000000e-01	  -3.2619026e-01	   9.1237474e+01	   1.7030555e-02	   5.0560532e-13	
   5.2000000e-01	  -3.2976275e-01	   9.1688538e+01	   1.6750791e-02	   5.0518958e-13	
   5.3000000e-01	  -3.3454798e-01	   9.2000159e+01	   1.6479107e-02	   5.0463325e-13	
   5.4000000e-01	  -3.4109219e-01	   9.2156366e+01	   1.6215440e-02	   5.0387341e-13	
   5.5000000e-01	  -3.4935744e-01	   9.2176589e+01	   1.5959747e-02	   5.0291538e-13	
   5.6000000e-01	  -3.5877267e-01	   9.2108215e+01	   1.5711982e-02	   5.0182627e-13	
   5.7000000e-01	  -3.6846548e-01	   9.2017338e+01	   1.5472069e-02	   5.0070752e-13	
   5.8000000e-01	  -3.7757172e-01	   9.1972393e+01	   1.5239884e-02	   4.9965874e-13	
   5.9000000e-01	  -3.8550555e-01	   9.2021018e+01	   1.5015254e-02	   4.9874678e-13	
   6.0000000e-01	  -3.9210323e-01	   9.2172065e+01	   1.4797950e-02	   4.9798967e-13	
   6.1000000e-01	  -3.9761268e-01	   9.2396900e+01	   1.4587695e-02	   4.9735832e-13	
   6.2000000e-01	  -4.0255866e-01	   9.2648448e+01	   1.4384177e-02	   4.9679223e-13	
   6.3000000e-01	  -4.0754935e-01	   9.2882439e+01	   1.4187057e-02	   4.9622167e-13	
   6.4000000e-01	  -4.1309511e-01	   9.3069453e+01	   1.3995981e-02	   4.9558842e-13	
   6.5000000e-01	  -4.1948947e-01	   9.3197468e+01	   1.3810596e-02	   4.9485927e-13	
   6.6000000e-01	  -4.2677214e-01	   9.3269304e+01	   1.3630551e-02	   4.9403014e-13	
   6.7000000e-01	  -4.3476478e-01	   9.3298372e+01	   1.3455511e-02	   4.9312178e-13	
   6.8000000e-01	  -4.4315297e-01	   9.3304093e+01	   1.3285157e-02	   4.9217025e-13	
   6.9000000e-01	  -4.5158205e-01	   9.3307332e+01	   1.3119192e-02	   4.9121594e-13	
   7.0000000e-01	  -4.5973944e-01	   9.3326181e+01	   1.2957339e-02	   4.9029415e-13	
   7.1000000e-01	  -4.6740709e-01	   9.3372803e+01	   1.2799345e-02	   4.8942928e-13	
   7.2000000e-01	  -4.7447952e-01	   9.3452087e+01	   1.2644979e-02	   4.8863290e-13	
   7.3000000e-01	  -4.8095315e-01	   9.3562336e+01	   1.2494032e-02	   4.8790509e-13	
   7.4000000e-01	  -4.8689773e-01	   9.3697437e+01	   1.2346317e-02	   4.8723770e-13	
   7.5000000e-01	  -4.9242197e-01	   9.3849465e+01	   1.2201666e-02	   4.8661833e-13	
   7.6000000e-01	  -4.9764269e-01	   9.4010803e+01	   1.2059931e-02	   4.8603371e-13	
   7.7000000e-01	  -5.0266335e-01	   9.4175377e+01	   1.1920983e-02	   4.8547215e-13	
   7.8000000e-01	  -5.0756357e-01	   9.4339003e+01	   1.1784711e-02	   4.8492470e-13	
   7.9000000e-01	  -5.1239888e-01	   9.4499143e+01	   1.1651020e-02	   4.8438510e-13	
   8.0000000e-01	  -5.1720811e-01	   9.4654327e+01	   1.1519829e-02	   4.8384900e-13	
   8.1000000e-01	  -5.2202545e-01	   9.4803487e+01	   1.1391073e-02	   4.8331260e-13	
   8.2000000e-01	  -5.2689381e-01	   9.4945369e+01	   1.1264699e-02	   4.8277112e-13	
   8.3000000e-01	  -5.3187635e-01	   9.5078119e+01	   1.1140662e-02	   4.8221756e-13	
   8.4000000e-01	  -5.3706331e-01	   9.5199108e+01	   1.1018928e-02	   4.8164197e-13	
   8.5000000e-01	  -5.4257183e-01	   9.5305010e+01	   1.0899468e-02	   4.8103146e-13	
   8.6000000e-01	  -5.4853774e-01	   9.5392097e+01	   1.0782258e-02	   4.8037112e-13	
   8.7000000e-01	  -5.5509996e-01	   9.5456696e+01	   1.0667275e-02	   4.7964582e-13	
   8.8000000e-01	  -5.6237962e-01	   9.5495719e+01	   1.0554498e-02	   4.7884251e-13	
   8.9000000e-01	  -5.7045746e-01	   9.5507208e+01	   1.0443906e-02	   4.7795269e-13	
   9.0000000e-01	  -5.7935398e-01	   9.5490819e+01	   1.0335475e-02	   4.7697461e-13	
   9.1000000e-01	  -5.8901623e-01	   9.5448211e+01	   1.0229178e-02	   4.7591461e-13	
   9.2000000e-01	  -5.9931443e-01	   9.5383278e+01	   1.0124987e-02	   4.7478743e-13	
   9.3000000e-01	  -6.1005000e-01	   9.5302176e+01	   1.0022869e-02	   4.7361523e-13	
   9.4000000e-01	  -6.2097452e-01	   9.5213050e+01	   9.9227900e-03	   4.7242536e-13	
   9.5000000e-01	  -6.3181729e-01	   9.5125397e+01	   9.8247122e-03	   4.7124736e-13	
   9.6000000e-01	  -6.4231718e-01	   9.5049039e+01	   9.7285962e-03	   4.7010941e-13	
   9.7000000e-01	  -6.5225365e-01	   9.4992812e+01	   9.6344014e-03	   4.6903505e-13	
   9.8000000e-01	  -6.6147121e-01	   9.4963257e+01	   9.5420860e-03	   4.6804061e-13	
   9.9000000e-01	  -6.6989291e-01	   9.4963662e+01	   9.4516080e-03	   4.6713388e-13	
   1.0000000e+00	  -6.7752044e-01	   9.4993798e+01	   9.3629255e-03	   4.6631417e-13	
