   0.0000000e+00	   0.0000000e+00	   0.0000000e+00	   1.0494312e-01	   5.4504287e-13	
   1.0000000e-02	   3.5036024e-03	   8.3484171e+01	   8.8456638e-02	   5.4548275e-13	
   2.0000000e-02	   3.9133933e-03	   8.5869529e+01	   7.7158877e-02	   5.4553422e-13	
   3.0000000e-02	  -6.8114564e-03	   8.3462124e+01	   6.8859543e-02	   5.4418869e-13	
   4.0000000e-02	  -1.8921376e-02	   7.5177901e+01	   6.2395277e-02	   5.4267338e-13	
   5.0000000e-02	  -1.9089517e-02	   8.3772856e+01	   5.7263884e-02	   5.4265237e-13	
   6.0000000e-02	  -2.3261396e-02	   8.5168002e+01	   5.3080001e-02	   5.4213135e-13	
   7.0000000e-02	  -2.9918585e-02	   8.5426960e+01	   4.9544675e-02	   5.4130096e-13	
   8.0000000e-02	  -3.7958492e-02	   8.5213355e+01	   4.6493515e-02	   5.4029980e-13	
   9.0000000e-02	  -5.2169990e-02	   8.1039043e+01	   4.3844159e-02	   5.3853466e-13	
   1.0000000e-01	  -5.8198643e-02	   8.2668374e+01	   4.1536390e-02	   5.3778761e-13	
   1.1000000e-01	  -6.2257702e-02	   8.4890389e+01	   3.9510630e-02	   5.3728521e-13	
   1.2000000e-01	  -6.7633141e-02	   8.5947384e+01	   3.7711413e-02	   5.3662061e-13	
   1.3000000e-01	  -7.3934019e-02	   8.6545714e+01	   3.6092767e-02	   5.3584262e-13	
   1.4000000e-01	  -8.7540029e-02	   8.4515398e+01	   3.4619080e-02	   5.3416651e-13	
   1.5000000e-01	  -9.8274322e-02	   8.3135017e+01	   3.3263979e-02	   5.3284786e-13	
   1.6000000e-01	  -1.0593906e-01	   8.3533339e+01	   3.2009091e-02	   5.3190828e-13	
   1.7000000e-01	  -1.1200097e-01	   8.4711976e+01	   3.0842765e-02	   5.3116636e-13	
   1.8000000e-01	  -1.1560609e-01	   8.6463940e+01	   2.9758264e-02	   5.3072562e-13	
   1.9000000e-01	  -1.2203226e-01	   8.7014732e+01	   2.8751426e-02	   5.2994089e-13	
   2.0000000e-01	  -1.3267203e-01	   8.6363458e+01	   2.7818429e-02	   5.2864418e-13	
   2.1000000e-01	  -1.4335390e-01	   8.5589997e+01	   2.6954462e-02	   5.2734553e-13	
   2.2000000e-01	  -1.5294128e-01	   8.5131535e+01	   2.6153508e-02	   5.2618266e-13	
   2.3000000e-01	  -1.6215784e-01	   8.4793706e+01	   2.5408888e-02	   5.2506718e-13	
   2.4000000e-01	  -1.6991358e-01	   8.5083902e+01	   2.4713961e-02	   5.2413034e-13	
   2.5000000e-01	  -1.7568231e-01	   8.6067515e+01	   2.4062645e-02	   5.2343460e-13	
   2.6000000e-01	  -1.8153310e-01	   8.6847912e+01	   2.3449657e-02	   5.2272991e-13	
   2.7000000e-01	  -1.8984715e-01	   8.6889151e+01	   2.2870540e-02	   5.2173016e-13	
   2.8000000e-01	  -2.0060457e-01	   8.6224311e+01	   2.2321589e-02	   5.2043944e-13	
   2.9000000e-01	  -2.1160053e-01	   8.5356621e+01	   2.1799731e-02	   5.1912340e-13	
   3.0000000e-01	  -2.2067870e-01	   8.5133281e+01	   2.1302421e-02	   5.1803940e-13	
   3.1000000e-01	  -2.2747638e-01	   8.5776613e+01	   2.0827541e-02	   5.1722918e-13	
   3.2000000e-01	  -2.3340425e-01	   8.6594782e+01	   2.0373327e-02	   5.1652368e-13	
   3.3000000e-01	  -2.4032051e-01	   8.7033862e+01	   1.9938304e-02	   5.1570175e-13	
   3.4000000e-01	  -2.4915285e-01	   8.6955459e+01	   1.9521219e-02	   5.1465403e-13	
   3.5000000e-01	  -2.5942208e-01	   8.6475132e+01	   1.9120992e-02	   5.1343852e-13	
   3.6000000e-01	  -2.6979321e-01	   8.5905372e+01	   1.8736662e-02	   5.1221387e-13	
   3.7000000e-01	  -2.7907999e-01	   8.5654721e+01	   1.8367356e-02	   5.1111975e-13	
   3.8000000e-01	  -2.8694886e-01	   8.5891881e+01	   1.8012250e-02	   5.1019450e-13	
   3.9000000e-01	  -2.9391822e-01	   8.6392484e+01	   1.7670562e-02	   5.0937642e-13	
   4.0000000e-01	  -3.0080655e-01	   8.6862286e+01	   1.7341533e-02	   5.0856914e-13	
   4.1000000e-01	  -3.0812690e-01	   8.7180264e+01	   1.7024431e-02	   5.0771263e-13	
   4.2000000e-01	  -3.1585659e-01	   8.7381053e+01	   1.6718545e-02	   5.0680980e-13	
   4.3000000e-01	  -3.2366128e-01	   8.7556112e+01	   1.6423195e-02	   5.0589983e-13	
   4.4000000e-01	  -3.3132239e-01	   8.7755435e+01	   1.6137728e-02	   5.0500819e-13	
   4.5000000e-01	  -3.3902042e-01	   8.7938386e+01	   1.5861526e-02	   5.0411384e-13	
   4.6000000e-01	  -3.4727809e-01	   8.8002157e+01	   1.5594004e-02	   5.0315623e-13	
   4.7000000e-01	  -3.5661570e-01	   8.7845009e+01	   1.5334620e-02	   5.0207557e-13	
   4.8000000e-01	  -3.6715064e-01	   8.7415676e+01	   1.5082878e-02	   5.0085913e-13	
   4.9000000e-01	  -3.7839679e-01	   8.6755773e+01	   1.4838326e-02	   4.9956382e-13	
   5.0000000e-01	  -3.8940299e-01	   8.6057737e+01	   1.4600571e-02	   4.9829940e-13	
   5.1000000e-01	  -3.9918212e-01	   8.5671434e+01	   1.4369271e-02	   4.9717862e-13	
   5.2000000e-01	  -4.0721146e-01	   8.5862224e+01	   1.4144143e-02	   4.9626028e-13	
   5.3000000e-01	  -4.1372627e-01	   8.6493947e+01	   1.3924960e-02	   4.9551640e-13	
   5.4000000e-01	  -4.1962969e-01	   8.7192792e+01	   1.3711544e-02	   4.9484330e-13	
   5.5000000e-01	  -4.2605981e-01	   8.7681695e+01	   1.3503763e-02	   4.9411118e-13	
   5.6000000e-01	  -4.3385132e-01	   8.7848771e+01	   1.3301517e-02	   4.9322551e-13	
   5.7000000e-01	  -4.4317717e-01	   8.7695055e+01	   1.3104732e-02	   4.9216751e-13	
   5.8000000e-01	  -4.5353349e-01	   8.7304116e+01	   1.2913345e-02	   4.9099527e-13	
   5.9000000e-01	  -4.6403112e-01	   8.6840642e+01	   1.2727299e-02	   4.8980989e-13	
   6.0000000e-01	  -4.7380801e-01	   8.6528152e+01	   1.2546528e-02	   4.8870846e-13	
   6.1000000e-01	  -4.8235408e-01	   8.6544790e+01	   1.2370958e-02	   4.8774772e-13	
   6.2000000e-01	  -4.8962972e-01	   8.6895094e+01	   1.2200496e-02	   4.8693129e-13	
   6.3000000e-01	  -4.9598517e-01	   8.7428732e+01	   1.2035038e-02	   4.8621924e-13	
   6.4000000e-01	  -5.0197217e-01	   8.7975654e+01	   1.1874460e-02	   4.8554942e-13	
   6.5000000e-01	  -5.0815152e-01	   8.8426187e+01	   1.1718627e-02	   4.8485905e-13	
   6.6000000e-01	  -5.1496072e-01	   8.8730812e+01	   1.1567394e-02	   4.8409945e-13	
   6.7000000e-01	  -5.2265564e-01	   8.8876206e+01	   1.1420608e-02	   4.8324247e-13	
   6.8000000e-01	  -5.3130851e-01	   8.8866951e+01	   1.1278108e-02	   4.8228062e-13	
   6.9000000e-01	  -5.4083655e-01	   8.8716567e+01	   1.1139732e-02	   4.8122370e-13	
   7.0000000e-01	  -5.5104260e-01	   8.8445014e+01	   1.1005318e-02	   4.8009413e-13	
   7.1000000e-01	  -5.6165868e-01	   8.8079931e+01	   1.0874701e-02	   4.7892200e-13	
   7.2000000e-01	  -5.7238934e-01	   8.7659573e+01	   1.0747716e-02	   4.7774013e-13	
   7.3000000e-01	  -5.8295217e-01	   8.7234999e+01	   1.0624201e-02	   4.7657959e-13	
   7.4000000e-01	  -5.9311219e-01	   8.6867864e+01	   1.0503993e-02	   4.7546597e-13	
   7.5000000e-01	  -6.0270571e-01	   8.6619896e+01	   1.0386933e-02	   4.7441683e-13	
   7.6000000e-01	  -6.1165123e-01	   8.6534636e+01	   1.0272862e-02	   4.7344064e-13	
   7.7000000e-01	  -6.1994724e-01	   8.6621135e+01	   1.0161623e-02	   4.7253713e-13	
   7.8000000e-01	  -6.2765986e-01	   8.6852348e+01	   1.0053063e-02	   4.7169869e-13	
   7.9000000e-01	  -6.3490483e-01	   8.7179523e+01	   9.9470309e-03	   4.7091245e-13	
   8.0000000e-01	  -6.4182799e-01	   8.7550820e+01	   9.8433805e-03	   4.7016236e-13	
   8.1000000e-01	  -6.4858751e-01	   8.7923346e+01	   9.7419688e-03	   4.6943115e-13	
   8.2000000e-01	  -6.5533890e-01	   8.8266799e+01	   9.6426574e-03	   4.6870196e-13	
   8.3000000e-01	  -6.6222284e-01	   8.8562212e+01	   9.5453131e-03	   4.6795962e-13	
   8.4000000e-01	  -6.6935539e-01	   8.8799247e+01	   9.4498079e-03	   4.6719170e-13	
   8.5000000e-01	  -6.7682053e-01	   8.8973731e+01	   9.3560199e-03	   4.6638933e-13	
   8.6000000e-01	  -6.8466558e-01	   8.9085903e+01	   9.2638332e-03	   4.6554761e-13	
   8.7000000e-01	  -6.9290057e-01	   8.9139224e+01	   9.1731388e-03	   4.6466569e-13	
   8.8000000e-01	  -7.0150209e-01	   8.9139509e+01	   9.0838349e-03	   4.6374629e-13	
   8.9000000e-01	  -7.1042128e-01	   8.9094160e+01	   8.9958270e-03	   4.6279486e-13	
   9.0000000e-01	  -7.1959442e-01	   8.9011396e+01	   8.9090293e-03	   4.6181838e-13	
   9.1000000e-01	  -7.2895371e-01	   8.8899500e+01	   8.8233645e-03	   4.6082421e-13	
   9.2000000e-01	  -7.3843579e-01	   8.8766214e+01	   8.7387645e-03	   4.5981918e-13	
   9.3000000e-01	  -7.4798628e-01	   8.8618430e+01	   8.6551714e-03	   4.5880911e-13	
   9.4000000e-01	  -7.5756003e-01	   8.8462309e+01	   8.5725374e-03	   4.5779881e-13	
   9.5000000e-01	  -7.6711827e-01	   8.8303770e+01	   8.4908258e-03	   4.5679236e-13	
   9.6000000e-01	  -7.7662470e-01	   8.8149148e+01	   8.4100107e-03	   4.5579357e-13	
   9.7000000e-01	  -7.8604279e-01	   8.8005687e+01	   8.3300777e-03	   4.5480620e-13	
   9.8000000e-01	  -7.9533566e-01	   8.7881504e+01	   8.2510231e-03	   4.5383407e-13	
   9.9000000e-01	  -8.0446881e-01	   8.7784856e+01	   8.1728541e-03	   4.5288066e-13	
   1.0000000e+00	  -8.1341481e-01	   8.7722794e+01	   8.0955877e-03	   4.5194874e-13	
