   0.0000000e+00	   0.0000000e+00	   0.0000000e+00	   2.0988624e-01	   5.4504287e-13	
   1.0000000e-02	   1.6282500e-02	   8.5228556e+01	   1.5225138e-01	   5.4709017e-13	
   2.0000000e-02	   2.4273658e-02	   8.6961705e+01	   1.2388884e-01	   5.4809776e-13	
   3.0000000e-02	   2.2113395e-02	   8.6353258e+01	   1.0582039e-01	   5.4782519e-13	
   4.0000000e-02	   2.8035906e-02	   8.8445835e+01	   9.3045931e-02	   5.4857277e-13	
   5.0000000e-02	   1.9431137e-02	   8.7390415e+01	   8.3368793e-02	   5.4748695e-13	
   6.0000000e-02	   7.7013800e-03	   8.5264529e+01	   7.5802509e-02	   5.4601025e-13	
   7.0000000e-02	   9.1191802e-03	   8.7593844e+01	   6.9689174e-02	   5.4618853e-13	
   8.0000000e-02	   1.0044034e-02	   8.9122094e+01	   6.4582315e-02	   5.4630486e-13	
   9.0000000e-02	  -1.0711435e-02	   8.5771799e+01	   6.0211041e-02	   5.4370023e-13	
   1.0000000e-01	  -1.8556232e-02	   8.5604568e+01	   5.6425491e-02	   5.4271901e-13	
   1.1000000e-01	  -1.5967093e-02	   8.8387342e+01	   5.3131858e-02	   5.4304266e-13	
   1.2000000e-01	  -1.5437741e-02	   8.9800209e+01	   5.0249644e-02	   5.4310886e-13	
   1.3000000e-01	  -2.5520461e-02	   8.9463256e+01	   4.7704363e-02	   5.4184942e-13	
   1.4000000e-01	  -4.0811463e-02	   8.8119386e+01	   4.5433671e-02	   5.3994499e-13	
   1.5000000e-01	  -4.8913284e-02	   8.8083148e+01	   4.3389443e-02	   5.3893865e-13	
   1.6000000e-01	  -5.0167465e-02	   8.9320787e+01	   4.1535271e-02	   5.3878304e-13	
   1.7000000e-01	  -6.0359770e-02	   8.8946412e+01	   3.9843241e-02	   5.3752007e-13	
   1.8000000e-01	  -7.3130165e-02	   8.8019384e+01	   3.8291501e-02	   5.3594182e-13	
   1.9000000e-01	  -7.4119098e-02	   8.9322319e+01	   3.6862520e-02	   5.3581979e-13	
   2.0000000e-01	  -7.2516567e-02	   9.0643170e+01	   3.5541803e-02	   5.3601754e-13	
   2.1000000e-01	  -8.2732904e-02	   9.0382971e+01	   3.4316980e-02	   5.3475810e-13	
   2.2000000e-01	  -9.9903622e-02	   8.9074991e+01	   3.3177218e-02	   5.3264800e-13	
   2.3000000e-01	  -1.1221186e-01	   8.8317404e+01	   3.2112867e-02	   5.3114057e-13	
   2.4000000e-01	  -1.1940383e-01	   8.8516501e+01	   3.1115282e-02	   5.3026172e-13	
   2.5000000e-01	  -1.2722518e-01	   8.8595958e+01	   3.0176779e-02	   5.2930761e-13	
   2.6000000e-01	  -1.3524598e-01	   8.8642278e+01	   2.9290702e-02	   5.2833096e-13	
   2.7000000e-01	  -1.3993784e-01	   8.9260585e+01	   2.8451525e-02	   5.2776049e-13	
   2.8000000e-01	  -1.4375429e-01	   8.9926213e+01	   2.7654938e-02	   5.2729691e-13	
   2.9000000e-01	  -1.5300802e-01	   8.9800280e+01	   2.6897832e-02	   5.2617457e-13	
   3.0000000e-01	  -1.6817134e-01	   8.8724768e+01	   2.6178155e-02	   5.2434065e-13	
   3.1000000e-01	  -1.8187855e-01	   8.7654169e+01	   2.5494619e-02	   5.2268833e-13	
   3.2000000e-01	  -1.8745750e-01	   8.8264529e+01	   2.4846325e-02	   5.2201732e-13	
   3.3000000e-01	  -1.8629889e-01	   8.9847983e+01	   2.4232390e-02	   5.2215660e-13	
   3.4000000e-01	  -1.8542513e-01	   9.0975890e+01	   2.3651673e-02	   5.2226166e-13	
   3.5000000e-01	  -1.8980059e-01	   9.1389723e+01	   2.3102644e-02	   5.2173576e-13	
   3.6000000e-01	  -1.9843238e-01	   9.1373122e+01	   2.2583397e-02	   5.2069981e-13	
   3.7000000e-01	  -2.0674847e-01	   9.1387852e+01	   2.2091751e-02	   5.1970370e-13	
   3.8000000e-01	  -2.1121782e-01	   9.1757225e+01	   2.1625394e-02	   5.1916915e-13	
   3.9000000e-01	  -2.1177172e-01	   9.2405796e+01	   2.1182011e-02	   5.1910294e-13	
   4.0000000e-01	  -2.1098603e-01	   9.3057670e+01	   2.0759384e-02	   5.1919686e-13	
   4.1000000e-01	  -2.1180275e-01	   9.3530131e+01	   2.0355455e-02	   5.1909923e-13	
   4.2000000e-01	  -2.1586521e-01	   9.3778781e+01	   1.9968359e-02	   5.1861388e-13	
   4.3000000e-01	  -2.2324921e-01	   9.3835353e+01	   1.9596434e-02	   5.1773287e-13	
   4.4000000e-01	  -2.3316208e-01	   9.3752711e+01	   1.9238223e-02	   5.1655248e-13	
   4.5000000e-01	  -2.4478990e-01	   9.3571016e+01	   1.8892461e-02	   5.1517131e-13	
   4.6000000e-01	  -2.5773141e-01	   9.3302828e+01	   1.8558068e-02	   5.1363844e-13	
   4.7000000e-01	  -2.7192039e-01	   9.2936742e+01	   1.8234139e-02	   5.1196305e-13	
   4.8000000e-01	  -2.8727241e-01	   9.2454410e+01	   1.7919935e-02	   5.1015649e-13	
   4.9000000e-01	  -3.0337499e-01	   9.1852436e+01	   1.7614873e-02	   5.0826846e-13	
   5.0000000e-01	  -3.1942477e-01	   9.1163673e+01	   1.7318515e-02	   5.0639357e-13	
   5.1000000e-01	  -3.3442871e-01	   9.0473232e+01	   1.7030555e-02	   5.0464711e-13	
   5.2000000e-01	  -3.4753982e-01	   8.9913135e+01	   1.6750791e-02	   5.0312590e-13	
   5.3000000e-01	  -3.5834699e-01	   8.9609873e+01	   1.6479107e-02	   5.0187546e-13	
   5.4000000e-01	  -3.6698236e-01	   8.9601626e+01	   1.6215440e-02	   5.0087854e-13	
   5.5000000e-01	  -3.7401135e-01	   8.9813383e+01	   1.5959747e-02	   5.0006853e-13	
   5.6000000e-01	  -3.8017281e-01	   9.0123627e+01	   1.5711982e-02	   4.9935957e-13	
   5.7000000e-01	  -3.8609277e-01	   9.0440092e+01	   1.5472069e-02	   4.9867935e-13	
   5.8000000e-01	  -3.9208722e-01	   9.0725952e+01	   1.5239884e-02	   4.9799151e-13	
   5.9000000e-01	  -3.9811442e-01	   9.0989758e+01	   1.5015254e-02	   4.9730087e-13	
   6.0000000e-01	  -4.0386893e-01	   9.1263346e+01	   1.4797950e-02	   4.9664237e-13	
   6.1000000e-01	  -4.0895902e-01	   9.1578602e+01	   1.4587695e-02	   4.9606063e-13	
   6.2000000e-01	  -4.1309169e-01	   9.1949507e+01	   1.4384177e-02	   4.9558881e-13	
   6.3000000e-01	  -4.1620255e-01	   9.2365749e+01	   1.4187057e-02	   4.9523394e-13	
   6.4000000e-01	  -4.1849872e-01	   9.2798918e+01	   1.3995981e-02	   4.9497218e-13	
   6.5000000e-01	  -4.2041607e-01	   9.3214687e+01	   1.3810596e-02	   4.9475370e-13	
   6.6000000e-01	  -4.2251670e-01	   9.3583073e+01	   1.3630551e-02	   4.9451445e-13	
   6.7000000e-01	  -4.2536367e-01	   9.3883461e+01	   1.3455511e-02	   4.9419039e-13	
   6.8000000e-01	  -4.2940813e-01	   9.4105384e+01	   1.3285157e-02	   4.9373038e-13	
   6.9000000e-01	  -4.3491401e-01	   9.4247212e+01	   1.3119192e-02	   4.9310483e-13	
   7.0000000e-01	  -4.4193170e-01	   9.4314257e+01	   1.2957339e-02	   4.9230868e-13	
   7.1000000e-01	  -4.5031859e-01	   9.4316898e+01	   1.2799345e-02	   4.9135887e-13	
   7.2000000e-01	  -4.5979399e-01	   9.4268822e+01	   1.2644979e-02	   4.9028800e-13	
   7.3000000e-01	  -4.7001027e-01	   9.4185277e+01	   1.2494032e-02	   4.8913601e-13	
   7.4000000e-01	  -4.8062121e-01	   9.4081353e+01	   1.2346317e-02	   4.8794238e-13	
   7.5000000e-01	  -4.9133271e-01	   9.3970447e+01	   1.2201666e-02	   4.8674039e-13	
   7.6000000e-01	  -5.0192775e-01	   9.3863208e+01	   1.2059931e-02	   4.8555439e-13	
   7.7000000e-01	  -5.1226597e-01	   9.3767258e+01	   1.1920983e-02	   4.8439992e-13	
   7.8000000e-01	  -5.2226434e-01	   9.3687715e+01	   1.1784711e-02	   4.8328601e-13	
   7.9000000e-01	  -5.3186972e-01	   9.3628240e+01	   1.1651020e-02	   4.8221830e-13	
   8.0000000e-01	  -5.4103372e-01	   9.3592135e+01	   1.1519829e-02	   4.8120185e-13	
   8.1000000e-01	  -5.4969759e-01	   9.3582982e+01	   1.1391073e-02	   4.8024284e-13	
   8.2000000e-01	  -5.5779025e-01	   9.3604568e+01	   1.1264699e-02	   4.7934879e-13	
   8.3000000e-01	  -5.6523778e-01	   9.3660142e+01	   1.1140662e-02	   4.7852748e-13	
   8.4000000e-01	  -5.7197941e-01	   9.3751358e+01	   1.1018928e-02	   4.7778523e-13	
   8.5000000e-01	  -5.7798386e-01	   9.3877394e+01	   1.0899468e-02	   4.7712511e-13	
   8.6000000e-01	  -5.8326058e-01	   9.4034645e+01	   1.0782258e-02	   4.7654575e-13	
   8.7000000e-01	  -5.8786251e-01	   9.4217147e+01	   1.0667275e-02	   4.7604105e-13	
   8.8000000e-01	  -5.9188002e-01	   9.4417550e+01	   1.0554498e-02	   4.7560089e-13	
   8.9000000e-01	  -5.9542762e-01	   9.4628287e+01	   1.0443906e-02	   4.7521255e-13	
   9.0000000e-01	  -5.9862685e-01	   9.4842617e+01	   1.0335475e-02	   4.7486261e-13	
   9.1000000e-01	  -6.0158899e-01	   9.5055317e+01	   1.0229178e-02	   4.7453884e-13	
   9.2000000e-01	  -6.0440115e-01	   9.5262969e+01	   1.0124987e-02	   4.7423166e-13	
   9.3000000e-01	  -6.0711819e-01	   9.5463900e+01	   1.0022869e-02	   4.7393506e-13	
   9.4000000e-01	  -6.0976191e-01	   9.5657851e+01	   9.9227900e-03	   4.7364665e-13	
   9.5000000e-01	  -6.1232759e-01	   9.5845471e+01	   9.8247122e-03	   4.7336692e-13	
   9.6000000e-01	  -6.1479671e-01	   9.6027753e+01	   9.7285962e-03	   4.7309787e-13	
   9.7000000e-01	  -6.1715349e-01	   9.6205477e+01	   9.6344014e-03	   4.7284120e-13	
   9.8000000e-01	  -6.1940196e-01	   9.6378774e+01	   9.5420860e-03	   4.7259646e-13	
   9.9000000e-01	  -6.2158029e-01	   9.6546863e+01	   9.4516080e-03	   4.7235947e-13	
   1.0000000e+00	  -6.2376929e-01	   9.6708002e+01	   9.3629255e-03	   4.7212145e-13	
