   0.0000000e+00	   0.0000000e+00	   0.0000000e+00	   2.0988624e-01	   5.4504287e-13	
   1.0000000e-02	   1.6639134e-02	   8.5404294e+01	   1.5225138e-01	   5.4713510e-13	
   2.0000000e-02	   2.5009735e-02	   8.7195452e+01	   1.2388884e-01	   5.4819066e-13	
   3.0000000e-02	   2.2369623e-02	   8.6467948e+01	   1.0582039e-01	   5.4785751e-13	
   4.0000000e-02	   2.9915752e-02	   8.8845276e+01	   9.3045931e-02	   5.4881028e-13	
   5.0000000e-02	   2.1541520e-02	   8.7941940e+01	   8.3368793e-02	   5.4775306e-13	
   6.0000000e-02	   5.2650301e-03	   8.4181217e+01	   7.5802509e-02	   5.4570403e-13	
   7.0000000e-02	   7.6398175e-03	   8.7278602e+01	   6.9689174e-02	   5.4600251e-13	
   8.0000000e-02	   1.1760462e-02	   8.9461171e+01	   6.4582315e-02	   5.4652081e-13	
   9.0000000e-02	  -5.2086715e-03	   8.7504810e+01	   6.0211041e-02	   5.4438957e-13	
   1.0000000e-01	  -1.9390188e-02	   8.5374503e+01	   5.6425491e-02	   5.4261481e-13	
   1.1000000e-01	  -2.1987305e-02	   8.7053014e+01	   5.3131858e-02	   5.4229042e-13	
   1.2000000e-01	  -1.9680390e-02	   8.9202553e+01	   5.0249644e-02	   5.4257855e-13	
   1.3000000e-01	  -2.3196594e-02	   8.9875684e+01	   4.7704363e-02	   5.4213944e-13	
   1.4000000e-01	  -3.4516234e-02	   8.9352567e+01	   4.5433671e-02	   5.4072822e-13	
   1.5000000e-01	  -4.7376316e-02	   8.8470891e+01	   4.3389443e-02	   5.3912942e-13	
   1.6000000e-01	  -5.2439284e-02	   8.9004945e+01	   4.1535271e-02	   5.3850127e-13	
   1.7000000e-01	  -6.1292412e-02	   8.8846338e+01	   3.9843241e-02	   5.3740465e-13	
   1.8000000e-01	  -7.7222915e-02	   8.7110545e+01	   3.8291501e-02	   5.3543699e-13	
   1.9000000e-01	  -8.3916190e-02	   8.7456014e+01	   3.6862520e-02	   5.3461242e-13	
   2.0000000e-01	  -7.9087338e-02	   8.9848645e+01	   3.5541803e-02	   5.3520717e-13	
   2.1000000e-01	  -7.8833157e-02	   9.0900397e+01	   3.4316980e-02	   5.3523850e-13	
   2.2000000e-01	  -8.9952790e-02	   9.0549681e+01	   3.3177218e-02	   5.3386983e-13	
   2.3000000e-01	  -1.0395405e-01	   8.9777495e+01	   3.2112867e-02	   5.3215146e-13	
   2.4000000e-01	  -1.1451886e-01	   8.9422916e+01	   3.1115282e-02	   5.3085850e-13	
   2.5000000e-01	  -1.2384996e-01	   8.9249837e+01	   3.0176779e-02	   5.2971914e-13	
   2.6000000e-01	  -1.3291161e-01	   8.9120872e+01	   2.9290702e-02	   5.2861502e-13	
   2.7000000e-01	  -1.3747612e-01	   8.9703157e+01	   2.8451525e-02	   5.2805973e-13	
   2.8000000e-01	  -1.3619948e-01	   9.0915348e+01	   2.7654938e-02	   5.2821498e-13	
   2.9000000e-01	  -1.3558662e-01	   9.1804160e+01	   2.6897832e-02	   5.2828952e-13	
   3.0000000e-01	  -1.4317873e-01	   9.1872074e+01	   2.6178155e-02	   5.2736680e-13	
   3.1000000e-01	  -1.5875151e-01	   9.1187374e+01	   2.5494619e-02	   5.2547917e-13	
   3.2000000e-01	  -1.7497876e-01	   9.0299813e+01	   2.4846325e-02	   5.2351940e-13	
   3.3000000e-01	  -1.8554505e-01	   9.0024369e+01	   2.4232390e-02	   5.2224724e-13	
   3.4000000e-01	  -1.9051704e-01	   9.0466640e+01	   2.3651673e-02	   5.2164969e-13	
   3.5000000e-01	  -1.9421355e-01	   9.1005720e+01	   2.3102644e-02	   5.2120588e-13	
   3.6000000e-01	  -1.9994955e-01	   9.1285588e+01	   2.2583397e-02	   5.2051794e-13	
   3.7000000e-01	  -2.0756434e-01	   9.1368232e+01	   2.2091751e-02	   5.1960608e-13	
   3.8000000e-01	  -2.1484341e-01	   9.1481426e+01	   2.1625394e-02	   5.1873592e-13	
   3.9000000e-01	  -2.2015951e-01	   9.1769631e+01	   2.1182011e-02	   5.1810133e-13	
   4.0000000e-01	  -2.2375057e-01	   9.2180903e+01	   2.0759384e-02	   5.1767310e-13	
   4.1000000e-01	  -2.2713956e-01	   9.2570745e+01	   2.0355455e-02	   5.1726930e-13	
   4.2000000e-01	  -2.3177115e-01	   9.2842539e+01	   1.9968359e-02	   5.1671795e-13	
   4.3000000e-01	  -2.3807675e-01	   9.2987242e+01	   1.9596434e-02	   5.1596826e-13	
   4.4000000e-01	  -2.4544104e-01	   9.3058047e+01	   1.9238223e-02	   5.1509408e-13	
   4.5000000e-01	  -2.5281305e-01	   9.3127240e+01	   1.8892461e-02	   5.1422046e-13	
   4.6000000e-01	  -2.5941806e-01	   9.3243825e+01	   1.8558068e-02	   5.1343900e-13	
   4.7000000e-01	  -2.6514865e-01	   9.3410433e+01	   1.8234139e-02	   5.1276195e-13	
   4.8000000e-01	  -2.7051619e-01	   9.3591860e+01	   1.7919935e-02	   5.1212861e-13	
   4.9000000e-01	  -2.7630469e-01	   9.3742559e+01	   1.7614873e-02	   5.1144648e-13	
   5.0000000e-01	  -2.8317205e-01	   9.3829753e+01	   1.7318515e-02	   5.1063838e-13	
   5.1000000e-01	  -2.9139481e-01	   9.3842383e+01	   1.7030555e-02	   5.0967247e-13	
   5.2000000e-01	  -3.0083180e-01	   9.3789181e+01	   1.6750791e-02	   5.0856618e-13	
   5.3000000e-01	  -3.1106948e-01	   9.3691217e+01	   1.6479107e-02	   5.0736875e-13	
   5.4000000e-01	  -3.2164903e-01	   9.3572037e+01	   1.6215440e-02	   5.0613428e-13	
   5.5000000e-01	  -3.3226713e-01	   9.3447900e+01	   1.5959747e-02	   5.0489834e-13	
   5.6000000e-01	  -3.4287427e-01	   9.3321460e+01	   1.5711982e-02	   5.0366669e-13	
   5.7000000e-01	  -3.5364648e-01	   9.3181652e+01	   1.5472069e-02	   5.0241895e-13	
   5.8000000e-01	  -3.6485846e-01	   9.3009615e+01	   1.5239884e-02	   5.0112355e-13	
   5.9000000e-01	  -3.7671913e-01	   9.2787601e+01	   1.5015254e-02	   4.9975684e-13	
   6.0000000e-01	  -3.8923660e-01	   9.2507643e+01	   1.4797950e-02	   4.9831849e-13	
   6.1000000e-01	  -4.0215979e-01	   9.2178461e+01	   1.4587695e-02	   4.9683786e-13	
   6.2000000e-01	  -4.1501078e-01	   9.1830002e+01	   1.4384177e-02	   4.9536986e-13	
   6.3000000e-01	  -4.2718989e-01	   9.1513648e+01	   1.4187057e-02	   4.9398262e-13	
   6.4000000e-01	  -4.3811464e-01	   9.1293754e+01	   1.3995981e-02	   4.9274156e-13	
   6.5000000e-01	  -4.4734874e-01	   9.1227508e+01	   1.3810596e-02	   4.9169499e-13	
   6.6000000e-01	  -4.5468603e-01	   9.1340214e+01	   1.3630551e-02	   4.9086499e-13	
   6.7000000e-01	  -4.6017253e-01	   9.1613860e+01	   1.3455511e-02	   4.9024526e-13	
   6.8000000e-01	  -4.6406895e-01	   9.1998968e+01	   1.3285157e-02	   4.8980562e-13	
   6.9000000e-01	  -4.6677193e-01	   9.2438452e+01	   1.3119192e-02	   4.8950087e-13	
   7.0000000e-01	  -4.6871979e-01	   9.2885849e+01	   1.2957339e-02	   4.8928137e-13	
   7.1000000e-01	  -4.7030755e-01	   9.3311794e+01	   1.2799345e-02	   4.8910252e-13	
   7.2000000e-01	  -4.7182886e-01	   9.3702466e+01	   1.2644979e-02	   4.8893123e-13	
   7.3000000e-01	  -4.7345214e-01	   9.4055135e+01	   1.2494032e-02	   4.8874851e-13	
   7.4000000e-01	  -4.7522885e-01	   9.4373628e+01	   1.2346317e-02	   4.8854860e-13	
   7.5000000e-01	  -4.7712417e-01	   9.4664690e+01	   1.2201666e-02	   4.8833544e-13	
   7.6000000e-01	  -4.7905801e-01	   9.4935396e+01	   1.2059931e-02	   4.8811804e-13	
   7.7000000e-01	  -4.8094358e-01	   9.5191577e+01	   1.1920983e-02	   4.8790616e-13	
   7.8000000e-01	  -4.8271491e-01	   9.5437149e+01	   1.1784711e-02	   4.8770720e-13	
   7.9000000e-01	  -4.8433818e-01	   9.5674192e+01	   1.1651020e-02	   4.8752494e-13	
   8.0000000e-01	  -4.8580743e-01	   9.5903525e+01	   1.1519829e-02	   4.8736004e-13	
   8.1000000e-01	  -4.8712849e-01	   9.6125498e+01	   1.1391073e-02	   4.8721181e-13	
   8.2000000e-01	  -4.8829753e-01	   9.6340717e+01	   1.1264699e-02	   4.8708068e-13	
   8.3000000e-01	  -4.8928114e-01	   9.6550538e+01	   1.1140662e-02	   4.8697038e-13	
   8.4000000e-01	  -4.9000366e-01	   9.6757227e+01	   1.1018928e-02	   4.8688937e-13	
   8.5000000e-01	  -4.9034531e-01	   9.6963779e+01	   1.0899468e-02	   4.8685107e-13	
   8.6000000e-01	  -4.9015193e-01	   9.7173482e+01	   1.0782258e-02	   4.8687275e-13	
   8.7000000e-01	  -4.8925468e-01	   9.7389326e+01	   1.0667275e-02	   4.8697335e-13	
   8.8000000e-01	  -4.8749604e-01	   9.7613403e+01	   1.0554498e-02	   4.8717058e-13	
   8.9000000e-01	  -4.8475695e-01	   9.7846460e+01	   1.0443906e-02	   4.8747794e-13	
   9.0000000e-01	  -4.8098008e-01	   9.8087699e+01	   1.0335475e-02	   4.8790206e-13	
   9.1000000e-01	  -4.7618442e-01	   9.8334875e+01	   1.0229178e-02	   4.8844112e-13	
   9.2000000e-01	  -4.7046859e-01	   9.8584652e+01	   1.0124987e-02	   4.8908439e-13	
   9.3000000e-01	  -4.6400228e-01	   9.8833108e+01	   1.0022869e-02	   4.8981314e-13	
   9.4000000e-01	  -4.5700835e-01	   9.9076261e+01	   9.9227900e-03	   4.9060258e-13	
   9.5000000e-01	  -4.4974001e-01	   9.9310500e+01	   9.8247122e-03	   4.9142434e-13	
   9.6000000e-01	  -4.4245844e-01	   9.9532850e+01	   9.7285962e-03	   4.9224897e-13	
   9.7000000e-01	  -4.3541590e-01	   9.9741060e+01	   9.6344014e-03	   4.9304785e-13	
   9.8000000e-01	  -4.2884657e-01	   9.9933536e+01	   9.5420860e-03	   4.9379422e-13	
   9.9000000e-01	  -4.2296519e-01	   1.0010919e+02	   9.4516080e-03	   4.9446339e-13	
   1.0000000e+00	  -4.1797021e-01	   1.0026728e+02	   9.3629255e-03	   4.9503242e-13	
