   0.0000000e+00	   0.0000000e+00	   0.0000000e+00	   1.0494312e-01	   5.4504287e-13	
   1.0000000e-02	   3.5721166e-03	   8.3660784e+01	   8.8456638e-02	   5.4549135e-13	
   2.0000000e-02	   2.8924034e-03	   8.5624905e+01	   7.7158877e-02	   5.4540599e-13	
   3.0000000e-02	  -8.1203428e-03	   8.2745547e+01	   6.8859543e-02	   5.4402471e-13	
   4.0000000e-02	  -1.9291287e-02	   7.4130682e+01	   6.2395277e-02	   5.4262716e-13	
   5.0000000e-02	  -1.9698350e-02	   8.3610282e+01	   5.7263884e-02	   5.4257631e-13	
   6.0000000e-02	  -2.1412298e-02	   8.6052201e+01	   5.3080001e-02	   5.4236222e-13	
   7.0000000e-02	  -3.5619095e-02	   8.2541455e+01	   4.9544675e-02	   5.4059092e-13	
   8.0000000e-02	  -4.2628489e-02	   8.2940931e+01	   4.6493515e-02	   5.3971913e-13	
   9.0000000e-02	  -5.3225574e-02	   8.0184543e+01	   4.3844159e-02	   5.3840378e-13	
   1.0000000e-01	  -5.3795537e-02	   8.5320119e+01	   4.1536390e-02	   5.3833313e-13	
   1.1000000e-01	  -6.1865672e-02	   8.5293079e+01	   3.9510630e-02	   5.3733372e-13	
   1.2000000e-01	  -7.0966616e-02	   8.4859140e+01	   3.7711413e-02	   5.3620888e-13	
   1.3000000e-01	  -8.5203666e-02	   8.0484358e+01	   3.6092767e-02	   5.3445395e-13	
   1.4000000e-01	  -9.2900139e-02	   8.1108924e+01	   3.4619080e-02	   5.3350764e-13	
   1.5000000e-01	  -9.7593391e-02	   8.3864813e+01	   3.3263979e-02	   5.3293141e-13	
   1.6000000e-01	  -1.0313264e-01	   8.5205873e+01	   3.2009091e-02	   5.3225211e-13	
   1.7000000e-01	  -1.1079424e-01	   8.5473371e+01	   3.0842765e-02	   5.3131397e-13	
   1.8000000e-01	  -1.2348291e-01	   8.3317831e+01	   2.9758264e-02	   5.2976391e-13	
   1.9000000e-01	  -1.3479699e-01	   8.0845186e+01	   2.8751426e-02	   5.2838558e-13	
   2.0000000e-01	  -1.4217626e-01	   8.1861913e+01	   2.7818429e-02	   5.2748855e-13	
   2.1000000e-01	  -1.4969862e-01	   8.2586414e+01	   2.6954462e-02	   5.2657568e-13	
   2.2000000e-01	  -1.5753044e-01	   8.3007609e+01	   2.6153508e-02	   5.2562694e-13	
   2.3000000e-01	  -1.6470305e-01	   8.3792340e+01	   2.5408888e-02	   5.2475955e-13	
   2.4000000e-01	  -1.7292714e-01	   8.3915676e+01	   2.4713961e-02	   5.2376678e-13	
   2.5000000e-01	  -1.8296889e-01	   8.2939799e+01	   2.4062645e-02	   5.2255712e-13	
   2.6000000e-01	  -1.9310935e-01	   8.1607787e+01	   2.3449657e-02	   5.2133841e-13	
   2.7000000e-01	  -2.0178247e-01	   8.1437307e+01	   2.2870540e-02	   5.2029831e-13	
   2.8000000e-01	  -2.0927756e-01	   8.2323116e+01	   2.2321589e-02	   5.1940115e-13	
   2.9000000e-01	  -2.1683152e-01	   8.3024310e+01	   2.1799731e-02	   5.1849850e-13	
   3.0000000e-01	  -2.2511456e-01	   8.3184235e+01	   2.1302421e-02	   5.1751055e-13	
   3.1000000e-01	  -2.3382634e-01	   8.3068534e+01	   2.0827541e-02	   5.1647348e-13	
   3.2000000e-01	  -2.4237089e-01	   8.3067991e+01	   2.0373327e-02	   5.1545834e-13	
   3.3000000e-01	  -2.5059325e-01	   8.3279731e+01	   1.9938304e-02	   5.1448336e-13	
   3.4000000e-01	  -2.5883906e-01	   8.3470383e+01	   1.9521219e-02	   5.1350746e-13	
   3.5000000e-01	  -2.6747552e-01	   8.3424718e+01	   1.9120992e-02	   5.1248730e-13	
   3.6000000e-01	  -2.7648160e-01	   8.3149654e+01	   1.8736662e-02	   5.1142564e-13	
   3.7000000e-01	  -2.8545555e-01	   8.2882172e+01	   1.8367356e-02	   5.1036996e-13	
   3.8000000e-01	  -2.9391787e-01	   8.2958707e+01	   1.8012250e-02	   5.0937646e-13	
   3.9000000e-01	  -3.0163284e-01	   8.3501763e+01	   1.7670562e-02	   5.0847239e-13	
   4.0000000e-01	  -3.0879419e-01	   8.4267394e+01	   1.7341533e-02	   5.0763463e-13	
   4.1000000e-01	  -3.1601532e-01	   8.4891907e+01	   1.7024431e-02	   5.0679127e-13	
   4.2000000e-01	  -3.2407269e-01	   8.5110464e+01	   1.6718545e-02	   5.0585191e-13	
   4.3000000e-01	  -3.3345298e-01	   8.4775833e+01	   1.6423195e-02	   5.0476050e-13	
   4.4000000e-01	  -3.4396783e-01	   8.3842226e+01	   1.6137728e-02	   5.0353989e-13	
   4.5000000e-01	  -3.5476494e-01	   8.2454821e+01	   1.5861526e-02	   5.0228958e-13	
   4.6000000e-01	  -3.6480186e-01	   8.1236968e+01	   1.5594004e-02	   5.0113008e-13	
   4.7000000e-01	  -3.7346350e-01	   8.1185372e+01	   1.5334620e-02	   5.0013162e-13	
   4.8000000e-01	  -3.8088086e-01	   8.2229754e+01	   1.5082878e-02	   4.9927817e-13	
   4.9000000e-01	  -3.8776625e-01	   8.3397000e+01	   1.4838326e-02	   4.9848723e-13	
   5.0000000e-01	  -3.9494888e-01	   8.4168876e+01	   1.4600571e-02	   4.9766348e-13	
   5.1000000e-01	  -4.0294330e-01	   8.4462183e+01	   1.4369271e-02	   4.9674823e-13	
   5.2000000e-01	  -4.1176803e-01	   8.4360771e+01	   1.4144143e-02	   4.9573988e-13	
   5.3000000e-01	  -4.2103844e-01	   8.4037237e+01	   1.3924960e-02	   4.9468281e-13	
   5.4000000e-01	  -4.3023663e-01	   8.3729299e+01	   1.3711544e-02	   4.9363620e-13	
   5.5000000e-01	  -4.3901307e-01	   8.3640245e+01	   1.3503763e-02	   4.9263964e-13	
   5.6000000e-01	  -4.4736787e-01	   8.3782155e+01	   1.3301517e-02	   4.9169283e-13	
   5.7000000e-01	  -4.5561407e-01	   8.3975447e+01	   1.3104732e-02	   4.9076011e-13	
   5.8000000e-01	  -4.6415279e-01	   8.4014877e+01	   1.2913345e-02	   4.8979617e-13	
   5.9000000e-01	  -4.7321332e-01	   8.3785324e+01	   1.2727299e-02	   4.8877539e-13	
   6.0000000e-01	  -4.8272532e-01	   8.3283799e+01	   1.2546528e-02	   4.8770603e-13	
   6.1000000e-01	  -4.9238088e-01	   8.2622094e+01	   1.2370958e-02	   4.8662293e-13	
   6.2000000e-01	  -5.0181161e-01	   8.2028042e+01	   1.2200496e-02	   4.8556737e-13	
   6.3000000e-01	  -5.1075549e-01	   8.1772991e+01	   1.2035038e-02	   4.8456842e-13	
   6.4000000e-01	  -5.1913536e-01	   8.1979694e+01	   1.1874460e-02	   4.8363433e-13	
   6.5000000e-01	  -5.2704857e-01	   8.2518751e+01	   1.1718627e-02	   4.8275391e-13	
   6.6000000e-01	  -5.3470902e-01	   8.3153504e+01	   1.1567394e-02	   4.8190314e-13	
   6.7000000e-01	  -5.4237687e-01	   8.3701991e+01	   1.1420608e-02	   4.8105305e-13	
   6.8000000e-01	  -5.5029064e-01	   8.4068940e+01	   1.1278108e-02	   4.8017727e-13	
   6.9000000e-01	  -5.5860906e-01	   8.4219564e+01	   1.1139732e-02	   4.7925842e-13	
   7.0000000e-01	  -5.6737455e-01	   8.4156383e+01	   1.1005318e-02	   4.7829210e-13	
   7.1000000e-01	  -5.7651225e-01	   8.3908927e+01	   1.0874701e-02	   4.7728681e-13	
   7.2000000e-01	  -5.8586692e-01	   8.3530358e+01	   1.0747716e-02	   4.7625985e-13	
   7.3000000e-01	  -5.9526194e-01	   8.3093468e+01	   1.0624201e-02	   4.7523067e-13	
   7.4000000e-01	  -6.0455387e-01	   8.2679501e+01	   1.0503993e-02	   4.7421498e-13	
   7.5000000e-01	  -6.1366122e-01	   8.2358551e+01	   1.0386933e-02	   4.7322158e-13	
   7.6000000e-01	  -6.2256241e-01	   8.2170553e+01	   1.0272862e-02	   4.7225267e-13	
   7.7000000e-01	  -6.3127488e-01	   8.2119939e+01	   1.0161623e-02	   4.7130622e-13	
   7.8000000e-01	  -6.3983332e-01	   8.2185084e+01	   1.0053063e-02	   4.7037835e-13	
   7.9000000e-01	  -6.4827918e-01	   8.2330796e+01	   9.9470309e-03	   4.6946448e-13	
   8.0000000e-01	  -6.5666120e-01	   8.2515647e+01	   9.8433805e-03	   4.6855927e-13	
   8.1000000e-01	  -6.6503808e-01	   8.2696192e+01	   9.7419688e-03	   4.6765637e-13	
   8.2000000e-01	  -6.7347388e-01	   8.2832256e+01	   9.6426574e-03	   4.6674887e-13	
   8.3000000e-01	  -6.8202437e-01	   8.2893347e+01	   9.5453131e-03	   4.6583082e-13	
   8.4000000e-01	  -6.9072027e-01	   8.2863791e+01	   9.4498079e-03	   4.6489902e-13	
   8.5000000e-01	  -6.9955733e-01	   8.2744970e+01	   9.3560199e-03	   4.6395400e-13	
   8.6000000e-01	  -7.0849897e-01	   8.2554351e+01	   9.2638332e-03	   4.6299976e-13	
   8.7000000e-01	  -7.1749008e-01	   8.2321540e+01	   9.1731388e-03	   4.6204221e-13	
   8.8000000e-01	  -7.2647442e-01	   8.2082029e+01	   9.0838349e-03	   4.6108736e-13	
   8.9000000e-01	  -7.3540724e-01	   8.1870292e+01	   8.9958270e-03	   4.6013994e-13	
   9.0000000e-01	  -7.4425921e-01	   8.1714565e+01	   8.9090293e-03	   4.5920302e-13	
   9.1000000e-01	  -7.5301387e-01	   8.1634377e+01	   8.8233645e-03	   4.5827828e-13	
   9.2000000e-01	  -7.6166400e-01	   8.1639373e+01	   8.7387645e-03	   4.5736640e-13	
   9.3000000e-01	  -7.7021121e-01	   8.1727382e+01	   8.6551714e-03	   4.5646716e-13	
   9.4000000e-01	  -7.7866916e-01	   8.1882504e+01	   8.5725374e-03	   4.5557905e-13	
   9.5000000e-01	  -7.8706632e-01	   8.2076515e+01	   8.4908258e-03	   4.5469903e-13	
   9.6000000e-01	  -7.9544387e-01	   8.2275205e+01	   8.4100107e-03	   4.5382276e-13	
   9.7000000e-01	  -8.0384722e-01	   8.2447119e+01	   8.3300777e-03	   4.5294549e-13	
   9.8000000e-01	  -8.1231405e-01	   8.2570636e+01	   8.2510231e-03	   4.5206330e-13	
   9.9000000e-01	  -8.2086460e-01	   8.2636948e+01	   8.1728541e-03	   4.5117414e-13	
   1.0000000e+00	  -8.2949891e-01	   8.2648919e+01	   8.0955877e-03	   4.5027804e-13	
