   0.0000000e+00	   0.0000000e+00	   0.0000000e+00	   1.0494312e-01	   5.4504287e-13	
   1.0000000e-02	   3.5773487e-03	   8.3681362e+01	   8.8456638e-02	   5.4549201e-13	
   2.0000000e-02	   2.7489093e-03	   8.5586638e+01	   7.7158877e-02	   5.4538797e-13	
   3.0000000e-02	  -8.2299897e-03	   8.2686559e+01	   6.8859543e-02	   5.4401097e-13	
   4.0000000e-02	  -1.9146317e-02	   7.4948676e+01	   6.2395277e-02	   5.4264528e-13	
   5.0000000e-02	  -1.9807447e-02	   8.3569340e+01	   5.7263884e-02	   5.4256268e-13	
   6.0000000e-02	  -2.1545432e-02	   8.6027607e+01	   5.3080001e-02	   5.4234559e-13	
   7.0000000e-02	  -3.6185142e-02	   8.2110655e+01	   4.9544675e-02	   5.4052047e-13	
   8.0000000e-02	  -4.3166590e-02	   8.2576087e+01	   4.6493515e-02	   5.3965226e-13	
   9.0000000e-02	  -5.2643576e-02	   8.0954382e+01	   4.3844159e-02	   5.3847594e-13	
   1.0000000e-01	  -5.3653135e-02	   8.5406722e+01	   4.1536390e-02	   5.3835078e-13	
   1.1000000e-01	  -6.2271376e-02	   8.5152217e+01	   3.9510630e-02	   5.3728352e-13	
   1.2000000e-01	  -7.2245049e-02	   8.4268170e+01	   3.7711413e-02	   5.3605105e-13	
   1.3000000e-01	  -8.6067495e-02	   7.9330249e+01	   3.6092767e-02	   5.3434766e-13	
   1.4000000e-01	  -9.2386549e-02	   8.1682164e+01	   3.4619080e-02	   5.3357074e-13	
   1.5000000e-01	  -9.7184605e-02	   8.4128170e+01	   3.3263979e-02	   5.3298158e-13	
   1.6000000e-01	  -1.0320781e-01	   8.5205953e+01	   3.2009091e-02	   5.3224290e-13	
   1.7000000e-01	  -1.1215712e-01	   8.4935874e+01	   3.0842765e-02	   5.3114726e-13	
   1.8000000e-01	  -1.2522621e-01	   8.2073118e+01	   2.9758264e-02	   5.2955130e-13	
   1.9000000e-01	  -1.3522058e-01	   8.0402955e+01	   2.8751426e-02	   5.2833405e-13	
   2.0000000e-01	  -1.4194599e-01	   8.2111536e+01	   2.7818429e-02	   5.2751651e-13	
   2.1000000e-01	  -1.4965581e-01	   8.2662785e+01	   2.6954462e-02	   5.2658087e-13	
   2.2000000e-01	  -1.5751095e-01	   8.3062395e+01	   2.6153508e-02	   5.2562930e-13	
   2.3000000e-01	  -1.6488794e-01	   8.3723225e+01	   2.5408888e-02	   5.2473721e-13	
   2.4000000e-01	  -1.7354474e-01	   8.3598341e+01	   2.4713961e-02	   5.2369230e-13	
   2.5000000e-01	  -1.8353955e-01	   8.2572034e+01	   2.4062645e-02	   5.2248846e-13	
   2.6000000e-01	  -1.9306277e-01	   8.1704606e+01	   2.3449657e-02	   5.2134400e-13	
   2.7000000e-01	  -2.0120336e-01	   8.2018075e+01	   2.2870540e-02	   5.2036769e-13	
   2.8000000e-01	  -2.0869064e-01	   8.2809947e+01	   2.2321589e-02	   5.1947134e-13	
   2.9000000e-01	  -2.1655753e-01	   8.3247494e+01	   2.1799731e-02	   5.1853122e-13	
   3.0000000e-01	  -2.2502349e-01	   8.3285619e+01	   2.1302421e-02	   5.1752140e-13	
   3.1000000e-01	  -2.3363063e-01	   8.3239898e+01	   2.0827541e-02	   5.1649675e-13	
   3.2000000e-01	  -2.4202416e-01	   8.3334639e+01	   2.0373327e-02	   5.1549949e-13	
   3.3000000e-01	  -2.5035027e-01	   8.3472091e+01	   1.9938304e-02	   5.1451215e-13	
   3.4000000e-01	  -2.5896621e-01	   8.3435533e+01	   1.9521219e-02	   5.1349242e-13	
   3.5000000e-01	  -2.6796545e-01	   8.3161053e+01	   1.9120992e-02	   5.1242949e-13	
   3.6000000e-01	  -2.7705073e-01	   8.2812731e+01	   1.8736662e-02	   5.1135863e-13	
   3.7000000e-01	  -2.8577113e-01	   8.2707626e+01	   1.8367356e-02	   5.1033288e-13	
   3.8000000e-01	  -2.9382798e-01	   8.3062640e+01	   1.8012250e-02	   5.0938701e-13	
   3.9000000e-01	  -3.0126449e-01	   8.3753548e+01	   1.7670562e-02	   5.0851552e-13	
   4.0000000e-01	  -3.0851594e-01	   8.4438380e+01	   1.7341533e-02	   5.0766715e-13	
   4.1000000e-01	  -3.1627801e-01	   8.4811681e+01	   1.7024431e-02	   5.0676062e-13	
   4.2000000e-01	  -3.2514807e-01	   8.4684556e+01	   1.6718545e-02	   5.0572666e-13	
   4.3000000e-01	  -3.3519468e-01	   8.3975694e+01	   1.6423195e-02	   5.0455811e-13	
   4.4000000e-01	  -3.4580138e-01	   8.2760970e+01	   1.6137728e-02	   5.0332734e-13	
   4.5000000e-01	  -3.5598890e-01	   8.1489418e+01	   1.5861526e-02	   5.0214804e-13	
   4.6000000e-01	  -3.6501214e-01	   8.1083446e+01	   1.5594004e-02	   5.0110582e-13	
   4.7000000e-01	  -3.7278262e-01	   8.1862367e+01	   1.5334620e-02	   5.0021003e-13	
   4.8000000e-01	  -3.7983868e-01	   8.3013892e+01	   1.5082878e-02	   4.9939799e-13	
   4.9000000e-01	  -3.8696512e-01	   8.3883833e+01	   1.4838326e-02	   4.9857919e-13	
   5.0000000e-01	  -3.9476770e-01	   8.4291180e+01	   1.4600571e-02	   4.9768424e-13	
   5.1000000e-01	  -4.0343042e-01	   8.4263888e+01	   1.4369271e-02	   4.9669252e-13	
   5.2000000e-01	  -4.1271206e-01	   8.3924311e+01	   1.4144143e-02	   4.9563213e-13	
   5.3000000e-01	  -4.2213555e-01	   8.3476747e+01	   1.3924960e-02	   4.9455786e-13	
   5.4000000e-01	  -4.3127319e-01	   8.3162190e+01	   1.3711544e-02	   4.9351839e-13	
   5.5000000e-01	  -4.3998280e-01	   8.3103260e+01	   1.3503763e-02	   4.9252965e-13	
   5.6000000e-01	  -4.4845278e-01	   8.3194347e+01	   1.3301517e-02	   4.9157001e-13	
   5.7000000e-01	  -4.5702940e-01	   8.3219285e+01	   1.3104732e-02	   4.9060020e-13	
   5.8000000e-01	  -4.6595814e-01	   8.3026139e+01	   1.2913345e-02	   4.8959260e-13	
   5.9000000e-01	  -4.7522577e-01	   8.2594271e+01	   1.2727299e-02	   4.8854895e-13	
   6.0000000e-01	  -4.8459084e-01	   8.2041251e+01	   1.2546528e-02	   4.8749658e-13	
   6.1000000e-01	  -4.9374214e-01	   8.1603714e+01	   1.2370958e-02	   4.8647043e-13	
   6.2000000e-01	  -5.0245977e-01	   8.1526116e+01	   1.2200496e-02	   4.8549491e-13	
   6.3000000e-01	  -5.1069689e-01	   8.1863972e+01	   1.2035038e-02	   4.8457496e-13	
   6.4000000e-01	  -5.1857665e-01	   8.2442586e+01	   1.1874460e-02	   4.8369656e-13	
   6.5000000e-01	  -5.2633681e-01	   8.3027977e+01	   1.1718627e-02	   4.8283304e-13	
   6.6000000e-01	  -5.3425013e-01	   8.3456612e+01	   1.1567394e-02	   4.8195406e-13	
   6.7000000e-01	  -5.4253852e-01	   8.3647181e+01	   1.1420608e-02	   4.8103515e-13	
   6.8000000e-01	  -5.5130240e-01	   8.3575600e+01	   1.1278108e-02	   4.8006541e-13	
   6.9000000e-01	  -5.6049184e-01	   8.3259415e+01	   1.1139732e-02	   4.7905070e-13	
   7.0000000e-01	  -5.6993387e-01	   8.2756493e+01	   1.1005318e-02	   4.7801032e-13	
   7.1000000e-01	  -5.7940362e-01	   8.2169920e+01	   1.0874701e-02	   4.7696916e-13	
   7.2000000e-01	  -5.8870401e-01	   8.1641999e+01	   1.0747716e-02	   4.7594882e-13	
   7.3000000e-01	  -5.9771824e-01	   8.1314764e+01	   1.0624201e-02	   4.7496197e-13	
   7.4000000e-01	  -6.0641947e-01	   8.1262847e+01	   1.0503993e-02	   4.7401132e-13	
   7.5000000e-01	  -6.1484804e-01	   8.1458868e+01	   1.0386933e-02	   4.7309227e-13	
   7.6000000e-01	  -6.2307954e-01	   8.1809556e+01	   1.0272862e-02	   4.7219644e-13	
   7.7000000e-01	  -6.3120267e-01	   8.2214260e+01	   1.0161623e-02	   4.7131406e-13	
   7.8000000e-01	  -6.3931033e-01	   8.2594106e+01	   1.0053063e-02	   4.7043500e-13	
   7.9000000e-01	  -6.4749523e-01	   8.2894254e+01	   9.9470309e-03	   4.6954923e-13	
   8.0000000e-01	  -6.5583999e-01	   8.3079234e+01	   9.8433805e-03	   4.6864788e-13	
   8.1000000e-01	  -6.6440000e-01	   8.3130471e+01	   9.7419688e-03	   4.6772508e-13	
   8.2000000e-01	  -6.7318711e-01	   8.3046293e+01	   9.6426574e-03	   4.6677969e-13	
   8.3000000e-01	  -6.8216479e-01	   8.2842497e+01	   9.5453131e-03	   4.6581576e-13	
   8.4000000e-01	  -6.9125970e-01	   8.2551732e+01	   9.4498079e-03	   4.6484128e-13	
   8.5000000e-01	  -7.0038460e-01	   8.2220218e+01	   9.3560199e-03	   4.6386563e-13	
   8.6000000e-01	  -7.0946153e-01	   8.1900948e+01	   9.2638332e-03	   4.6289715e-13	
   8.7000000e-01	  -7.1843534e-01	   8.1644329e+01	   9.1731388e-03	   4.6194165e-13	
   8.8000000e-01	  -7.2727512e-01	   8.1489223e+01	   9.0838349e-03	   4.6100236e-13	
   8.9000000e-01	  -7.3596858e-01	   8.1456942e+01	   8.9958270e-03	   4.6008047e-13	
   9.0000000e-01	  -7.4451707e-01	   8.1548256e+01	   8.9090293e-03	   4.5917576e-13	
   9.1000000e-01	  -7.5293558e-01	   8.1742926e+01	   8.8233645e-03	   4.5828654e-13	
   9.2000000e-01	  -7.6125582e-01	   8.2003269e+01	   8.7387645e-03	   4.5740939e-13	
   9.3000000e-01	  -7.6952679e-01	   8.2282862e+01	   8.6551714e-03	   4.5653910e-13	
   9.4000000e-01	  -7.7780808e-01	   8.2537706e+01	   8.5725374e-03	   4.5566939e-13	
   9.5000000e-01	  -7.8615661e-01	   8.2735149e+01	   8.4908258e-03	   4.5479428e-13	
   9.6000000e-01	  -7.9461237e-01	   8.2857912e+01	   8.4100107e-03	   4.5390966e-13	
   9.7000000e-01	  -8.0319022e-01	   8.2903382e+01	   8.3300777e-03	   4.5301401e-13	
   9.8000000e-01	  -8.1188136e-01	   8.2879765e+01	   8.2510231e-03	   4.5210835e-13	
   9.9000000e-01	  -8.2066224e-01	   8.2800927e+01	   8.1728541e-03	   4.5119516e-13	
   1.0000000e+00	  -8.2950502e-01	   8.2681846e+01	   8.0955877e-03	   4.5027741e-13	
