   0.0000000e+00	   0.0000000e+00	   0.0000000e+00	   1.0494312e-01	   5.4504287e-13	
   1.0000000e-02	   3.5882810e-03	   8.3751481e+01	   8.8456638e-02	   5.4549338e-13	
   2.0000000e-02	   2.2004076e-03	   8.5431346e+01	   7.7158877e-02	   5.4531909e-13	
   3.0000000e-02	  -8.5389433e-03	   8.2534619e+01	   6.8859543e-02	   5.4397227e-13	
   4.0000000e-02	  -1.8328206e-02	   7.7831603e+01	   6.2395277e-02	   5.4274751e-13	
   5.0000000e-02	  -2.0248128e-02	   8.3386376e+01	   5.7263884e-02	   5.4250763e-13	
   6.0000000e-02	  -2.2760544e-02	   8.5660124e+01	   5.3080001e-02	   5.4219387e-13	
   7.0000000e-02	  -3.7646631e-02	   8.0779219e+01	   4.9544675e-02	   5.4033860e-13	
   8.0000000e-02	  -4.4670954e-02	   8.1376787e+01	   4.6493515e-02	   5.3946536e-13	
   9.0000000e-02	  -5.0028076e-02	   8.3337692e+01	   4.3844159e-02	   5.3880033e-13	
   1.0000000e-01	  -5.4475057e-02	   8.5167747e+01	   4.1536390e-02	   5.3824890e-13	
   1.1000000e-01	  -6.4559384e-02	   8.4167566e+01	   3.9510630e-02	   5.3700054e-13	
   1.2000000e-01	  -7.6741779e-02	   8.1086446e+01	   3.7711413e-02	   5.3549631e-13	
   1.3000000e-01	  -8.6357959e-02	   7.9138944e+01	   3.6092767e-02	   5.3431192e-13	
   1.4000000e-01	  -9.0016293e-02	   8.3632460e+01	   3.4619080e-02	   5.3386203e-13	
   1.5000000e-01	  -9.6934879e-02	   8.4388729e+01	   3.3263979e-02	   5.3301223e-13	
   1.6000000e-01	  -1.0557472e-01	   8.4211636e+01	   3.2009091e-02	   5.3195291e-13	
   1.7000000e-01	  -1.1752729e-01	   8.1663908e+01	   3.0842765e-02	   5.3049089e-13	
   1.8000000e-01	  -1.2759871e-01	   7.9610990e+01	   2.9758264e-02	   5.2926209e-13	
   1.9000000e-01	  -1.3339357e-01	   8.2416057e+01	   2.8751426e-02	   5.2855636e-13	
   2.0000000e-01	  -1.4079652e-01	   8.3139651e+01	   2.7818429e-02	   5.2765615e-13	
   2.1000000e-01	  -1.4960212e-01	   8.2858199e+01	   2.6954462e-02	   5.2658738e-13	
   2.2000000e-01	  -1.5741611e-01	   8.3271954e+01	   2.6153508e-02	   5.2564078e-13	
   2.3000000e-01	  -1.6548763e-01	   8.3501015e+01	   2.5408888e-02	   5.2466476e-13	
   2.4000000e-01	  -1.7454007e-01	   8.3110371e+01	   2.4713961e-02	   5.2357229e-13	
   2.5000000e-01	  -1.8353763e-01	   8.2735427e+01	   2.4062645e-02	   5.2248869e-13	
   2.6000000e-01	  -1.9192491e-01	   8.2803547e+01	   2.3449657e-02	   5.2148061e-13	
   2.7000000e-01	  -2.0011731e-01	   8.3015919e+01	   2.2870540e-02	   5.2049784e-13	
   2.8000000e-01	  -2.0854867e-01	   8.3067067e+01	   2.2321589e-02	   5.1948833e-13	
   2.9000000e-01	  -2.1718224e-01	   8.2988218e+01	   2.1799731e-02	   5.1845663e-13	
   3.0000000e-01	  -2.2584434e-01	   8.2895425e+01	   2.1302421e-02	   5.1742359e-13	
   3.1000000e-01	  -2.3460365e-01	   8.2737186e+01	   2.0827541e-02	   5.1638105e-13	
   3.2000000e-01	  -2.4360532e-01	   8.2393107e+01	   2.0373327e-02	   5.1531185e-13	
   3.3000000e-01	  -2.5272133e-01	   8.1927872e+01	   1.9938304e-02	   5.1423132e-13	
   3.4000000e-01	  -2.6160775e-01	   8.1633549e+01	   1.9521219e-02	   5.1318019e-13	
   3.5000000e-01	  -2.7005268e-01	   8.1743507e+01	   1.9120992e-02	   5.1218327e-13	
   3.6000000e-01	  -2.7812712e-01	   8.2169065e+01	   1.8736662e-02	   5.1123190e-13	
   3.7000000e-01	  -2.8606513e-01	   8.2659149e+01	   1.8367356e-02	   5.1029833e-13	
   3.8000000e-01	  -2.9414586e-01	   8.3005390e+01	   1.8012250e-02	   5.0934972e-13	
   3.9000000e-01	  -3.0264429e-01	   8.3058350e+01	   1.7670562e-02	   5.0835398e-13	
   4.0000000e-01	  -3.1169818e-01	   8.2733281e+01	   1.7341533e-02	   5.0729530e-13	
   4.1000000e-01	  -3.2113250e-01	   8.2082167e+01	   1.7024431e-02	   5.0619449e-13	
   4.2000000e-01	  -3.3049767e-01	   8.1390422e+01	   1.6718545e-02	   5.0510410e-13	
   4.3000000e-01	  -3.3937654e-01	   8.1108053e+01	   1.6423195e-02	   5.0407250e-13	
   4.4000000e-01	  -3.4767173e-01	   8.1410862e+01	   1.6137728e-02	   5.0311062e-13	
   4.5000000e-01	  -3.5561450e-01	   8.2000776e+01	   1.5861526e-02	   5.0219133e-13	
   4.6000000e-01	  -3.6356619e-01	   8.2513427e+01	   1.5594004e-02	   5.0127269e-13	
   4.7000000e-01	  -3.7183431e-01	   8.2755476e+01	   1.5334620e-02	   5.0031927e-13	
   4.8000000e-01	  -3.8057541e-01	   8.2659612e+01	   1.5082878e-02	   4.9931328e-13	
   4.9000000e-01	  -3.8973439e-01	   8.2247322e+01	   1.4838326e-02	   4.9826137e-13	
   5.0000000e-01	  -3.9904480e-01	   8.1661614e+01	   1.4600571e-02	   4.9719434e-13	
   5.1000000e-01	  -4.0816753e-01	   8.1180580e+01	   1.4369271e-02	   4.9615104e-13	
   5.2000000e-01	  -4.1691143e-01	   8.1050927e+01	   1.4144143e-02	   4.9515312e-13	
   5.3000000e-01	  -4.2534373e-01	   8.1236453e+01	   1.3924960e-02	   4.9419266e-13	
   5.4000000e-01	  -4.3368873e-01	   8.1496231e+01	   1.3711544e-02	   4.9324397e-13	
   5.5000000e-01	  -4.4212950e-01	   8.1657384e+01	   1.3503763e-02	   4.9228625e-13	
   5.6000000e-01	  -4.5069676e-01	   8.1703935e+01	   1.3301517e-02	   4.9131609e-13	
   5.7000000e-01	  -4.5930032e-01	   8.1719675e+01	   1.3104732e-02	   4.9034373e-13	
   5.8000000e-01	  -4.6782518e-01	   8.1804430e+01	   1.2913345e-02	   4.8938217e-13	
   5.9000000e-01	  -4.7621198e-01	   8.2002488e+01	   1.2727299e-02	   4.8843802e-13	
   6.0000000e-01	  -4.8449952e-01	   8.2269005e+01	   1.2546528e-02	   4.8750683e-13	
   6.1000000e-01	  -4.9282339e-01	   8.2494201e+01	   1.2370958e-02	   4.8657335e-13	
   6.2000000e-01	  -5.0135575e-01	   8.2562901e+01	   1.2200496e-02	   4.8561834e-13	
   6.3000000e-01	  -5.1020227e-01	   8.2406287e+01	   1.2035038e-02	   4.8463015e-13	
   6.4000000e-01	  -5.1932295e-01	   8.2031696e+01	   1.1874460e-02	   4.8361344e-13	
   6.5000000e-01	  -5.2854114e-01	   8.1538443e+01	   1.1718627e-02	   4.8258803e-13	
   6.6000000e-01	  -5.3763582e-01	   8.1109186e+01	   1.1567394e-02	   4.8157849e-13	
   6.7000000e-01	  -5.4644696e-01	   8.0936481e+01	   1.1420608e-02	   4.8060243e-13	
   6.8000000e-01	  -5.5492680e-01	   8.1097454e+01	   1.1278108e-02	   4.7966494e-13	
   6.9000000e-01	  -5.6312675e-01	   8.1510457e+01	   1.1139732e-02	   4.7876014e-13	
   7.0000000e-01	  -5.7115738e-01	   8.2023139e+01	   1.1005318e-02	   4.7787567e-13	
   7.1000000e-01	  -5.7915731e-01	   8.2502362e+01	   1.0874701e-02	   4.7699621e-13	
   7.2000000e-01	  -5.8727429e-01	   8.2857274e+01	   1.0747716e-02	   4.7610553e-13	
   7.3000000e-01	  -5.9564116e-01	   8.3031304e+01	   1.0624201e-02	   4.7518918e-13	
   7.4000000e-01	  -6.0433860e-01	   8.2995552e+01	   1.0503993e-02	   4.7423849e-13	
   7.5000000e-01	  -6.1336135e-01	   8.2749473e+01	   1.0386933e-02	   4.7325425e-13	
   7.6000000e-01	  -6.2261359e-01	   8.2325924e+01	   1.0272862e-02	   4.7224710e-13	
   7.7000000e-01	  -6.3194314e-01	   8.1796192e+01	   1.0161623e-02	   4.7123370e-13	
   7.8000000e-01	  -6.4119731e-01	   8.1266831e+01	   1.0053063e-02	   4.7023065e-13	
   7.9000000e-01	  -6.5026967e-01	   8.0856611e+01	   9.9470309e-03	   4.6924936e-13	
   8.0000000e-01	  -6.5911677e-01	   8.0653155e+01	   9.8433805e-03	   4.6829442e-13	
   8.1000000e-01	  -6.6774711e-01	   8.0676809e+01	   9.7419688e-03	   4.6736474e-13	
   8.2000000e-01	  -6.7620085e-01	   8.0882422e+01	   9.6426574e-03	   4.6645588e-13	
   8.3000000e-01	  -6.8453694e-01	   8.1190151e+01	   9.5453131e-03	   4.6556140e-13	
   8.4000000e-01	  -6.9282931e-01	   8.1515048e+01	   9.4498079e-03	   4.6467331e-13	
   8.5000000e-01	  -7.0116208e-01	   8.1784001e+01	   9.3560199e-03	   4.6378260e-13	
   8.6000000e-01	  -7.0961420e-01	   8.1944457e+01	   9.2638332e-03	   4.6288088e-13	
   8.7000000e-01	  -7.1823629e-01	   8.1969112e+01	   9.1731388e-03	   4.6196283e-13	
   8.8000000e-01	  -7.2703258e-01	   8.1857678e+01	   9.0838349e-03	   4.6102811e-13	
   8.9000000e-01	  -7.3596039e-01	   8.1635711e+01	   8.9958270e-03	   4.6008134e-13	
   9.0000000e-01	  -7.4494846e-01	   8.1349731e+01	   8.9090293e-03	   4.5913015e-13	
   9.1000000e-01	  -7.5392304e-01	   8.1057820e+01	   8.8233645e-03	   4.5818235e-13	
   9.2000000e-01	  -7.6282744e-01	   8.0817065e+01	   8.7387645e-03	   4.5724389e-13	
   9.3000000e-01	  -7.7162776e-01	   8.0672062e+01	   8.6551714e-03	   4.5631830e-13	
   9.4000000e-01	  -7.8030900e-01	   8.0647781e+01	   8.5725374e-03	   4.5540706e-13	
   9.5000000e-01	  -7.8887105e-01	   8.0745594e+01	   8.4908258e-03	   4.5451012e-13	
   9.6000000e-01	  -7.9733013e-01	   8.0941258e+01	   8.4100107e-03	   4.5362569e-13	
   9.7000000e-01	  -8.0572271e-01	   8.1188568e+01	   8.3300777e-03	   4.5274993e-13	
   9.8000000e-01	  -8.1410365e-01	   8.1431581e+01	   8.2510231e-03	   4.5187706e-13	
   9.9000000e-01	  -8.2253375e-01	   8.1620657e+01	   8.1728541e-03	   4.5100077e-13	
   1.0000000e+00	  -8.3106078e-01	   8.1724365e+01	   8.0955877e-03	   4.5011614e-13	
