   0.0000000e+00	   0.0000000e+00	   0.0000000e+00	   1.0494312e-01	   5.4504287e-13	
   1.0000000e-02	   3.5886041e-03	   8.3757426e+01	   8.8456638e-02	   5.4549342e-13	
   2.0000000e-02	   2.1487641e-03	   8.5415981e+01	   7.7158877e-02	   5.4531260e-13	
   3.0000000e-02	  -8.5607250e-03	   8.2525407e+01	   6.8859543e-02	   5.4396955e-13	
   4.0000000e-02	  -1.8235165e-02	   7.8063510e+01	   6.2395277e-02	   5.4275914e-13	
   5.0000000e-02	  -2.0290376e-02	   8.3367656e+01	   5.7263884e-02	   5.4250235e-13	
   6.0000000e-02	  -2.2922415e-02	   8.5604391e+01	   5.3080001e-02	   5.4217366e-13	
   7.0000000e-02	  -3.7729073e-02	   8.0695135e+01	   4.9544675e-02	   5.4032835e-13	
   8.0000000e-02	  -4.4764113e-02	   8.1294078e+01	   4.6493515e-02	   5.3945379e-13	
   9.0000000e-02	  -4.9791582e-02	   8.3502540e+01	   4.3844159e-02	   5.3882967e-13	
   1.0000000e-01	  -5.4645971e-02	   8.5102889e+01	   4.1536390e-02	   5.3822772e-13	
   1.1000000e-01	  -6.4809869e-02	   8.4040756e+01	   3.9510630e-02	   5.3696957e-13	
   1.2000000e-01	  -7.7065828e-02	   8.0733847e+01	   3.7711413e-02	   5.3545635e-13	
   1.3000000e-01	  -8.6187193e-02	   7.9448890e+01	   3.6092767e-02	   5.3433293e-13	
   1.4000000e-01	  -8.9848359e-02	   8.3746382e+01	   3.4619080e-02	   5.3388267e-13	
   1.5000000e-01	  -9.7030981e-02	   8.4350691e+01	   3.3263979e-02	   5.3300043e-13	
   1.6000000e-01	  -1.0590512e-01	   8.4043907e+01	   3.2009091e-02	   5.3191244e-13	
   1.7000000e-01	  -1.1788694e-01	   8.1324268e+01	   3.0842765e-02	   5.3044696e-13	
   1.8000000e-01	  -1.2747893e-01	   7.9814139e+01	   2.9758264e-02	   5.2927669e-13	
   1.9000000e-01	  -1.3313475e-01	   8.2632908e+01	   2.8751426e-02	   5.2858786e-13	
   2.0000000e-01	  -1.4077789e-01	   8.3165455e+01	   2.7818429e-02	   5.2765842e-13	
   2.1000000e-01	  -1.4963021e-01	   8.2851718e+01	   2.6954462e-02	   5.2658397e-13	
   2.2000000e-01	  -1.5742252e-01	   8.3280681e+01	   2.6153508e-02	   5.2564000e-13	
   2.3000000e-01	  -1.6554168e-01	   8.3480037e+01	   2.5408888e-02	   5.2465823e-13	
   2.4000000e-01	  -1.7458541e-01	   8.3093094e+01	   2.4713961e-02	   5.2356682e-13	
   2.5000000e-01	  -1.8353262e-01	   8.2753427e+01	   2.4062645e-02	   5.2248930e-13	
   2.6000000e-01	  -1.9193432e-01	   8.2811017e+01	   2.3449657e-02	   5.2147948e-13	
   2.7000000e-01	  -2.0020601e-01	   8.2968614e+01	   2.2870540e-02	   5.2048721e-13	
   2.8000000e-01	  -2.0870541e-01	   8.2973727e+01	   2.2321589e-02	   5.1946958e-13	
   2.9000000e-01	  -2.1736175e-01	   8.2877306e+01	   2.1799731e-02	   5.1843520e-13	
   3.0000000e-01	  -2.2604120e-01	   8.2769753e+01	   2.1302421e-02	   5.1740014e-13	
   3.1000000e-01	  -2.3484750e-01	   8.2571545e+01	   2.0827541e-02	   5.1635205e-13	
   3.2000000e-01	  -2.4388722e-01	   8.2182241e+01	   2.0373327e-02	   5.1527840e-13	
   3.3000000e-01	  -2.5296779e-01	   8.1724952e+01	   1.9938304e-02	   5.1420214e-13	
   3.4000000e-01	  -2.6174732e-01	   8.1519565e+01	   1.9521219e-02	   5.1316370e-13	
   3.5000000e-01	  -2.7008739e-01	   8.1729131e+01	   1.9120992e-02	   5.1217918e-13	
   3.6000000e-01	  -2.7813023e-01	   8.2182352e+01	   1.8736662e-02	   5.1123154e-13	
   3.7000000e-01	  -2.8613087e-01	   8.2625498e+01	   1.8367356e-02	   5.1029060e-13	
   3.8000000e-01	  -2.9434471e-01	   8.2883362e+01	   1.8012250e-02	   5.0932640e-13	
   3.9000000e-01	  -3.0298788e-01	   8.2838027e+01	   1.7670562e-02	   5.0831377e-13	
   4.0000000e-01	  -3.1211252e-01	   8.2441714e+01	   1.7341533e-02	   5.0724691e-13	
   4.1000000e-01	  -3.2147825e-01	   8.1802538e+01	   1.7024431e-02	   5.0615419e-13	
   4.2000000e-01	  -3.3065641e-01	   8.1251863e+01	   1.6718545e-02	   5.0508564e-13	
   4.3000000e-01	  -3.3933886e-01	   8.1164940e+01	   1.6423195e-02	   5.0407687e-13	
   4.4000000e-01	  -3.4754192e-01	   8.1550714e+01	   1.6137728e-02	   5.0312566e-13	
   4.5000000e-01	  -3.5553285e-01	   8.2083996e+01	   1.5861526e-02	   5.0220077e-13	
   4.6000000e-01	  -3.6362859e-01	   8.2481255e+01	   1.5594004e-02	   5.0126548e-13	
   4.7000000e-01	  -3.7206287e-01	   8.2606355e+01	   1.5334620e-02	   5.0029294e-13	
   4.8000000e-01	  -3.8092500e-01	   8.2416656e+01	   1.5082878e-02	   4.9927309e-13	
   4.9000000e-01	  -3.9010982e-01	   8.1957867e+01	   1.4838326e-02	   4.9821830e-13	
   5.0000000e-01	  -3.9933641e-01	   8.1409133e+01	   1.4600571e-02	   4.9716096e-13	
   5.1000000e-01	  -4.0830795e-01	   8.1055950e+01	   1.4369271e-02	   4.9613500e-13	
   5.2000000e-01	  -4.1691416e-01	   8.1065937e+01	   1.4144143e-02	   4.9515281e-13	
   5.3000000e-01	  -4.2528266e-01	   8.1313038e+01	   1.3924960e-02	   4.9419960e-13	
   5.4000000e-01	  -4.3363550e-01	   8.1561415e+01	   1.3711544e-02	   4.9325002e-13	
   5.5000000e-01	  -4.4210821e-01	   8.1692222e+01	   1.3503763e-02	   4.9228867e-13	
   5.6000000e-01	  -4.5068929e-01	   8.1726390e+01	   1.3301517e-02	   4.9131693e-13	
   5.7000000e-01	  -4.5928114e-01	   8.1752238e+01	   1.3104732e-02	   4.9034590e-13	
   5.8000000e-01	  -4.6778942e-01	   8.1850476e+01	   1.2913345e-02	   4.8938620e-13	
   5.9000000e-01	  -4.7618438e-01	   8.2040067e+01	   1.2727299e-02	   4.8844112e-13	
   6.0000000e-01	  -4.8452896e-01	   8.2261123e+01	   1.2546528e-02	   4.8750353e-13	
   6.1000000e-01	  -4.9296349e-01	   8.2405934e+01	   1.2370958e-02	   4.8655766e-13	
   6.2000000e-01	  -5.0163224e-01	   8.2376153e+01	   1.2200496e-02	   4.8558743e-13	
   6.3000000e-01	  -5.1058422e-01	   8.2130832e+01	   1.2035038e-02	   4.8458753e-13	
   6.4000000e-01	  -5.1972411e-01	   8.1714274e+01	   1.1874460e-02	   4.8356877e-13	
   6.5000000e-01	  -5.2885783e-01	   8.1262784e+01	   1.1718627e-02	   4.8255284e-13	
   6.6000000e-01	  -5.3779696e-01	   8.0965572e+01	   1.1567394e-02	   4.8156062e-13	
   6.7000000e-01	  -5.4644234e-01	   8.0959323e+01	   1.1420608e-02	   4.8060294e-13	
   6.8000000e-01	  -5.5480105e-01	   8.1236690e+01	   1.1278108e-02	   4.7967883e-13	
   6.9000000e-01	  -5.6295409e-01	   8.1677917e+01	   1.1139732e-02	   4.7877917e-13	
   7.0000000e-01	  -5.7101930e-01	   8.2145879e+01	   1.1005318e-02	   4.7789087e-13	
   7.1000000e-01	  -5.7913080e-01	   8.2534879e+01	   1.0874701e-02	   4.7699912e-13	
   7.2000000e-01	  -5.8742228e-01	   8.2773060e+01	   1.0747716e-02	   4.7608931e-13	
   7.3000000e-01	  -5.9599652e-01	   8.2816652e+01	   1.0624201e-02	   4.7515030e-13	
   7.4000000e-01	  -6.0488632e-01	   8.2650423e+01	   1.0503993e-02	   4.7417868e-13	
   7.5000000e-01	  -6.1403342e-01	   8.2293092e+01	   1.0386933e-02	   4.7318102e-13	
   7.6000000e-01	  -6.2330634e-01	   8.1803619e+01	   1.0272862e-02	   4.7217178e-13	
   7.7000000e-01	  -6.3255139e-01	   8.1281145e+01	   1.0161623e-02	   4.7116771e-13	
   7.8000000e-01	  -6.4164704e-01	   8.0846349e+01	   1.0053063e-02	   4.7018195e-13	
   7.9000000e-01	  -6.5053306e-01	   8.0598999e+01	   9.9470309e-03	   4.6922091e-13	
   8.0000000e-01	  -6.5920685e-01	   8.0575376e+01	   9.8433805e-03	   4.6828471e-13	
   8.1000000e-01	  -6.6770240e-01	   8.0742414e+01	   9.7419688e-03	   4.6736956e-13	
   8.2000000e-01	  -6.7607294e-01	   8.1026934e+01	   9.6426574e-03	   4.6646962e-13	
   8.3000000e-01	  -6.8438520e-01	   8.1346582e+01	   9.5453131e-03	   4.6557767e-13	
   8.4000000e-01	  -6.9271740e-01	   8.1626951e+01	   9.4498079e-03	   4.6468528e-13	
   8.5000000e-01	  -7.0114859e-01	   8.1810523e+01	   9.3560199e-03	   4.6378404e-13	
   8.6000000e-01	  -7.0973694e-01	   8.1862915e+01	   9.2638332e-03	   4.6286780e-13	
   8.7000000e-01	  -7.1849809e-01	   8.1776852e+01	   9.1731388e-03	   4.6193498e-13	
   8.8000000e-01	  -7.2739870e-01	   8.1572956e+01	   9.0838349e-03	   4.6098924e-13	
   8.9000000e-01	  -7.3637071e-01	   8.1296203e+01	   8.9958270e-03	   4.6003788e-13	
   9.0000000e-01	  -7.4533792e-01	   8.1006670e+01	   8.9090293e-03	   4.5908898e-13	
   9.1000000e-01	  -7.5423933e-01	   8.0765244e+01	   8.8233645e-03	   4.5814898e-13	
   9.2000000e-01	  -7.6303848e-01	   8.0619281e+01	   8.7387645e-03	   4.5722168e-13	
   9.3000000e-01	  -7.7172029e-01	   8.0594123e+01	   8.6551714e-03	   4.5630858e-13	
   9.4000000e-01	  -7.8028510e-01	   8.0690711e+01	   8.5725374e-03	   4.5540957e-13	
   9.5000000e-01	  -7.8874807e-01	   8.0885701e+01	   8.4908258e-03	   4.5452299e-13	
   9.6000000e-01	  -7.9714296e-01	   8.1134823e+01	   8.4100107e-03	   4.5364525e-13	
   9.7000000e-01	  -8.0552230e-01	   8.1382999e+01	   8.3300777e-03	   4.5277082e-13	
   9.8000000e-01	  -8.1394711e-01	   8.1579180e+01	   8.2510231e-03	   4.5189335e-13	
   9.9000000e-01	  -8.2246827e-01	   8.1688950e+01	   8.1728541e-03	   4.5100757e-13	
   1.0000000e+00	  -8.3110931e-01	   8.1700220e+01	   8.0955877e-03	   4.5011111e-13	
