   0.0000000e+00	   0.0000000e+00	   0.0000000e+00	   2.0988624e-01	   5.4504287e-13	
   1.0000000e-02	   1.8191486e-02	   8.6101764e+01	   1.5225138e-01	   5.4733070e-13	
   2.0000000e-02	   2.8084042e-02	   8.8071131e+01	   1.2388884e-01	   5.4857885e-13	
   3.0000000e-02	   2.2888242e-02	   8.6748244e+01	   1.0582039e-01	   5.4792294e-13	
   4.0000000e-02	   3.2104923e-02	   8.9369853e+01	   9.3045931e-02	   5.4908699e-13	
   5.0000000e-02	   2.8049991e-02	   8.9366844e+01	   8.3368793e-02	   5.4857455e-13	
   6.0000000e-02	   8.2673044e-03	   8.5764726e+01	   7.5802509e-02	   5.4608141e-13	
   7.0000000e-02	   8.3047285e-04	   8.5235441e+01	   6.9689174e-02	   5.4514710e-13	
   8.0000000e-02	  -1.6243455e-04	   8.7209881e+01	   6.4582315e-02	   5.4502248e-13	
   9.0000000e-02	   7.5178019e-03	   9.0093506e+01	   6.0211041e-02	   5.4598717e-13	
   1.0000000e-01	   3.2699093e-03	   9.0525371e+01	   5.6425491e-02	   5.4545340e-13	
   1.1000000e-01	  -1.1809825e-02	   8.9451994e+01	   5.3131858e-02	   5.4356274e-13	
   1.2000000e-01	  -2.5165320e-02	   8.8430476e+01	   5.0249644e-02	   5.4189373e-13	
   1.3000000e-01	  -3.9809209e-02	   8.6737711e+01	   4.7704363e-02	   5.4006961e-13	
   1.4000000e-01	  -4.8188926e-02	   8.6584093e+01	   4.5433671e-02	   5.3902855e-13	
   1.5000000e-01	  -5.0506733e-02	   8.8057887e+01	   4.3389443e-02	   5.3874095e-13	
   1.6000000e-01	  -5.4788456e-02	   8.8801403e+01	   4.1535271e-02	   5.3821006e-13	
   1.7000000e-01	  -5.8071155e-02	   8.9598906e+01	   3.9843241e-02	   5.3780340e-13	
   1.8000000e-01	  -6.0503748e-02	   9.0388508e+01	   3.8291501e-02	   5.3750225e-13	
   1.9000000e-01	  -6.7638730e-02	   9.0498092e+01	   3.6862520e-02	   5.3661992e-13	
   2.0000000e-01	  -7.9042361e-02	   9.0045982e+01	   3.5541803e-02	   5.3521272e-13	
   2.1000000e-01	  -9.0211652e-02	   8.9587910e+01	   3.4316980e-02	   5.3383801e-13	
   2.2000000e-01	  -1.0087309e-01	   8.9175602e+01	   3.3177218e-02	   5.3252911e-13	
   2.3000000e-01	  -1.1386730e-01	   8.8266831e+01	   3.2112867e-02	   5.3093815e-13	
   2.4000000e-01	  -1.2870220e-01	   8.6602606e+01	   3.1115282e-02	   5.2912763e-13	
   2.5000000e-01	  -1.4072811e-01	   8.5275755e+01	   3.0176779e-02	   5.2766447e-13	
   2.6000000e-01	  -1.4618875e-01	   8.6334986e+01	   2.9290702e-02	   5.2700142e-13	
   2.7000000e-01	  -1.4593137e-01	   8.8502229e+01	   2.8451525e-02	   5.2703265e-13	
   2.8000000e-01	  -1.4399232e-01	   9.0175599e+01	   2.7654938e-02	   5.2726802e-13	
   2.9000000e-01	  -1.4362900e-01	   9.1217415e+01	   2.6897832e-02	   5.2731213e-13	
   3.0000000e-01	  -1.4495846e-01	   9.1906894e+01	   2.6178155e-02	   5.2715073e-13	
   3.1000000e-01	  -1.4559916e-01	   9.2555828e+01	   2.5494619e-02	   5.2707297e-13	
   3.2000000e-01	  -1.4283137e-01	   9.3347284e+01	   2.4846325e-02	   5.2740898e-13	
   3.3000000e-01	  -1.3514681e-01	   9.4282124e+01	   2.4232390e-02	   5.2834302e-13	
   3.4000000e-01	  -1.2226839e-01	   9.5274219e+01	   2.3651673e-02	   5.2991208e-13	
   3.5000000e-01	  -1.0419984e-01	   9.6259684e+01	   2.3102644e-02	   5.3212134e-13	
   3.6000000e-01	  -8.0384475e-02	   9.7222006e+01	   2.2583397e-02	   5.3504734e-13	
   3.7000000e-01	  -4.9581852e-02	   9.8167353e+01	   2.2091751e-02	   5.3885569e-13	
   3.8000000e-01	  -1.0366034e-02	   9.9099273e+01	   2.1625394e-02	   5.4374347e-13	
   3.9000000e-01	   3.8207381e-02	   1.0000984e+02	   2.1182011e-02	   5.4985908e-13	
   4.0000000e-01	   9.6176167e-02	   1.0088374e+02	   2.0759384e-02	   5.5724769e-13	
   4.1000000e-01	   1.6267569e-01	   1.0170619e+02	   2.0355455e-02	   5.6584597e-13	
   4.2000000e-01	   2.3633421e-01	   1.0246863e+02	   1.9968359e-02	   5.7552485e-13	
   4.3000000e-01	   3.1586368e-01	   1.0317056e+02	   1.9596434e-02	   5.8616115e-13	
   4.4000000e-01	   4.0058063e-01	   1.0381847e+02	   1.9238223e-02	   5.9770752e-13	
   4.5000000e-01	   4.9062211e-01	   1.0442299e+02	   1.8892461e-02	   6.1022904e-13	
   4.6000000e-01	   5.8675263e-01	   1.0499528e+02	   1.8558068e-02	   6.2388698e-13	
   4.7000000e-01	   6.8985580e-01	   1.0554393e+02	   1.8234139e-02	   6.3887551e-13	
   4.8000000e-01	   8.0038712e-01	   1.0607339e+02	   1.7919935e-02	   6.5534407e-13	
   4.9000000e-01	   9.1812435e-01	   1.0658450e+02	   1.7614873e-02	   6.7335346e-13	
   5.0000000e-01	   1.0424206e+00	   1.0707677e+02	   1.7318515e-02	   6.9290345e-13	
   5.1000000e-01	   1.1728857e+00	   1.0755109e+02	   1.7030555e-02	   7.1403455e-13	
   5.2000000e-01	   1.3101457e+00	   1.0801161e+02	   1.6750791e-02	   7.3696223e-13	
   5.3000000e-01	   1.4562375e+00	   1.0846570e+02	   1.6479107e-02	   7.6217450e-13	
   5.4000000e-01	   1.6143497e+00	   1.0892215e+02	   1.6215440e-02	   7.9043403e-13	
   5.5000000e-01	   1.7879706e+00	   1.0938843e+02	   1.5959747e-02	   8.2267389e-13	
   5.6000000e-01	   1.9798525e+00	   1.0986850e+02	   1.5711982e-02	   8.5983657e-13	
   5.7000000e-01	   2.1913247e+00	   1.1036222e+02	   1.5472069e-02	   9.0274092e-13	
   5.8000000e-01	   2.4222729e+00	   1.1086648e+02	   1.5239884e-02	   9.5204604e-13	
   5.9000000e-01	   2.6716704e+00	   1.1137724e+02	   1.5015254e-02	   1.0083184e-12	
   6.0000000e-01	   2.9381892e+00	   1.1189094e+02	   1.4797950e-02	   1.0721353e-12	
   6.1000000e-01	   3.2204023e+00	   1.1240480e+02	   1.4587695e-02	   1.1441182e-12	
   6.2000000e-01	   3.5163972e+00	   1.1291596e+02	   1.4384177e-02	   1.2248147e-12	
   6.3000000e-01	   3.8230519e+00	   1.1342034e+02	   1.4187057e-02	   1.3144251e-12	
   6.4000000e-01	   4.1354855e+00	   1.1391193e+02	   1.3995981e-02	   1.4124699e-12	
   6.5000000e-01	   4.4471372e+00	   1.1438323e+02	   1.3810596e-02	   1.5175548e-12	
   6.6000000e-01	   4.7506075e+00	   1.1482644e+02	   1.3630551e-02	   1.6273891e-12	
   6.7000000e-01	   5.0390235e+00	   1.1523520e+02	   1.3455511e-02	   1.7391339e-12	
   6.8000000e-01	   5.3074821e+00	   1.1560607e+02	   1.3285157e-02	   1.8500304e-12	
   6.9000000e-01	   5.5541322e+00	   1.1593956e+02	   1.3119192e-02	   1.9581406e-12	
   7.0000000e-01	   5.7805964e+00	   1.1624021e+02	   1.2957339e-02	   2.0629576e-12	
   7.1000000e-01	   5.9916014e+00	   1.1651594e+02	   1.2799345e-02	   2.1656626e-12	
   7.2000000e-01	   6.1938550e+00	   1.1677650e+02	   1.2644979e-02	   2.2689042e-12	
   7.3000000e-01	   6.3943959e+00	   1.1703143e+02	   1.2494032e-02	   2.3761303e-12	
   7.4000000e-01	   6.5988377e+00	   1.1728798e+02	   1.2346317e-02	   2.4906599e-12	
   7.5000000e-01	   6.8100396e+00	   1.1754970e+02	   1.2201666e-02	   2.6147768e-12	
   7.6000000e-01	   7.0276396e+00	   1.1781612e+02	   1.2059931e-02	   2.7491258e-12	
   7.7000000e-01	   7.2485638e+00	   1.1808350e+02	   1.1920983e-02	   2.8925910e-12	
   7.8000000e-01	   7.4682371e+00	   1.1834654e+02	   1.1784711e-02	   3.0426666e-12	
   7.9000000e-01	   7.6819834e+00	   1.1859999e+02	   1.1651020e-02	   3.1961636e-12	
   8.0000000e-01	   7.8861296e+00	   1.1883994e+02	   1.1519829e-02	   3.3499909e-12	
   8.1000000e-01	   8.0785477e+00	   1.1906435e+02	   1.1391073e-02	   3.5017523e-12	
   8.2000000e-01	   8.2586252e+00	   1.1927293e+02	   1.1264699e-02	   3.6500026e-12	
   8.3000000e-01	   8.4268503e+00	   1.1946661e+02	   1.1140662e-02	   3.7941604e-12	
   8.4000000e-01	   8.5842745e+00	   1.1964690e+02	   1.1018928e-02	   3.9342152e-12	
   8.5000000e-01	   8.7320882e+00	   1.1981537e+02	   1.0899468e-02	   4.0704224e-12	
   8.6000000e-01	   8.8714376e+00	   1.1997351e+02	   1.0782258e-02	   4.2031455e-12	
   8.7000000e-01	   9.0034725e+00	   1.2012278e+02	   1.0667275e-02	   4.3328925e-12	
   8.8000000e-01	   9.1295076e+00	   1.2026475e+02	   1.0554498e-02	   4.4604782e-12	
   8.9000000e-01	   9.2511449e+00	   1.2040130e+02	   1.0443906e-02	   4.5871733e-12	
   9.0000000e-01	   9.3702431e+00	   1.2053456e+02	   1.0335475e-02	   4.7147099e-12	
   9.1000000e-01	   9.4887096e+00	   1.2066668e+02	   1.0229178e-02	   4.8450874e-12	
   9.2000000e-01	   9.6081750e+00	   1.2079946e+02	   1.0124987e-02	   4.9802158e-12	
   9.3000000e-01	   9.7296601e+00	   1.2093404e+02	   1.0022869e-02	   5.1214940e-12	
   9.4000000e-01	   9.8533338e+00	   1.2107059e+02	   9.9227900e-03	   5.2694348e-12	
   9.5000000e-01	   9.9784163e+00	   1.2120824e+02	   9.8247121e-03	   5.4234081e-12	
   9.6000000e-01	   1.0103223e+01	   1.2134518e+02	   9.7285962e-03	   5.5815266e-12	
   9.7000000e-01	   1.0225317e+01	   1.2147875e+02	   9.6344014e-03	   5.7406673e-12	
   9.8000000e-01	   1.0341726e+01	   1.2160579e+02	   9.5420859e-03	   5.8966217e-12	
   9.9000000e-01	   1.0449216e+01	   1.2172285e+02	   9.4516079e-03	   6.0443869e-12	
   1.0000000e+00	   1.0544608e+01	   1.2182658e+02	   9.3629254e-03	   6.1786198e-12	
