   0.0000000e+00	   0.0000000e+00	   0.0000000e+00	   2.0988624e-01	   5.4504287e-13	
   1.0000000e-02	   1.8365895e-02	   8.6174260e+01	   1.5225138e-01	   5.4735268e-13	
   2.0000000e-02	   2.8424672e-02	   8.8159458e+01	   1.2388884e-01	   5.4862188e-13	
   3.0000000e-02	   2.2926958e-02	   8.6771644e+01	   1.0582039e-01	   5.4792782e-13	
   4.0000000e-02	   3.1806083e-02	   8.9332527e+01	   9.3045931e-02	   5.4904921e-13	
   5.0000000e-02	   2.8386704e-02	   8.9438222e+01	   8.3368793e-02	   5.4861709e-13	
   6.0000000e-02	   9.8404268e-03	   8.6351733e+01	   7.5802509e-02	   5.4627925e-13	
   7.0000000e-02	   8.3997627e-04	   8.5265029e+01	   6.9689174e-02	   5.4514829e-13	
   8.0000000e-02	  -2.2485210e-03	   8.6617957e+01	   6.4582315e-02	   5.4476075e-13	
   9.0000000e-02	   6.2206472e-03	   8.9925074e+01	   6.0211041e-02	   5.4582412e-13	
   1.0000000e-01	   5.0902078e-03	   9.0772825e+01	   5.6425491e-02	   5.4568207e-13	
   1.1000000e-01	  -7.8638841e-03	   9.0076701e+01	   5.3131858e-02	   5.4405684e-13	
   1.2000000e-01	  -2.0812957e-02	   8.9272141e+01	   5.0249644e-02	   5.4243707e-13	
   1.3000000e-01	  -3.6928610e-02	   8.7563614e+01	   4.7704363e-02	   5.4042795e-13	
   1.4000000e-01	  -4.8893187e-02	   8.6385324e+01	   4.5433671e-02	   5.3894115e-13	
   1.5000000e-01	  -5.3018832e-02	   8.7478753e+01	   4.3389443e-02	   5.3842941e-13	
   1.6000000e-01	  -5.7535588e-02	   8.8270162e+01	   4.1535271e-02	   5.3786973e-13	
   1.7000000e-01	  -6.1612612e-02	   8.9022822e+01	   3.9843241e-02	   5.3736503e-13	
   1.8000000e-01	  -6.4081427e-02	   8.9910654e+01	   3.8291501e-02	   5.3705964e-13	
   1.9000000e-01	  -6.9240432e-02	   9.0306005e+01	   3.6862520e-02	   5.3642204e-13	
   2.0000000e-01	  -7.7865087e-02	   9.0225858e+01	   3.5541803e-02	   5.3535782e-13	
   2.1000000e-01	  -8.6565640e-02	   9.0140489e+01	   3.4316980e-02	   5.3428637e-13	
   2.2000000e-01	  -9.4915782e-02	   9.0110198e+01	   3.3177218e-02	   5.3326009e-13	
   2.3000000e-01	  -1.0613654e-01	   8.9668372e+01	   3.2112867e-02	   5.3188410e-13	
   2.4000000e-01	  -1.2128869e-01	   8.8458386e+01	   3.1115282e-02	   5.3003163e-13	
   2.5000000e-01	  -1.3649919e-01	   8.6781147e+01	   3.0176779e-02	   5.2817853e-13	
   2.6000000e-01	  -1.4640611e-01	   8.6293210e+01	   2.9290702e-02	   5.2697504e-13	
   2.7000000e-01	  -1.4891052e-01	   8.7894846e+01	   2.8451525e-02	   5.2667125e-13	
   2.8000000e-01	  -1.4620904e-01	   8.9888770e+01	   2.7654938e-02	   5.2699896e-13	
   2.9000000e-01	  -1.4200709e-01	   9.1406553e+01	   2.6897832e-02	   5.2750909e-13	
   3.0000000e-01	  -1.3824863e-01	   9.2494540e+01	   2.6178155e-02	   5.2796581e-13	
   3.1000000e-01	  -1.3409494e-01	   9.3389604e+01	   2.5494619e-02	   5.2847101e-13	
   3.2000000e-01	  -1.2721072e-01	   9.4277834e+01	   2.4846325e-02	   5.2930938e-13	
   3.3000000e-01	  -1.1555957e-01	   9.5222784e+01	   2.4232390e-02	   5.3073130e-13	
   3.4000000e-01	  -9.8096085e-02	   9.6202049e+01	   2.3651673e-02	   5.3286973e-13	
   3.5000000e-01	  -7.4202541e-02	   9.7181886e+01	   2.3102644e-02	   5.3580950e-13	
   3.6000000e-01	  -4.2831709e-02	   9.8151553e+01	   2.2583397e-02	   5.3969387e-13	
   3.7000000e-01	  -2.2516105e-03	   9.9114911e+01	   2.2091751e-02	   5.4476036e-13	
   3.8000000e-01	   4.9467108e-02	   1.0007242e+02	   2.1625394e-02	   5.5128652e-13	
   3.9000000e-01	   1.1367163e-01	   1.0101379e+02	   2.1182011e-02	   5.5949708e-13	
   4.0000000e-01	   1.9059639e-01	   1.0192213e+02	   2.0759384e-02	   5.6949550e-13	
   4.1000000e-01	   2.7937155e-01	   1.0278190e+02	   2.0355455e-02	   5.8125649e-13	
   4.2000000e-01	   3.7853047e-01	   1.0358446e+02	   1.9968359e-02	   5.9468051e-13	
   4.3000000e-01	   4.8673307e-01	   1.0432955e+02	   1.9596434e-02	   6.0968283e-13	
   4.4000000e-01	   6.0333530e-01	   1.0502356e+02	   1.9238223e-02	   6.2627372e-13	
   4.5000000e-01	   7.2851904e-01	   1.0567616e+02	   1.8892461e-02	   6.4458852e-13	
   4.6000000e-01	   8.6292006e-01	   1.0629656e+02	   1.8558068e-02	   6.6484846e-13	
   4.7000000e-01	   1.0069700e+00	   1.0689085e+02	   1.8234139e-02	   6.8727044e-13	
   4.8000000e-01	   1.1603655e+00	   1.0746131e+02	   1.7919935e-02	   7.1197905e-13	
   4.9000000e-01	   1.3220572e+00	   1.0800782e+02	   1.7614873e-02	   7.3898629e-13	
   5.0000000e-01	   1.4908793e+00	   1.0853048e+02	   1.7318515e-02	   7.6827834e-13	
   5.1000000e-01	   1.6665477e+00	   1.0903217e+02	   1.7030555e-02	   7.9999161e-13	
   5.2000000e-01	   1.8504803e+00	   1.0951953e+02	   1.6750791e-02	   8.3460059e-13	
   5.3000000e-01	   2.0459177e+00	   1.1000203e+02	   1.6479107e-02	   8.7301646e-13	
   5.4000000e-01	   2.2571667e+00	   1.1048938e+02	   1.6215440e-02	   9.1653135e-13	
   5.5000000e-01	   2.4882789e+00	   1.1098871e+02	   1.5959747e-02	   9.6662618e-13	
   5.6000000e-01	   2.7418362e+00	   1.1150279e+02	   1.5711982e-02	   1.0247414e-12	
   5.7000000e-01	   3.0184553e+00	   1.1203031e+02	   1.5472069e-02	   1.0921347e-12	
   5.8000000e-01	   3.3171492e+00	   1.1256765e+02	   1.5239884e-02	   1.1698915e-12	
   5.9000000e-01	   3.6360960e+00	   1.1311075e+02	   1.5015254e-02	   1.2590421e-12	
   6.0000000e-01	   3.9731304e+00	   1.1365603e+02	   1.4797950e-02	   1.3606415e-12	
   6.1000000e-01	   4.3255372e+00	   1.1419989e+02	   1.4587695e-02	   1.4756535e-12	
   6.2000000e-01	   4.6892878e+00	   1.1473763e+02	   1.4384177e-02	   1.6045729e-12	
   6.3000000e-01	   5.0583127e+00	   1.1526245e+02	   1.4187057e-02	   1.7468754e-12	
   6.4000000e-01	   5.4244413e+00	   1.1576564e+02	   1.3995981e-02	   1.9005303e-12	
   6.5000000e-01	   5.7782790e+00	   1.1623771e+02	   1.3810596e-02	   2.0618571e-12	
   6.6000000e-01	   6.1107994e+00	   1.1667029e+02	   1.3630551e-02	   2.2259254e-12	
   6.7000000e-01	   6.4151285e+00	   1.1705797e+02	   1.3455511e-02	   2.3875007e-12	
   6.8000000e-01	   6.6879861e+00	   1.1739961e+02	   1.3285157e-02	   2.5423145e-12	
   6.9000000e-01	   6.9304202e+00	   1.1769890e+02	   1.3119192e-02	   2.6882687e-12	
   7.0000000e-01	   7.1476536e+00	   1.1796397e+02	   1.2957339e-02	   2.8261553e-12	
   7.1000000e-01	   7.3480250e+00	   1.1820601e+02	   1.2799345e-02	   2.9596010e-12	
   7.2000000e-01	   7.5411705e+00	   1.1843716e+02	   1.2644979e-02	   3.0941952e-12	
   7.3000000e-01	   7.7358314e+00	   1.1866806e+02	   1.2494032e-02	   3.2360394e-12	
   7.4000000e-01	   7.9378918e+00	   1.1890562e+02	   1.2346317e-02	   3.3901572e-12	
   7.5000000e-01	   8.1492835e+00	   1.1915199e+02	   1.2201666e-02	   3.5592542e-12	
   7.6000000e-01	   8.3681047e+00	   1.1940488e+02	   1.2059931e-02	   3.7431836e-12	
   7.7000000e-01	   8.5897972e+00	   1.1965903e+02	   1.1920983e-02	   3.9392213e-12	
   7.8000000e-01	   8.8088129e+00	   1.1990825e+02	   1.1784711e-02	   4.1429715e-12	
   7.9000000e-01	   9.0201235e+00	   1.2014708e+02	   1.1651020e-02	   4.3495368e-12	
   8.0000000e-01	   9.2201514e+00	   1.2037180e+02	   1.1519829e-02	   4.5545534e-12	
   8.1000000e-01	   9.4070381e+00	   1.2058065e+02	   1.1391073e-02	   4.7548243e-12	
   8.2000000e-01	   9.5804261e+00	   1.2077352e+02	   1.1264699e-02	   4.9484965e-12	
   8.3000000e-01	   9.7410326e+00	   1.2095147e+02	   1.1140662e-02	   5.1349228e-12	
   8.4000000e-01	   9.8902612e+00	   1.2111622e+02	   1.1018928e-02	   5.3144310e-12	
   8.5000000e-01	   1.0029970e+01	   1.2126998e+02	   1.0899468e-02	   5.4881716e-12	
   8.6000000e-01	   1.0162380e+01	   1.2141529e+02	   1.0782258e-02	   5.6580739e-12	
   8.7000000e-01	   1.0290003e+01	   1.2155496e+02	   1.0667275e-02	   5.8268111e-12	
   8.8000000e-01	   1.0415485e+01	   1.2169192e+02	   1.0554498e-02	   5.9976232e-12	
   8.9000000e-01	   1.0541296e+01	   1.2182887e+02	   1.0443906e-02	   6.1739097e-12	
   9.0000000e-01	   1.0669330e+01	   1.2196785e+02	   1.0335475e-02	   6.3586311e-12	
   9.1000000e-01	   1.0800540e+01	   1.2210988e+02	   1.0229178e-02	   6.5536713e-12	
   9.2000000e-01	   1.0934739e+01	   1.2225474e+02	   1.0124987e-02	   6.7593449e-12	
   9.3000000e-01	   1.1070624e+01	   1.2240103e+02	   1.0022869e-02	   6.9741783e-12	
   9.4000000e-01	   1.1205990e+01	   1.2254638e+02	   9.9227900e-03	   7.1949803e-12	
   9.5000000e-01	   1.1338052e+01	   1.2268786e+02	   9.8247121e-03	   7.4171294e-12	
   9.6000000e-01	   1.1463770e+01	   1.2282225e+02	   9.7285962e-03	   7.6349752e-12	
   9.7000000e-01	   1.1580122e+01	   1.2294641e+02	   9.6344013e-03	   7.8422900e-12	
   9.8000000e-01	   1.1684345e+01	   1.2305747e+02	   9.5420859e-03	   8.0327668e-12	
   9.9000000e-01	   1.1774146e+01	   1.2315308e+02	   9.4516079e-03	   8.2005923e-12	
   1.0000000e+00	   1.1847924e+01	   1.2323161e+02	   9.3629254e-03	   8.3410941e-12	
