   0.0000000e+00	   0.0000000e+00	   0.0000000e+00	   1.0494312e-01	   5.4504287e-13	
   1.0000000e-02	   3.5650139e-03	   8.3868757e+01	   8.8456638e-02	   5.4549046e-13	
   2.0000000e-02	   9.3674528e-04	   8.5017304e+01	   7.7158877e-02	   5.4516044e-13	
   3.0000000e-02	  -8.8660909e-03	   8.2459026e+01	   6.8859543e-02	   5.4393130e-13	
   4.0000000e-02	  -1.5784750e-02	   8.1839761e+01	   6.2395277e-02	   5.4306546e-13	
   5.0000000e-02	  -2.1214467e-02	   8.2925113e+01	   5.7263884e-02	   5.4238693e-13	
   6.0000000e-02	  -2.7796722e-02	   8.3287930e+01	   5.3080001e-02	   5.4156550e-13	
   7.0000000e-02	  -3.7705890e-02	   8.1053265e+01	   4.9544675e-02	   5.4033123e-13	
   8.0000000e-02	  -4.4879419e-02	   8.1500228e+01	   4.6493515e-02	   5.3943947e-13	
   9.0000000e-02	  -4.7606956e-02	   8.4920952e+01	   4.3844159e-02	   5.3910078e-13	
   1.0000000e-01	  -6.0075370e-02	   8.1981613e+01	   4.1536390e-02	   5.3755527e-13	
   1.1000000e-01	  -6.9521336e-02	   8.0443715e+01	   3.9510630e-02	   5.3638735e-13	
   1.2000000e-01	  -7.7614516e-02	   8.0491556e+01	   3.7711413e-02	   5.3538871e-13	
   1.3000000e-01	  -8.1427754e-02	   8.4115995e+01	   3.6092767e-02	   5.3491883e-13	
   1.4000000e-01	  -9.1510209e-02	   8.2935447e+01	   3.4619080e-02	   5.3367842e-13	
   1.5000000e-01	  -1.0135672e-01	   8.1597379e+01	   3.3263979e-02	   5.3246981e-13	
   1.6000000e-01	  -1.1033939e-01	   8.0867249e+01	   3.2009091e-02	   5.3136962e-13	
   1.7000000e-01	  -1.1657842e-01	   8.2817549e+01	   3.0842765e-02	   5.3060681e-13	
   1.8000000e-01	  -1.2364781e-01	   8.3684107e+01	   2.9758264e-02	   5.2974380e-13	
   1.9000000e-01	  -1.3424525e-01	   8.2042775e+01	   2.8751426e-02	   5.2845272e-13	
   2.0000000e-01	  -1.4318887e-01	   8.1516072e+01	   2.7818429e-02	   5.2736557e-13	
   2.1000000e-01	  -1.5075314e-01	   8.2288071e+01	   2.6954462e-02	   5.2644784e-13	
   2.2000000e-01	  -1.5937239e-01	   8.2118023e+01	   2.6153508e-02	   5.2540405e-13	
   2.3000000e-01	  -1.6843461e-01	   8.1537117e+01	   2.5408888e-02	   5.2430886e-13	
   2.4000000e-01	  -1.7708265e-01	   8.1341977e+01	   2.4713961e-02	   5.2326585e-13	
   2.5000000e-01	  -1.8555398e-01	   8.1343384e+01	   2.4062645e-02	   5.2224617e-13	
   2.6000000e-01	  -1.9414529e-01	   8.1235132e+01	   2.3449657e-02	   5.2121407e-13	
   2.7000000e-01	  -2.0265408e-01	   8.1227903e+01	   2.2870540e-02	   5.2019390e-13	
   2.8000000e-01	  -2.1099822e-01	   8.1404258e+01	   2.2321589e-02	   5.1919540e-13	
   2.9000000e-01	  -2.1942391e-01	   8.1503397e+01	   2.1799731e-02	   5.1818909e-13	
   3.0000000e-01	  -2.2796539e-01	   8.1495676e+01	   2.1302421e-02	   5.1717095e-13	
   3.1000000e-01	  -2.3646471e-01	   8.1537464e+01	   2.0827541e-02	   5.1615981e-13	
   3.2000000e-01	  -2.4499756e-01	   8.1552774e+01	   2.0373327e-02	   5.1514668e-13	
   3.3000000e-01	  -2.5374540e-01	   8.1360364e+01	   1.9938304e-02	   5.1411008e-13	
   3.4000000e-01	  -2.6263419e-01	   8.1013162e+01	   1.9521219e-02	   5.1305892e-13	
   3.5000000e-01	  -2.7139266e-01	   8.0796074e+01	   1.9120992e-02	   5.1202527e-13	
   3.6000000e-01	  -2.7983770e-01	   8.0938000e+01	   1.8736662e-02	   5.1103058e-13	
   3.7000000e-01	  -2.8802628e-01	   8.1347118e+01	   1.8367356e-02	   5.1006794e-13	
   3.8000000e-01	  -2.9624148e-01	   8.1698642e+01	   1.8012250e-02	   5.0910400e-13	
   3.9000000e-01	  -3.0479253e-01	   8.1726278e+01	   1.7670562e-02	   5.0810259e-13	
   4.0000000e-01	  -3.1371240e-01	   8.1405596e+01	   1.7341533e-02	   5.0706008e-13	
   4.1000000e-01	  -3.2271092e-01	   8.0979658e+01	   1.7024431e-02	   5.0601054e-13	
   4.2000000e-01	  -3.3149144e-01	   8.0770626e+01	   1.6718545e-02	   5.0498853e-13	
   4.3000000e-01	  -3.4001074e-01	   8.0858598e+01	   1.6423195e-02	   5.0399890e-13	
   4.4000000e-01	  -3.4839666e-01	   8.1091377e+01	   1.6137728e-02	   5.0302665e-13	
   4.5000000e-01	  -3.5678427e-01	   8.1312541e+01	   1.5861526e-02	   5.0205608e-13	
   4.6000000e-01	  -3.6530714e-01	   8.1393529e+01	   1.5594004e-02	   5.0107178e-13	
   4.7000000e-01	  -3.7407123e-01	   8.1236065e+01	   1.5334620e-02	   5.0006164e-13	
   4.8000000e-01	  -3.8301090e-01	   8.0886370e+01	   1.5082878e-02	   4.9903335e-13	
   4.9000000e-01	  -3.9188133e-01	   8.0592045e+01	   1.4838326e-02	   4.9801512e-13	
   5.0000000e-01	  -4.0050049e-01	   8.0585534e+01	   1.4600571e-02	   4.9702772e-13	
   5.1000000e-01	  -4.0893258e-01	   8.0795111e+01	   1.4369271e-02	   4.9606365e-13	
   5.2000000e-01	  -4.1737364e-01	   8.0986243e+01	   1.4144143e-02	   4.9510042e-13	
   5.3000000e-01	  -4.2593422e-01	   8.1046258e+01	   1.3924960e-02	   4.9412547e-13	
   5.4000000e-01	  -4.3459108e-01	   8.1006024e+01	   1.3711544e-02	   4.9314150e-13	
   5.5000000e-01	  -4.4327621e-01	   8.0936987e+01	   1.3503763e-02	   4.9215629e-13	
   5.6000000e-01	  -4.5194159e-01	   8.0890319e+01	   1.3301517e-02	   4.9117528e-13	
   5.7000000e-01	  -4.6057754e-01	   8.0877177e+01	   1.3104732e-02	   4.9019955e-13	
   5.8000000e-01	  -4.6922231e-01	   8.0856354e+01	   1.2913345e-02	   4.8922476e-13	
   5.9000000e-01	  -4.7793094e-01	   8.0767307e+01	   1.2727299e-02	   4.8824473e-13	
   6.0000000e-01	  -4.8670226e-01	   8.0607518e+01	   1.2546528e-02	   4.8725963e-13	
   6.1000000e-01	  -4.9545839e-01	   8.0462384e+01	   1.2370958e-02	   4.8627822e-13	
   6.2000000e-01	  -5.0412022e-01	   8.0428604e+01	   1.2200496e-02	   4.8530933e-13	
   6.3000000e-01	  -5.1268314e-01	   8.0513315e+01	   1.2035038e-02	   4.8435339e-13	
   6.4000000e-01	  -5.2120289e-01	   8.0646694e+01	   1.1874460e-02	   4.8340415e-13	
   6.5000000e-01	  -5.2973387e-01	   8.0764761e+01	   1.1718627e-02	   4.8245551e-13	
   6.6000000e-01	  -5.3830892e-01	   8.0833433e+01	   1.1567394e-02	   4.8150385e-13	
   6.7000000e-01	  -5.4695784e-01	   8.0823220e+01	   1.1420608e-02	   4.8054590e-13	
   6.8000000e-01	  -5.5570085e-01	   8.0711758e+01	   1.1278108e-02	   4.7957946e-13	
   6.9000000e-01	  -5.6450992e-01	   8.0523830e+01	   1.1139732e-02	   4.7860768e-13	
   7.0000000e-01	  -5.7330114e-01	   8.0350751e+01	   1.1005318e-02	   4.7763984e-13	
   7.1000000e-01	  -5.8199069e-01	   8.0296721e+01	   1.0874701e-02	   4.7668511e-13	
   7.2000000e-01	  -5.9056153e-01	   8.0385598e+01	   1.0747716e-02	   4.7574530e-13	
   7.3000000e-01	  -5.9906967e-01	   8.0545165e+01	   1.0624201e-02	   4.7481419e-13	
   7.4000000e-01	  -6.0758915e-01	   8.0687218e+01	   1.0503993e-02	   4.7388367e-13	
   7.5000000e-01	  -6.1616021e-01	   8.0770380e+01	   1.0386933e-02	   4.7294936e-13	
   7.6000000e-01	  -6.2478832e-01	   8.0792440e+01	   1.0272862e-02	   4.7201068e-13	
   7.7000000e-01	  -6.3347408e-01	   8.0754026e+01	   1.0161623e-02	   4.7106762e-13	
   7.8000000e-01	  -6.4222425e-01	   8.0646441e+01	   1.0053063e-02	   4.7011947e-13	
   7.9000000e-01	  -6.5103035e-01	   8.0474410e+01	   9.9470309e-03	   4.6916718e-13	
   8.0000000e-01	  -6.5984986e-01	   8.0281131e+01	   9.8433805e-03	   4.6821538e-13	
   8.1000000e-01	  -6.6862340e-01	   8.0137342e+01	   9.7419688e-03	   4.6727045e-13	
   8.2000000e-01	  -6.7731599e-01	   8.0091297e+01	   9.6426574e-03	   4.6633613e-13	
   8.3000000e-01	  -6.8594021e-01	   8.0130073e+01	   9.5453131e-03	   4.6541099e-13	
   8.4000000e-01	  -6.9453889e-01	   8.0199746e+01	   9.4498079e-03	   4.6449043e-13	
   8.5000000e-01	  -7.0314880e-01	   8.0255277e+01	   9.3560199e-03	   4.6357049e-13	
   8.6000000e-01	  -7.1178255e-01	   8.0282424e+01	   9.2638332e-03	   4.6264983e-13	
   8.7000000e-01	  -7.2043921e-01	   8.0282847e+01	   9.1731388e-03	   4.6172856e-13	
   8.8000000e-01	  -7.2912128e-01	   8.0253721e+01	   9.0838349e-03	   4.6080643e-13	
   8.9000000e-01	  -7.3783335e-01	   8.0189073e+01	   8.9958270e-03	   4.5988297e-13	
   9.0000000e-01	  -7.4656625e-01	   8.0098588e+01	   8.9090293e-03	   4.5895915e-13	
   9.1000000e-01	  -7.5529091e-01	   8.0016793e+01	   8.8233645e-03	   4.5803806e-13	
   9.2000000e-01	  -7.6397519e-01	   7.9984193e+01	   8.7387645e-03	   4.5712307e-13	
   9.3000000e-01	  -7.7260883e-01	   8.0014253e+01	   8.6551714e-03	   4.5621523e-13	
   9.4000000e-01	  -7.8121051e-01	   8.0082817e+01	   8.5725374e-03	   4.5531254e-13	
   9.5000000e-01	  -7.8981063e-01	   8.0151955e+01	   8.4908258e-03	   4.5441180e-13	
   9.6000000e-01	  -7.9842911e-01	   8.0198373e+01	   8.4100107e-03	   4.5351092e-13	
   9.7000000e-01	  -8.0707008e-01	   8.0218166e+01	   8.3300777e-03	   4.5260949e-13	
   9.8000000e-01	  -8.1573333e-01	   8.0212169e+01	   8.2510231e-03	   4.5170753e-13	
   9.9000000e-01	  -8.2442348e-01	   8.0175109e+01	   8.1728541e-03	   4.5080457e-13	
   1.0000000e+00	  -8.3314399e-01	   8.0102335e+01	   8.0955877e-03	   4.4990028e-13	
