   0.0000000e+00	   0.0000000e+00	   0.0000000e+00	   2.0988624e-01	   5.4504287e-13	
   1.0000000e-02	   1.9291100e-02	   8.6542227e+01	   1.5225138e-01	   5.4746930e-13	
   2.0000000e-02	   3.0242721e-02	   8.8606001e+01	   1.2388884e-01	   5.4885160e-13	
   3.0000000e-02	   2.3234316e-02	   8.6921926e+01	   1.0582039e-01	   5.4796660e-13	
   4.0000000e-02	   2.8901646e-02	   8.8871628e+01	   9.3045931e-02	   5.4868214e-13	
   5.0000000e-02	   2.8596508e-02	   8.9546078e+01	   8.3368793e-02	   5.4864359e-13	
   6.0000000e-02	   2.0158930e-02	   8.8995909e+01	   7.5802509e-02	   5.4757871e-13	
   7.0000000e-02	   5.3959939e-03	   8.6998148e+01	   6.9689174e-02	   5.4572049e-13	
   8.0000000e-02	  -9.2521592e-03	   8.3692969e+01	   6.4582315e-02	   5.4388295e-13	
   9.0000000e-02	  -6.0831987e-03	   8.7683895e+01	   6.0211041e-02	   5.4427995e-13	
   1.0000000e-01	   2.4064533e-03	   9.0529604e+01	   5.6425491e-02	   5.4534496e-13	
   1.1000000e-01	   4.7720906e-03	   9.1677099e+01	   5.3131858e-02	   5.4564210e-13	
   1.2000000e-01	   3.6090216e-03	   9.2294687e+01	   5.0249644e-02	   5.4549599e-13	
   1.3000000e-01	  -4.4469816e-03	   9.2271340e+01	   4.7704363e-02	   5.4448505e-13	
   1.4000000e-01	  -2.5073180e-02	   9.0976645e+01	   4.5433671e-02	   5.4190523e-13	
   1.5000000e-01	  -4.4214862e-02	   8.9396576e+01	   4.3389443e-02	   5.3952202e-13	
   1.6000000e-01	  -5.6272546e-02	   8.8627619e+01	   4.1535271e-02	   5.3802618e-13	
   1.7000000e-01	  -6.5380002e-02	   8.8378189e+01	   3.9843241e-02	   5.3689908e-13	
   1.8000000e-01	  -7.3725314e-02	   8.8292659e+01	   3.8291501e-02	   5.3586838e-13	
   1.9000000e-01	  -8.2313627e-02	   8.8165751e+01	   3.6862520e-02	   5.3480973e-13	
   2.0000000e-01	  -9.1986601e-02	   8.7796598e+01	   3.5541803e-02	   5.3361988e-13	
   2.1000000e-01	  -1.0107436e-01	   8.7560175e+01	   3.4316980e-02	   5.3250443e-13	
   2.2000000e-01	  -1.0637710e-01	   8.8232473e+01	   3.3177218e-02	   5.3185464e-13	
   2.3000000e-01	  -1.0741656e-01	   8.9560780e+01	   3.2112867e-02	   5.3172736e-13	
   2.4000000e-01	  -1.0798323e-01	   9.0639507e+01	   3.1115282e-02	   5.3165798e-13	
   2.5000000e-01	  -1.1278559e-01	   9.1050938e+01	   3.0176779e-02	   5.3107041e-13	
   2.6000000e-01	  -1.2311415e-01	   9.0815927e+01	   2.9290702e-02	   5.2980889e-13	
   2.7000000e-01	  -1.3588634e-01	   9.0253091e+01	   2.8451525e-02	   5.2825306e-13	
   2.8000000e-01	  -1.4634395e-01	   8.9959938e+01	   2.7654938e-02	   5.2698259e-13	
   2.9000000e-01	  -1.5137148e-01	   9.0417737e+01	   2.6897832e-02	   5.2637289e-13	
   3.0000000e-01	  -1.5061237e-01	   9.1466410e+01	   2.6178155e-02	   5.2646490e-13	
   3.1000000e-01	  -1.4518322e-01	   9.2686353e+01	   2.5494619e-02	   5.2712345e-13	
   3.2000000e-01	  -1.3586812e-01	   9.3872685e+01	   2.4846325e-02	   5.2825528e-13	
   3.3000000e-01	  -1.2243135e-01	   9.4995854e+01	   2.4232390e-02	   5.2989220e-13	
   3.4000000e-01	  -1.0405987e-01	   9.6068186e+01	   2.3651673e-02	   5.3213849e-13	
   3.5000000e-01	  -7.9947996e-02	   9.7094818e+01	   2.3102644e-02	   5.3510112e-13	
   3.6000000e-01	  -4.9363098e-02	   9.8076850e+01	   2.2583397e-02	   5.3888283e-13	
   3.7000000e-01	  -1.1332331e-02	   9.9020464e+01	   2.2091751e-02	   5.4362250e-13	
   3.8000000e-01	   3.5585011e-02	   9.9936307e+01	   2.1625394e-02	   5.4952716e-13	
   3.9000000e-01	   9.3218990e-02	   1.0083389e+02	   2.1182011e-02	   5.5686838e-13	
   4.0000000e-01	   1.6353774e-01	   1.0171811e+02	   2.0759384e-02	   5.6595830e-13	
   4.1000000e-01	   2.4846252e-01	   1.0258978e+02	   2.0355455e-02	   5.7713433e-13	
   4.2000000e-01	   3.4982542e-01	   1.0344794e+02	   1.9968359e-02	   5.9076288e-13	
   4.3000000e-01	   4.6931217e-01	   1.0429098e+02	   1.9596434e-02	   6.0724210e-13	
   4.4000000e-01	   6.0815570e-01	   1.0511603e+02	   1.9238223e-02	   6.2696923e-13	
   4.5000000e-01	   7.6653183e-01	   1.0591769e+02	   1.8892461e-02	   6.5025521e-13	
   4.6000000e-01	   9.4295158e-01	   1.0668787e+02	   1.8558068e-02	   6.7721383e-13	
   4.7000000e-01	   1.1341690e+00	   1.0741766e+02	   1.8234139e-02	   7.0769733e-13	
   4.8000000e-01	   1.3359786e+00	   1.0810061e+02	   1.7919935e-02	   7.4135893e-13	
   4.9000000e-01	   1.5447821e+00	   1.0873577e+02	   1.7614873e-02	   7.7787331e-13	
   5.0000000e-01	   1.7592728e+00	   1.0932937e+02	   1.7318515e-02	   8.1725566e-13	
   5.1000000e-01	   1.9813849e+00	   1.0989398e+02	   1.7030555e-02	   8.6014002e-13	
   5.2000000e-01	   2.2159373e+00	   1.1044541e+02	   1.6750791e-02	   9.0787151e-13	
   5.3000000e-01	   2.4690427e+00	   1.1099831e+02	   1.6479107e-02	   9.6235417e-13	
   5.4000000e-01	   2.7460351e+00	   1.1156245e+02	   1.6215440e-02	   1.0257326e-12	
   5.5000000e-01	   3.0499233e+00	   1.1214125e+02	   1.5959747e-02	   1.1000768e-12	
   5.6000000e-01	   3.3809538e+00	   1.1273289e+02	   1.5711982e-02	   1.1872059e-12	
   5.7000000e-01	   3.7370114e+00	   1.1333240e+02	   1.5472069e-02	   1.2886406e-12	
   5.8000000e-01	   4.1140243e+00	   1.1393315e+02	   1.5239884e-02	   1.4055072e-12	
   5.9000000e-01	   4.5057687e+00	   1.1452689e+02	   1.5015254e-02	   1.5381813e-12	
   6.0000000e-01	   4.9032456e+00	   1.1510303e+02	   1.4797950e-02	   1.6856027e-12	
   6.1000000e-01	   5.2944142e+00	   1.1564842e+02	   1.4587695e-02	   1.8444720e-12	
   6.2000000e-01	   5.6649959e+00	   1.1614839e+02	   1.4384177e-02	   2.0087702e-12	
   6.3000000e-01	   6.0004246e+00	   1.1658890e+02	   1.4187057e-02	   2.1700669e-12	
   6.4000000e-01	   6.2883935e+00	   1.1695917e+02	   1.3995981e-02	   2.3188359e-12	
   6.5000000e-01	   6.5212554e+00	   1.1725392e+02	   1.3810596e-02	   2.4465618e-12	
   6.6000000e-01	   6.6977110e+00	   1.1747493e+02	   1.3630551e-02	   2.5480137e-12	
   6.7000000e-01	   6.8234737e+00	   1.1763155e+02	   1.3455511e-02	   2.6228777e-12	
   6.8000000e-01	   6.9107264e+00	   1.1774007e+02	   1.3285157e-02	   2.6761059e-12	
   6.9000000e-01	   6.9762442e+00	   1.1782161e+02	   1.3119192e-02	   2.7167838e-12	
   7.0000000e-01	   7.0382680e+00	   1.1789862e+02	   1.2957339e-02	   2.7558620e-12	
   7.1000000e-01	   7.1126981e+00	   1.1799033e+02	   1.2799345e-02	   2.8034994e-12	
   7.2000000e-01	   7.2097451e+00	   1.1810886e+02	   1.2644979e-02	   2.8668513e-12	
   7.3000000e-01	   7.3322863e+00	   1.1825725e+02	   1.2494032e-02	   2.9488948e-12	
   7.4000000e-01	   7.4764977e+00	   1.1843047e+02	   1.2346317e-02	   3.0484595e-12	
   7.5000000e-01	   7.6342335e+00	   1.1861847e+02	   1.2201666e-02	   3.1612148e-12	
   7.6000000e-01	   7.7959527e+00	   1.1880981e+02	   1.2059931e-02	   3.2811488e-12	
   7.7000000e-01	   7.9531436e+00	   1.1899458e+02	   1.1920983e-02	   3.4020839e-12	
   7.8000000e-01	   8.0998064e+00	   1.1916600e+02	   1.1784711e-02	   3.5189355e-12	
   7.9000000e-01	   8.2330766e+00	   1.1932105e+02	   1.1651020e-02	   3.6285935e-12	
   8.0000000e-01	   8.3532232e+00	   1.1946029e+02	   1.1519829e-02	   3.7303792e-12	
   8.1000000e-01	   8.4631710e+00	   1.1958727e+02	   1.1391073e-02	   3.8260246e-12	
   8.2000000e-01	   8.5675762e+00	   1.1970743e+02	   1.1264699e-02	   3.9191175e-12	
   8.3000000e-01	   8.6715128e+00	   1.1982660e+02	   1.1140662e-02	   4.0140423e-12	
   8.4000000e-01	   8.7790067e+00	   1.1994934e+02	   1.1018928e-02	   4.1146351e-12	
   8.5000000e-01	   8.8918542e+00	   1.2007762e+02	   1.0899468e-02	   4.2229513e-12	
   8.6000000e-01	   9.0091696e+00	   1.2021040e+02	   1.0782258e-02	   4.3385801e-12	
   8.7000000e-01	   9.1278393e+00	   1.2034417e+02	   1.0667275e-02	   4.4587651e-12	
   8.8000000e-01	   9.2436495e+00	   1.2047423e+02	   1.0554498e-02	   4.5792632e-12	
   8.9000000e-01	   9.3525804e+00	   1.2059619e+02	   1.0443906e-02	   4.6955742e-12	
   9.0000000e-01	   9.4517738e+00	   1.2070697e+02	   1.0335475e-02	   4.8040558e-12	
   9.1000000e-01	   9.5399290e+00	   1.2080524e+02	   1.0229178e-02	   4.9025672e-12	
   9.2000000e-01	   9.6171782e+00	   1.2089124e+02	   1.0124987e-02	   4.9905508e-12	
   9.3000000e-01	   9.6846673e+00	   1.2096633e+02	   1.0022869e-02	   5.0687093e-12	
   9.4000000e-01	   9.7440817e+00	   1.2103242e+02	   9.9227900e-03	   5.1385292e-12	
   9.5000000e-01	   9.7972577e+00	   1.2109158e+02	   9.8247122e-03	   5.2018333e-12	
   9.6000000e-01	   9.8458922e+00	   1.2114568e+02	   9.7285962e-03	   5.2604134e-12	
   9.7000000e-01	   9.8913054e+00	   1.2119619e+02	   9.6344014e-03	   5.3157090e-12	
   9.8000000e-01	   9.9342390e+00	   1.2124393e+02	   9.5420860e-03	   5.3685198e-12	
   9.9000000e-01	   9.9747371e+00	   1.2128896e+02	   9.4516079e-03	   5.4188155e-12	
   1.0000000e+00	   1.0012193e+01	   1.2133060e+02	   9.3629254e-03	   5.4657527e-12	
