   0.0000000e+00	   0.0000000e+00	   0.0000000e+00	   2.0988624e-01	   5.4504287e-13	
   1.0000000e-02	   1.9421161e-02	   8.6591870e+01	   1.5225138e-01	   5.4748569e-13	
   2.0000000e-02	   3.0501117e-02	   8.8666302e+01	   1.2388884e-01	   5.4888425e-13	
   3.0000000e-02	   2.3300976e-02	   8.6949464e+01	   1.0582039e-01	   5.4797501e-13	
   4.0000000e-02	   2.8355675e-02	   8.8773685e+01	   9.3045931e-02	   5.4861317e-13	
   5.0000000e-02	   2.8413950e-02	   8.9525402e+01	   8.3368793e-02	   5.4862053e-13	
   6.0000000e-02	   2.1703711e-02	   8.9286499e+01	   7.5802509e-02	   5.4777352e-13	
   7.0000000e-02	   6.6305993e-03	   8.7361764e+01	   6.9689174e-02	   5.4587565e-13	
   8.0000000e-02	  -9.3788658e-03	   8.3635638e+01	   6.4582315e-02	   5.4386708e-13	
   9.0000000e-02	  -7.9044547e-03	   8.7216232e+01	   6.0211041e-02	   5.4405175e-13	
   1.0000000e-01	   5.2713221e-04	   9.0289293e+01	   5.6425491e-02	   5.4510903e-13	
   1.1000000e-01	   4.6695114e-03	   9.1678424e+01	   5.3131858e-02	   5.4562921e-13	
   1.2000000e-01	   5.5717682e-03	   9.2473672e+01	   5.0249644e-02	   5.4574258e-13	
   1.3000000e-01	   2.7478590e-04	   9.2677088e+01	   4.7704363e-02	   5.4507735e-13	
   1.4000000e-01	  -1.9156920e-02	   9.1632134e+01	   4.5433671e-02	   5.4264395e-13	
   1.5000000e-01	  -3.9482043e-02	   9.0138898e+01	   4.3389443e-02	   5.4011029e-13	
   1.6000000e-01	  -5.2655866e-02	   8.9308690e+01	   4.1535271e-02	   5.3847441e-13	
   1.7000000e-01	  -6.1854294e-02	   8.9077681e+01	   3.9843241e-02	   5.3733512e-13	
   1.8000000e-01	  -7.0071583e-02	   8.9026515e+01	   3.8291501e-02	   5.3631939e-13	
   1.9000000e-01	  -7.8961332e-02	   8.8861153e+01	   3.6862520e-02	   5.3522270e-13	
   2.0000000e-01	  -8.9774485e-02	   8.8309227e+01	   3.5541803e-02	   5.3389175e-13	
   2.1000000e-01	  -1.0116580e-01	   8.7549447e+01	   3.4316980e-02	   5.3249322e-13	
   2.2000000e-01	  -1.0951002e-01	   8.7508511e+01	   3.3177218e-02	   5.3147110e-13	
   2.3000000e-01	  -1.1294571e-01	   8.8588956e+01	   3.2112867e-02	   5.3105083e-13	
   2.4000000e-01	  -1.1386054e-01	   8.9851744e+01	   3.1115282e-02	   5.3093897e-13	
   2.5000000e-01	  -1.1660856e-01	   9.0607567e+01	   3.0176779e-02	   5.3060313e-13	
   2.6000000e-01	  -1.2327182e-01	   9.0808280e+01	   2.9290702e-02	   5.2978966e-13	
   2.7000000e-01	  -1.3191679e-01	   9.0769761e+01	   2.8451525e-02	   5.2873612e-13	
   2.8000000e-01	  -1.3843976e-01	   9.0983025e+01	   2.7654938e-02	   5.2794257e-13	
   2.9000000e-01	  -1.3960469e-01	   9.1735994e+01	   2.6897832e-02	   5.2780098e-13	
   3.0000000e-01	  -1.3447819e-01	   9.2871281e+01	   2.6178155e-02	   5.2842437e-13	
   3.1000000e-01	  -1.2362560e-01	   9.4104046e+01	   2.5494619e-02	   5.2974650e-13	
   3.2000000e-01	  -1.0752199e-01	   9.5294708e+01	   2.4846325e-02	   5.3171445e-13	
   3.3000000e-01	  -8.5755059e-02	   9.6421705e+01	   2.4232390e-02	   5.3438610e-13	
   3.4000000e-01	  -5.7269114e-02	   9.7496571e+01	   2.3651673e-02	   5.3790273e-13	
   3.5000000e-01	  -2.0891506e-02	   9.8527294e+01	   2.3102644e-02	   5.4242726e-13	
   3.6000000e-01	   2.4486939e-02	   9.9516746e+01	   2.2583397e-02	   5.4812468e-13	
   3.7000000e-01	   8.0055766e-02	   1.0046827e+02	   2.2091751e-02	   5.5518310e-13	
   3.8000000e-01	   1.4722173e-01	   1.0138689e+02	   2.1625394e-02	   5.6383604e-13	
   3.9000000e-01	   2.2758556e-01	   1.0227764e+02	   2.1182011e-02	   5.7436665e-13	
   4.0000000e-01	   3.2287552e-01	   1.0314462e+02	   2.0759384e-02	   5.8710829e-13	
   4.1000000e-01	   4.3498093e-01	   1.0399158e+02	   2.0355455e-02	   6.0246074e-13	
   4.2000000e-01	   5.6601601e-01	   1.0482227e+02	   1.9968359e-02	   6.2091516e-13	
   4.3000000e-01	   7.1813661e-01	   1.0563943e+02	   1.9596434e-02	   6.4304937e-13	
   4.4000000e-01	   8.9288339e-01	   1.0644267e+02	   1.9238223e-02	   6.6945131e-13	
   4.5000000e-01	   1.0901877e+00	   1.0722689e+02	   1.8892461e-02	   7.0056661e-13	
   4.6000000e-01	   1.3076159e+00	   1.0798295e+02	   1.8558068e-02	   7.3653306e-13	
   4.7000000e-01	   1.5405463e+00	   1.0870076e+02	   1.8234139e-02	   7.7711499e-13	
   4.8000000e-01	   1.7835571e+00	   1.0937339e+02	   1.7919935e-02	   8.2183828e-13	
   4.9000000e-01	   2.0325637e+00	   1.1000043e+02	   1.7614873e-02	   8.7033616e-13	
   5.0000000e-01	   2.2867050e+00	   1.1058918e+02	   1.7318515e-02	   9.2278634e-13	
   5.1000000e-01	   2.5489925e+00	   1.1115304e+02	   1.7030555e-02	   9.8023434e-13	
   5.2000000e-01	   2.8253128e+00	   1.1170772e+02	   1.6750791e-02	   1.0446287e-12	
   5.3000000e-01	   3.1222188e+00	   1.1226672e+02	   1.6479107e-02	   1.1185426e-12	
   5.4000000e-01	   3.4446097e+00	   1.1283796e+02	   1.6215440e-02	   1.2047353e-12	
   5.5000000e-01	   3.7943917e+00	   1.1342314e+02	   1.5959747e-02	   1.3057794e-12	
   5.6000000e-01	   4.1704341e+00	   1.1401927e+02	   1.5711982e-02	   1.4238822e-12	
   5.7000000e-01	   4.5691741e+00	   1.1462063e+02	   1.5472069e-02	   1.5608029e-12	
   5.8000000e-01	   4.9849098e+00	   1.1521980e+02	   1.5239884e-02	   1.7175984e-12	
   5.9000000e-01	   5.4094151e+00	   1.1580724e+02	   1.5015254e-02	   1.8939660e-12	
   6.0000000e-01	   5.8313985e+00	   1.1637078e+02	   1.4797950e-02	   2.0872310e-12	
   6.1000000e-01	   6.2367058e+00	   1.1689583e+02	   1.4587695e-02	   2.2914017e-12	
   6.2000000e-01	   6.6097561e+00	   1.1736707e+02	   1.4384177e-02	   2.4969294e-12	
   6.3000000e-01	   6.9359519e+00	   1.1777093e+02	   1.4187057e-02	   2.6916950e-12	
   6.4000000e-01	   7.2043353e+00	   1.1809820e+02	   1.3995981e-02	   2.8632825e-12	
   6.5000000e-01	   7.4097931e+00	   1.1834611e+02	   1.3810596e-02	   3.0019950e-12	
   6.6000000e-01	   7.5543859e+00	   1.1851951e+02	   1.3630551e-02	   3.1036251e-12	
   6.7000000e-01	   7.6475757e+00	   1.1863112e+02	   1.3455511e-02	   3.1709415e-12	
   6.8000000e-01	   7.7051592e+00	   1.1870034e+02	   1.3285157e-02	   3.2132653e-12	
   6.9000000e-01	   7.7467713e+00	   1.1875062e+02	   1.3119192e-02	   3.2442013e-12	
   7.0000000e-01	   7.7921360e+00	   1.1880522e+02	   1.2957339e-02	   3.2782665e-12	
   7.1000000e-01	   7.8568937e+00	   1.1888239e+02	   1.2799345e-02	   3.3275151e-12	
   7.2000000e-01	   7.9494147e+00	   1.1899171e+02	   1.2644979e-02	   3.3991641e-12	
   7.3000000e-01	   8.0698704e+00	   1.1913302e+02	   1.2494032e-02	   3.4947628e-12	
   7.4000000e-01	   8.2117962e+00	   1.1929841e+02	   1.2346317e-02	   3.6108569e-12	
   7.5000000e-01	   8.3651766e+00	   1.1947604e+02	   1.2201666e-02	   3.7406607e-12	
   7.6000000e-01	   8.5196454e+00	   1.1965393e+02	   1.2059931e-02	   3.8761021e-12	
   7.7000000e-01	   8.6668341e+00	   1.1982260e+02	   1.1920983e-02	   4.0097202e-12	
   7.8000000e-01	   8.8016273e+00	   1.1997643e+02	   1.1784711e-02	   4.1361225e-12	
   7.9000000e-01	   8.9225118e+00	   1.2011393e+02	   1.1651020e-02	   4.2528673e-12	
   8.0000000e-01	   9.0312540e+00	   1.2023728e+02	   1.1519829e-02	   4.3606984e-12	
   8.1000000e-01	   9.1320262e+00	   1.2035129e+02	   1.1391073e-02	   4.4630657e-12	
   8.2000000e-01	   9.2300618e+00	   1.2046188e+02	   1.1264699e-02	   4.5649586e-12	
   8.3000000e-01	   9.3300530e+00	   1.2057429e+02	   1.1140662e-02	   4.6712806e-12	
   8.4000000e-01	   9.4347199e+00	   1.2069151e+02	   1.1018928e-02	   4.7852281e-12	
   8.5000000e-01	   9.5440574e+00	   1.2081352e+02	   1.0899468e-02	   4.9072298e-12	
   8.6000000e-01	   9.6555522e+00	   1.2093749e+02	   1.0782258e-02	   5.0348423e-12	
   8.7000000e-01	   9.7652331e+00	   1.2105906e+02	   1.0667275e-02	   5.1636163e-12	
   8.8000000e-01	   9.8690496e+00	   1.2117382e+02	   1.0554498e-02	   5.2885379e-12	
   8.9000000e-01	   9.9640054e+00	   1.2127856e+02	   1.0443906e-02	   5.4054418e-12	
   9.0000000e-01	   1.0048698e+01	   1.2137183e+02	   1.0335475e-02	   5.5118895e-12	
   9.1000000e-01	   1.0123252e+01	   1.2145386e+02	   1.0229178e-02	   5.6073268e-12	
   9.2000000e-01	   1.0188861e+01	   1.2152600e+02	   1.0124987e-02	   5.6926804e-12	
   9.3000000e-01	   1.0247244e+01	   1.2159019e+02	   1.0022869e-02	   5.7697244e-12	
   9.4000000e-01	   1.0300190e+01	   1.2164839e+02	   9.9227900e-03	   5.8404957e-12	
   9.5000000e-01	   1.0349264e+01	   1.2170233e+02	   9.8247121e-03	   5.9068646e-12	
   9.6000000e-01	   1.0395600e+01	   1.2175325e+02	   9.7285962e-03	   5.9702246e-12	
   9.7000000e-01	   1.0439764e+01	   1.2180177e+02	   9.6344014e-03	   6.0312467e-12	
   9.8000000e-01	   1.0481667e+01	   1.2184778e+02	   9.5420859e-03	   6.0897200e-12	
   9.9000000e-01	   1.0520614e+01	   1.2189055e+02	   9.4516079e-03	   6.1445780e-12	
   1.0000000e+00	   1.0555536e+01	   1.2192893e+02	   9.3629254e-03	   6.1941865e-12	
