   0.0000000e+00	   0.0000000e+00	   0.0000000e+00	   1.0494312e-01	   5.4504287e-13	
   1.0000000e-02	   3.5409527e-03	   8.3899484e+01	   8.8456638e-02	   5.4548744e-13	
   2.0000000e-02	   4.6115056e-04	   8.4839893e+01	   7.7158877e-02	   5.4510074e-13	
   3.0000000e-02	  -8.9329534e-03	   8.2470620e+01	   6.8859543e-02	   5.4392293e-13	
   4.0000000e-02	  -1.4872366e-02	   8.2712875e+01	   6.2395277e-02	   5.4317956e-13	
   5.0000000e-02	  -2.1514942e-02	   8.2773821e+01	   5.7263884e-02	   5.4234940e-13	
   6.0000000e-02	  -2.9719372e-02	   8.1810576e+01	   5.3080001e-02	   5.4132579e-13	
   7.0000000e-02	  -3.7147499e-02	   8.1757307e+01	   4.9544675e-02	   5.4040071e-13	
   8.0000000e-02	  -4.4264678e-02	   8.2199184e+01	   4.6493515e-02	   5.3951583e-13	
   9.0000000e-02	  -4.8725361e-02	   8.4441915e+01	   4.3844159e-02	   5.3896197e-13	
   1.0000000e-01	  -6.1607628e-02	   8.0430610e+01	   4.1536390e-02	   5.3736564e-13	
   1.1000000e-01	  -6.9952104e-02	   8.0014193e+01	   3.9510630e-02	   5.3633415e-13	
   1.2000000e-01	  -7.5752683e-02	   8.2523771e+01	   3.7711413e-02	   5.3561828e-13	
   1.3000000e-01	  -8.1927325e-02	   8.3920696e+01	   3.6092767e-02	   5.3485730e-13	
   1.4000000e-01	  -9.3378320e-02	   8.1427205e+01	   3.4619080e-02	   5.3344890e-13	
   1.5000000e-01	  -1.0204190e-01	   8.1005177e+01	   3.3263979e-02	   5.3238581e-13	
   1.6000000e-01	  -1.0943634e-01	   8.1946596e+01	   3.2009091e-02	   5.3148012e-13	
   1.7000000e-01	  -1.1566208e-01	   8.3554552e+01	   3.0842765e-02	   5.3071877e-13	
   1.8000000e-01	  -1.2555700e-01	   8.2434896e+01	   2.9758264e-02	   5.2951097e-13	
   1.9000000e-01	  -1.3580950e-01	   8.0516834e+01	   2.8751426e-02	   5.2826241e-13	
   2.0000000e-01	  -1.4332632e-01	   8.1509237e+01	   2.7818429e-02	   5.2734888e-13	
   2.1000000e-01	  -1.5141654e-01	   8.1817705e+01	   2.6954462e-02	   5.2636743e-13	
   2.2000000e-01	  -1.6039553e-01	   8.1258024e+01	   2.6153508e-02	   5.2528029e-13	
   2.3000000e-01	  -1.6880981e-01	   8.1286108e+01	   2.5408888e-02	   5.2426357e-13	
   2.4000000e-01	  -1.7693113e-01	   8.1629372e+01	   2.4713961e-02	   5.2328411e-13	
   2.5000000e-01	  -1.8549435e-01	   8.1540862e+01	   2.4062645e-02	   5.2225334e-13	
   2.6000000e-01	  -1.9418379e-01	   8.1336277e+01	   2.3449657e-02	   5.2120945e-13	
   2.7000000e-01	  -2.0256163e-01	   8.1464860e+01	   2.2870540e-02	   5.2020497e-13	
   2.8000000e-01	  -2.1093506e-01	   8.1605397e+01	   2.2321589e-02	   5.1920295e-13	
   2.9000000e-01	  -2.1955825e-01	   8.1508419e+01	   2.1799731e-02	   5.1817307e-13	
   3.0000000e-01	  -2.2826417e-01	   8.1333873e+01	   2.1302421e-02	   5.1713537e-13	
   3.1000000e-01	  -2.3698340e-01	   8.1146746e+01	   2.0827541e-02	   5.1609817e-13	
   3.2000000e-01	  -2.4576461e-01	   8.0889108e+01	   2.0373327e-02	   5.1505570e-13	
   3.3000000e-01	  -2.5448704e-01	   8.0694246e+01	   1.9938304e-02	   5.1402229e-13	
   3.4000000e-01	  -2.6298565e-01	   8.0768317e+01	   1.9521219e-02	   5.1301740e-13	
   3.5000000e-01	  -2.7128428e-01	   8.1070379e+01	   1.9120992e-02	   5.1203805e-13	
   3.6000000e-01	  -2.7959599e-01	   8.1342891e+01	   1.8736662e-02	   5.1105902e-13	
   3.7000000e-01	  -2.8816869e-01	   8.1343718e+01	   1.8367356e-02	   5.1005122e-13	
   3.8000000e-01	  -2.9704534e-01	   8.1027704e+01	   1.8012250e-02	   5.0900978e-13	
   3.9000000e-01	  -3.0595784e-01	   8.0650472e+01	   1.7670562e-02	   5.0796627e-13	
   4.0000000e-01	  -3.1460096e-01	   8.0582841e+01	   1.7341533e-02	   5.0695635e-13	
   4.1000000e-01	  -3.2297184e-01	   8.0840309e+01	   1.7024431e-02	   5.0598015e-13	
   4.2000000e-01	  -3.3129999e-01	   8.1131804e+01	   1.6718545e-02	   5.0501079e-13	
   4.3000000e-01	  -3.3976108e-01	   8.1272886e+01	   1.6423195e-02	   5.0402787e-13	
   4.4000000e-01	  -3.4841384e-01	   8.1217685e+01	   1.6137728e-02	   5.0302466e-13	
   4.5000000e-01	  -3.5725509e-01	   8.0962896e+01	   1.5861526e-02	   5.0200166e-13	
   4.6000000e-01	  -3.6615412e-01	   8.0628535e+01	   1.5594004e-02	   5.0097407e-13	
   4.7000000e-01	  -3.7487556e-01	   8.0492548e+01	   1.5334620e-02	   4.9996903e-13	
   4.8000000e-01	  -3.8333477e-01	   8.0672344e+01	   1.5082878e-02	   4.9899614e-13	
   4.9000000e-01	  -3.9172396e-01	   8.0923937e+01	   1.4838326e-02	   4.9803316e-13	
   5.0000000e-01	  -4.0027573e-01	   8.0990459e+01	   1.4600571e-02	   4.9705344e-13	
   5.1000000e-01	  -4.0901238e-01	   8.0856644e+01	   1.4369271e-02	   4.9605453e-13	
   5.2000000e-01	  -4.1780486e-01	   8.0656496e+01	   1.4144143e-02	   4.9505126e-13	
   5.3000000e-01	  -4.2655683e-01	   8.0498319e+01	   1.3924960e-02	   4.9405463e-13	
   5.4000000e-01	  -4.3524822e-01	   8.0411496e+01	   1.3711544e-02	   4.9306689e-13	
   5.5000000e-01	  -4.4389132e-01	   8.0384959e+01	   1.3503763e-02	   4.9208659e-13	
   5.6000000e-01	  -4.5251637e-01	   8.0382619e+01	   1.3301517e-02	   4.9111028e-13	
   5.7000000e-01	  -4.6114798e-01	   8.0374374e+01	   1.3104732e-02	   4.9013516e-13	
   5.8000000e-01	  -4.6976526e-01	   8.0385884e+01	   1.2913345e-02	   4.8916360e-13	
   5.9000000e-01	  -4.7833058e-01	   8.0462190e+01	   1.2727299e-02	   4.8819981e-13	
   6.0000000e-01	  -4.8686284e-01	   8.0577626e+01	   1.2546528e-02	   4.8724162e-13	
   6.1000000e-01	  -4.9543256e-01	   8.0649005e+01	   1.2370958e-02	   4.8628111e-13	
   6.2000000e-01	  -5.0408315e-01	   8.0629125e+01	   1.2200496e-02	   4.8531347e-13	
   6.3000000e-01	  -5.1279972e-01	   8.0534578e+01	   1.2035038e-02	   4.8434039e-13	
   6.4000000e-01	  -5.2154819e-01	   8.0401847e+01	   1.1874460e-02	   4.8336571e-13	
   6.5000000e-01	  -5.3029602e-01	   8.0267932e+01	   1.1718627e-02	   4.8239307e-13	
   6.6000000e-01	  -5.3899387e-01	   8.0195086e+01	   1.1567394e-02	   4.8142792e-13	
   6.7000000e-01	  -5.4759077e-01	   8.0249519e+01	   1.1420608e-02	   4.8047587e-13	
   6.8000000e-01	  -5.5609554e-01	   8.0415326e+01	   1.1278108e-02	   4.7953588e-13	
   6.9000000e-01	  -5.6459689e-01	   8.0579513e+01	   1.1139732e-02	   4.7859810e-13	
   7.0000000e-01	  -5.7319384e-01	   8.0631848e+01	   1.1005318e-02	   4.7765164e-13	
   7.1000000e-01	  -5.8191111e-01	   8.0548743e+01	   1.0874701e-02	   4.7669385e-13	
   7.2000000e-01	  -5.9069488e-01	   8.0387357e+01	   1.0747716e-02	   4.7573069e-13	
   7.3000000e-01	  -5.9947814e-01	   8.0222390e+01	   1.0624201e-02	   4.7476954e-13	
   7.4000000e-01	  -6.0822758e-01	   8.0095955e+01	   1.0503993e-02	   4.7381401e-13	
   7.5000000e-01	  -6.1693106e-01	   8.0027000e+01	   1.0386933e-02	   4.7286542e-13	
   7.6000000e-01	  -6.2557212e-01	   8.0038948e+01	   1.0272862e-02	   4.7192550e-13	
   7.7000000e-01	  -6.3414321e-01	   8.0140018e+01	   1.0161623e-02	   4.7099505e-13	
   7.8000000e-01	  -6.4267793e-01	   8.0283473e+01	   1.0053063e-02	   4.7007036e-13	
   7.9000000e-01	  -6.5124611e-01	   8.0383798e+01	   9.9470309e-03	   4.6914387e-13	
   8.0000000e-01	  -6.5990295e-01	   8.0379843e+01	   9.8433805e-03	   4.6820965e-13	
   8.1000000e-01	  -6.6864568e-01	   8.0275157e+01	   9.7419688e-03	   4.6726805e-13	
   8.2000000e-01	  -6.7742406e-01	   8.0125261e+01	   9.6426574e-03	   4.6632452e-13	
   8.3000000e-01	  -6.8618727e-01	   7.9990691e+01	   9.5453131e-03	   4.6538452e-13	
   8.4000000e-01	  -6.9491376e-01	   7.9900864e+01	   9.4498079e-03	   4.6445034e-13	
   8.5000000e-01	  -7.0360181e-01	   7.9860481e+01	   9.3560199e-03	   4.6352214e-13	
   8.6000000e-01	  -7.1224957e-01	   7.9872932e+01	   9.2638332e-03	   4.6260008e-13	
   8.7000000e-01	  -7.2085746e-01	   7.9936842e+01	   9.1731388e-03	   4.6168409e-13	
   8.8000000e-01	  -7.2944589e-01	   8.0024156e+01	   9.0838349e-03	   4.6077199e-13	
   8.9000000e-01	  -7.3805544e-01	   8.0083627e+01	   8.9958270e-03	   4.5985945e-13	
   9.0000000e-01	  -7.4671901e-01	   8.0076163e+01	   8.9090293e-03	   4.5894301e-13	
   9.1000000e-01	  -7.5543457e-01	   8.0004361e+01	   8.8233645e-03	   4.5802291e-13	
   9.2000000e-01	  -7.6416921e-01	   7.9907465e+01	   8.7387645e-03	   4.5710265e-13	
   9.3000000e-01	  -7.7288907e-01	   7.9828015e+01	   8.6551714e-03	   4.5618579e-13	
   9.4000000e-01	  -7.8158116e-01	   7.9783924e+01	   8.5725374e-03	   4.5527368e-13	
   9.5000000e-01	  -7.9024809e-01	   7.9772731e+01	   8.4908258e-03	   4.5436603e-13	
   9.6000000e-01	  -7.9889195e-01	   7.9791823e+01	   8.4100107e-03	   4.5346259e-13	
   9.7000000e-01	  -8.0751312e-01	   7.9840217e+01	   8.3300777e-03	   4.5256332e-13	
   9.8000000e-01	  -8.1612340e-01	   7.9902011e+01	   8.2510231e-03	   4.5166696e-13	
   9.9000000e-01	  -8.2474995e-01	   7.9942910e+01	   8.1728541e-03	   4.5077068e-13	
   1.0000000e+00	  -8.3341782e-01	   7.9932559e+01	   8.0955877e-03	   4.4987191e-13	
