   0.0000000e+00	   0.0000000e+00	   0.0000000e+00	   1.0494312e-01	   5.4504287e-13	
   1.0000000e-02	   3.5256479e-03	   8.3912784e+01	   8.8456638e-02	   5.4548552e-13	
   2.0000000e-02	   2.1691115e-04	   8.4743854e+01	   7.7158877e-02	   5.4507009e-13	
   3.0000000e-02	  -8.9652774e-03	   8.2477304e+01	   6.8859543e-02	   5.4391888e-13	
   4.0000000e-02	  -1.4447551e-02	   8.3072860e+01	   6.2395277e-02	   5.4323270e-13	
   5.0000000e-02	  -2.1653953e-02	   8.2703988e+01	   5.7263884e-02	   5.4233204e-13	
   6.0000000e-02	  -3.0604220e-02	   8.0906833e+01	   5.3080001e-02	   5.4121551e-13	
   7.0000000e-02	  -3.6846449e-02	   8.2094323e+01	   4.9544675e-02	   5.4043817e-13	
   8.0000000e-02	  -4.3926464e-02	   8.2539534e+01	   4.6493515e-02	   5.3955785e-13	
   9.0000000e-02	  -4.9595849e-02	   8.3998080e+01	   4.3844159e-02	   5.3885395e-13	
   1.0000000e-01	  -6.2084663e-02	   7.9832719e+01	   4.1536390e-02	   5.3730662e-13	
   1.1000000e-01	  -6.9847095e-02	   8.0247754e+01	   3.9510630e-02	   5.3634712e-13	
   1.2000000e-01	  -7.4928973e-02	   8.3201299e+01	   3.7711413e-02	   5.3571988e-13	
   1.3000000e-01	  -8.2736032e-02	   8.3463803e+01	   3.6092767e-02	   5.3475771e-13	
   1.4000000e-01	  -9.4072031e-02	   8.0710645e+01	   3.4619080e-02	   5.3336370e-13	
   1.5000000e-01	  -1.0201227e-01	   8.1112502e+01	   3.3263979e-02	   5.3238944e-13	
   1.6000000e-01	  -1.0887616e-01	   8.2494609e+01	   3.2009091e-02	   5.3154868e-13	
   1.7000000e-01	  -1.1595292e-01	   8.3414454e+01	   3.0842765e-02	   5.3068323e-13	
   1.8000000e-01	  -1.2673860e-01	   8.1399700e+01	   2.9758264e-02	   5.2936692e-13	
   1.9000000e-01	  -1.3603482e-01	   8.0300727e+01	   2.8751426e-02	   5.2823500e-13	
   2.0000000e-01	  -1.4326232e-01	   8.1638560e+01	   2.7818429e-02	   5.2735665e-13	
   2.1000000e-01	  -1.5178421e-01	   8.1521574e+01	   2.6954462e-02	   5.2632287e-13	
   2.2000000e-01	  -1.6058927e-01	   8.1115924e+01	   2.6153508e-02	   5.2525686e-13	
   2.3000000e-01	  -1.6859995e-01	   8.1569716e+01	   2.5408888e-02	   5.2428890e-13	
   2.4000000e-01	  -1.7677737e-01	   8.1841238e+01	   2.4713961e-02	   5.2330264e-13	
   2.5000000e-01	  -1.8558726e-01	   8.1514828e+01	   2.4062645e-02	   5.2224217e-13	
   2.6000000e-01	  -1.9427178e-01	   8.1314015e+01	   2.3449657e-02	   5.2119889e-13	
   2.7000000e-01	  -2.0261391e-01	   8.1480754e+01	   2.2870540e-02	   5.2019871e-13	
   2.8000000e-01	  -2.1112034e-01	   8.1489626e+01	   2.2321589e-02	   5.1918080e-13	
   2.9000000e-01	  -2.1986460e-01	   8.1263631e+01	   2.1799731e-02	   5.1813652e-13	
   3.0000000e-01	  -2.2861379e-01	   8.1030686e+01	   2.1302421e-02	   5.1709374e-13	
   3.1000000e-01	  -2.3734308e-01	   8.0817912e+01	   2.0827541e-02	   5.1605543e-13	
   3.2000000e-01	  -2.4602797e-01	   8.0657373e+01	   2.0373327e-02	   5.1502447e-13	
   3.3000000e-01	  -2.5454296e-01	   8.0706840e+01	   1.9938304e-02	   5.1401568e-13	
   3.4000000e-01	  -2.6289125e-01	   8.0953960e+01	   1.9521219e-02	   5.1302855e-13	
   3.5000000e-01	  -2.7125176e-01	   8.1178892e+01	   1.9120992e-02	   5.1204188e-13	
   3.6000000e-01	  -2.7983067e-01	   8.1168888e+01	   1.8736662e-02	   5.1103141e-13	
   3.7000000e-01	  -2.8867005e-01	   8.0875730e+01	   1.8367356e-02	   5.0999234e-13	
   3.8000000e-01	  -2.9753611e-01	   8.0534950e+01	   1.8012250e-02	   5.0895226e-13	
   3.9000000e-01	  -3.0613100e-01	   8.0520445e+01	   1.7670562e-02	   5.0794602e-13	
   4.0000000e-01	  -3.1445153e-01	   8.0836954e+01	   1.7341533e-02	   5.0697379e-13	
   4.1000000e-01	  -3.2276471e-01	   8.1142646e+01	   1.7024431e-02	   5.0600428e-13	
   4.2000000e-01	  -3.3127127e-01	   8.1233738e+01	   1.6718545e-02	   5.0501413e-13	
   4.3000000e-01	  -3.3998900e-01	   8.1105600e+01	   1.6423195e-02	   5.0400142e-13	
   4.4000000e-01	  -3.4885355e-01	   8.0812880e+01	   1.6137728e-02	   5.0297373e-13	
   4.5000000e-01	  -3.5771548e-01	   8.0506965e+01	   1.5861526e-02	   5.0194844e-13	
   4.6000000e-01	  -3.6636775e-01	   8.0450015e+01	   1.5594004e-02	   5.0094943e-13	
   4.7000000e-01	  -3.7478152e-01	   8.0683784e+01	   1.5334620e-02	   4.9997986e-13	
   4.8000000e-01	  -3.8319773e-01	   8.0904261e+01	   1.5082878e-02	   4.9901188e-13	
   4.9000000e-01	  -3.9183863e-01	   8.0871323e+01	   1.4838326e-02	   4.9802001e-13	
   5.0000000e-01	  -4.0065527e-01	   8.0638300e+01	   1.4600571e-02	   4.9701001e-13	
   5.1000000e-01	  -4.0945959e-01	   8.0410274e+01	   1.4369271e-02	   4.9600345e-13	
   5.2000000e-01	  -4.1816094e-01	   8.0304745e+01	   1.4144143e-02	   4.9501068e-13	
   5.3000000e-01	  -4.2678084e-01	   8.0303002e+01	   1.3924960e-02	   4.9402915e-13	
   5.4000000e-01	  -4.3536079e-01	   8.0353236e+01	   1.3711544e-02	   4.9305411e-13	
   5.5000000e-01	  -4.4393843e-01	   8.0407510e+01	   1.3503763e-02	   4.9208125e-13	
   5.6000000e-01	  -4.5253687e-01	   8.0437739e+01	   1.3301517e-02	   4.9110796e-13	
   5.7000000e-01	  -4.6113788e-01	   8.0466676e+01	   1.3104732e-02	   4.9013630e-13	
   5.8000000e-01	  -4.6971868e-01	   8.0521543e+01	   1.2913345e-02	   4.8916885e-13	
   5.9000000e-01	  -4.7831132e-01	   8.0563739e+01	   1.2727299e-02	   4.8820197e-13	
   6.0000000e-01	  -4.8696998e-01	   8.0530124e+01	   1.2546528e-02	   4.8722960e-13	
   6.1000000e-01	  -4.9569488e-01	   8.0419024e+01	   1.2370958e-02	   4.8625174e-13	
   6.2000000e-01	  -5.0443688e-01	   8.0286267e+01	   1.2200496e-02	   4.8527394e-13	
   6.3000000e-01	  -5.1315419e-01	   8.0183372e+01	   1.2035038e-02	   4.8430086e-13	
   6.4000000e-01	  -5.2182141e-01	   8.0144862e+01	   1.1874460e-02	   4.8333530e-13	
   6.5000000e-01	  -5.3041354e-01	   8.0203580e+01	   1.1718627e-02	   4.8238001e-13	
   6.6000000e-01	  -5.3893703e-01	   8.0347141e+01	   1.1567394e-02	   4.8143422e-13	
   6.7000000e-01	  -5.4746562e-01	   8.0480882e+01	   1.1420608e-02	   4.8048972e-13	
   6.8000000e-01	  -5.5609334e-01	   8.0496741e+01	   1.1278108e-02	   4.7953612e-13	
   6.9000000e-01	  -5.6484086e-01	   8.0371885e+01	   1.1139732e-02	   4.7857122e-13	
   7.0000000e-01	  -5.7363533e-01	   8.0186729e+01	   1.1005318e-02	   4.7760309e-13	
   7.1000000e-01	  -5.8238761e-01	   8.0050322e+01	   1.0874701e-02	   4.7664155e-13	
   7.2000000e-01	  -5.9106491e-01	   8.0010111e+01	   1.0747716e-02	   4.7569016e-13	
   7.3000000e-01	  -5.9968259e-01	   8.0048496e+01	   1.0624201e-02	   4.7474719e-13	
   7.4000000e-01	  -6.0825883e-01	   8.0140163e+01	   1.0503993e-02	   4.7381060e-13	
   7.5000000e-01	  -6.1680883e-01	   8.0263008e+01	   1.0386933e-02	   4.7287873e-13	
   7.6000000e-01	  -6.2537217e-01	   8.0367413e+01	   1.0272862e-02	   4.7194723e-13	
   7.7000000e-01	  -6.3400849e-01	   8.0384780e+01	   1.0161623e-02	   4.7100966e-13	
   7.8000000e-01	  -6.4274668e-01	   8.0281868e+01	   1.0053063e-02	   4.7006292e-13	
   7.9000000e-01	  -6.5154912e-01	   8.0097987e+01	   9.9470309e-03	   4.6911114e-13	
   8.0000000e-01	  -6.6034038e-01	   7.9922396e+01	   9.8433805e-03	   4.6816250e-13	
   8.1000000e-01	  -6.6906941e-01	   7.9824836e+01	   9.7419688e-03	   4.6722247e-13	
   8.2000000e-01	  -6.7773645e-01	   7.9809808e+01	   9.6426574e-03	   4.6629098e-13	
   8.3000000e-01	  -6.8636737e-01	   7.9843467e+01	   9.5453131e-03	   4.6536522e-13	
   8.4000000e-01	  -6.9498126e-01	   7.9899517e+01	   9.4498079e-03	   4.6444312e-13	
   8.5000000e-01	  -7.0359058e-01	   7.9960922e+01	   9.3560199e-03	   4.6352333e-13	
   8.6000000e-01	  -7.1221796e-01	   7.9998747e+01	   9.2638332e-03	   4.6260345e-13	
   8.7000000e-01	  -7.2089089e-01	   7.9978819e+01	   9.1731388e-03	   4.6168054e-13	
   8.8000000e-01	  -7.2961339e-01	   7.9895450e+01	   9.0838349e-03	   4.6075422e-13	
   8.9000000e-01	  -7.3835255e-01	   7.9788954e+01	   8.9958270e-03	   4.5982799e-13	
   9.0000000e-01	  -7.4706306e-01	   7.9718910e+01	   8.9090293e-03	   4.5890665e-13	
   9.1000000e-01	  -7.5572428e-01	   7.9714651e+01	   8.8233645e-03	   4.5799236e-13	
   9.2000000e-01	  -7.6434933e-01	   7.9758636e+01	   8.7387645e-03	   4.5708369e-13	
   9.3000000e-01	  -7.7296260e-01	   7.9817492e+01	   8.6551714e-03	   4.5617807e-13	
   9.4000000e-01	  -7.8157883e-01	   7.9871677e+01	   8.5725374e-03	   4.5527392e-13	
   9.5000000e-01	  -7.9020666e-01	   7.9910482e+01	   8.4908258e-03	   4.5437036e-13	
   9.6000000e-01	  -7.9886091e-01	   7.9915738e+01	   8.4100107e-03	   4.5346583e-13	
   9.7000000e-01	  -8.0755698e-01	   7.9868192e+01	   8.3300777e-03	   4.5255874e-13	
   9.8000000e-01	  -8.1629069e-01	   7.9771962e+01	   8.2510231e-03	   4.5164956e-13	
   9.9000000e-01	  -8.2503230e-01	   7.9663930e+01	   8.1728541e-03	   4.5074138e-13	
   1.0000000e+00	  -8.3374795e-01	   7.9589490e+01	   8.0955877e-03	   4.4983772e-13	
