   0.0000000e+00	   0.0000000e+00	   0.0000000e+00	   2.0988624e-01	   5.4504287e-13	
   1.0000000e-02	   2.0375481e-02	   8.6942095e+01	   1.5225138e-01	   5.4760601e-13	
   2.0000000e-02	   3.2432233e-02	   8.9094762e+01	   1.2388884e-01	   5.4912837e-13	
   3.0000000e-02	   2.4076909e-02	   8.7228752e+01	   1.0582039e-01	   5.4807293e-13	
   4.0000000e-02	   2.3833409e-02	   8.7832544e+01	   9.3045931e-02	   5.4804220e-13	
   5.0000000e-02	   2.5627096e-02	   8.9102021e+01	   8.3368793e-02	   5.4826859e-13	
   6.0000000e-02	   3.1789720e-02	   9.0842499e+01	   7.5802509e-02	   5.4904714e-13	
   7.0000000e-02	   1.8837866e-02	   8.9911318e+01	   6.9689174e-02	   5.4741217e-13	
   8.0000000e-02	  -2.1929419e-03	   8.6881785e+01	   6.4582315e-02	   5.4476772e-13	
   9.0000000e-02	  -1.4083589e-02	   8.5149669e+01	   6.0211041e-02	   5.4327823e-13	
   1.0000000e-01	  -1.6013676e-02	   8.7157997e+01	   5.6425491e-02	   5.4303684e-13	
   1.1000000e-01	  -8.7334840e-03	   9.0151817e+01	   5.3131858e-02	   5.4394791e-13	
   1.2000000e-01	   5.8581923e-05	   9.2060595e+01	   5.0249644e-02	   5.4505022e-13	
   1.3000000e-01	   1.2038148e-02	   9.3599448e+01	   4.7704363e-02	   5.4655576e-13	
   1.4000000e-01	   1.2447679e-02	   9.4104178e+01	   4.5433671e-02	   5.4660730e-13	
   1.5000000e-01	  -1.4524922e-03	   9.3727790e+01	   4.3389443e-02	   5.4486061e-13	
   1.6000000e-01	  -1.5842322e-02	   9.3285164e+01	   4.1535271e-02	   5.4305826e-13	
   1.7000000e-01	  -2.1933402e-02	   9.3404149e+01	   3.9843241e-02	   5.4229715e-13	
   1.8000000e-01	  -2.0291549e-02	   9.4007984e+01	   3.8291501e-02	   5.4250220e-13	
   1.9000000e-01	  -1.5282780e-02	   9.4714058e+01	   3.6862520e-02	   5.4312824e-13	
   2.0000000e-01	  -1.1904179e-02	   9.5251605e+01	   3.5541803e-02	   5.4355093e-13	
   2.1000000e-01	  -1.3696078e-02	   9.5520055e+01	   3.4316980e-02	   5.4332671e-13	
   2.2000000e-01	  -2.0963211e-02	   9.5552303e+01	   3.3177218e-02	   5.4241831e-13	
   2.3000000e-01	  -3.1401531e-02	   9.5453337e+01	   3.2112867e-02	   5.4111616e-13	
   2.4000000e-01	  -4.2564194e-02	   9.5322691e+01	   3.1115282e-02	   5.3972712e-13	
   2.5000000e-01	  -5.3239578e-02	   9.5212216e+01	   3.0176779e-02	   5.3840205e-13	
   2.6000000e-01	  -6.2634482e-02	   9.5159406e+01	   2.9290702e-02	   5.3723860e-13	
   2.7000000e-01	  -6.9004544e-02	   9.5243698e+01	   2.8451525e-02	   5.3645118e-13	
   2.8000000e-01	  -6.9547213e-02	   9.5572933e+01	   2.7654938e-02	   5.3638415e-13	
   2.9000000e-01	  -6.1650032e-02	   9.6190389e+01	   2.6897832e-02	   5.3736040e-13	
   3.0000000e-01	  -4.4280541e-02	   9.7020132e+01	   2.6178155e-02	   5.3951386e-13	
   3.1000000e-01	  -1.8380917e-02	   9.7928380e+01	   2.5494619e-02	   5.4274092e-13	
   3.2000000e-01	   1.3902037e-02	   9.8810175e+01	   2.4846325e-02	   5.4679038e-13	
   3.3000000e-01	   5.0455886e-02	   9.9617774e+01	   2.4232390e-02	   5.5141204e-13	
   3.4000000e-01	   9.0094463e-02	   1.0034626e+02	   2.3651673e-02	   5.5646789e-13	
   3.5000000e-01	   1.3277735e-01	   1.0101139e+02	   2.3102644e-02	   5.6196387e-13	
   3.6000000e-01	   1.7935065e-01	   1.0163412e+02	   2.2583397e-02	   5.6802274e-13	
   3.7000000e-01	   2.3117172e-01	   1.0223297e+02	   2.2091751e-02	   5.7484113e-13	
   3.8000000e-01	   2.8985441e-01	   1.0282188e+02	   2.1625394e-02	   5.8266120e-13	
   3.9000000e-01	   3.5718811e-01	   1.0341073e+02	   2.1182011e-02	   5.9176527e-13	
   4.0000000e-01	   4.3516888e-01	   1.0400659e+02	   2.0759384e-02	   6.0248682e-13	
   4.1000000e-01	   5.2600785e-01	   1.0461434e+02	   2.0355455e-02	   6.1522142e-13	
   4.2000000e-01	   6.3192912e-01	   1.0523614e+02	   1.9968359e-02	   6.3041069e-13	
   4.3000000e-01	   7.5461439e-01	   1.0586980e+02	   1.9596434e-02	   6.4847330e-13	
   4.4000000e-01	   8.9438096e-01	   1.0650762e+02	   1.9238223e-02	   6.6968220e-13	
   4.5000000e-01	   1.0495126e+00	   1.0713702e+02	   1.8892461e-02	   6.9403587e-13	
   4.6000000e-01	   1.2163160e+00	   1.0774382e+02	   1.8558068e-02	   7.2121086e-13	
   4.7000000e-01	   1.3902046e+00	   1.0831672e+02	   1.8234139e-02	   7.5067356e-13	
   4.8000000e-01	   1.5675031e+00	   1.0885127e+02	   1.7919935e-02	   7.8195358e-13	
   4.9000000e-01	   1.7471510e+00	   1.0935155e+02	   1.7614873e-02	   8.1497776e-13	
   5.0000000e-01	   1.9314411e+00	   1.0982893e+02	   1.7318515e-02	   8.5030507e-13	
   5.1000000e-01	   2.1254314e+00	   1.1029851e+02	   1.7030555e-02	   8.8914747e-13	
   5.2000000e-01	   2.3353897e+00	   1.1077466e+02	   1.6750791e-02	   9.3318904e-13	
   5.3000000e-01	   2.5671114e+00	   1.1126769e+02	   1.6479107e-02	   9.8433245e-13	
   5.4000000e-01	   2.8247936e+00	   1.1178268e+02	   1.6215440e-02	   1.0445038e-12	
   5.5000000e-01	   3.1104660e+00	   1.1231975e+02	   1.5959747e-02	   1.1155198e-12	
   5.6000000e-01	   3.4234039e+00	   1.1287441e+02	   1.5711982e-02	   1.1988671e-12	
   5.7000000e-01	   3.7591135e+00	   1.1343720e+02	   1.5472069e-02	   1.2952154e-12	
   5.8000000e-01	   4.1082711e+00	   1.1399331e+02	   1.5239884e-02	   1.4036466e-12	
   5.9000000e-01	   4.4565873e+00	   1.1452337e+02	   1.5015254e-02	   1.5208605e-12	
   6.0000000e-01	   4.7862825e+00	   1.1500598e+02	   1.4797950e-02	   1.6408123e-12	
   6.1000000e-01	   5.0789472e+00	   1.1542109e+02	   1.4587695e-02	   1.7551950e-12	
   6.2000000e-01	   5.3188500e+00	   1.1575337e+02	   1.4384177e-02	   1.8548793e-12	
   6.3000000e-01	   5.4957481e+00	   1.1599454e+02	   1.4187057e-02	   1.9319927e-12	
   6.4000000e-01	   5.6066874e+00	   1.1614482e+02	   1.3995981e-02	   1.9819806e-12	
   6.5000000e-01	   5.6566643e+00	   1.1621333e+02	   1.3810596e-02	   2.0049202e-12	
   6.6000000e-01	   5.6581186e+00	   1.1621759e+02	   1.3630551e-02	   2.0055917e-12	
   6.7000000e-01	   5.6291528e+00	   1.1618171e+02	   1.3455511e-02	   1.9922597e-12	
   6.8000000e-01	   5.5904248e+00	   1.1613293e+02	   1.3285157e-02	   1.9745728e-12	
   6.9000000e-01	   5.5610643e+00	   1.1609660e+02	   1.3119192e-02	   1.9612687e-12	
   7.0000000e-01	   5.5546541e+00	   1.1609083e+02	   1.2957339e-02	   1.9583760e-12	
   7.1000000e-01	   5.5767491e+00	   1.1612297e+02	   1.2799345e-02	   1.9683647e-12	
   7.2000000e-01	   5.6249643e+00	   1.1618960e+02	   1.2644979e-02	   1.9903392e-12	
   7.3000000e-01	   5.6914374e+00	   1.1627996e+02	   1.2494032e-02	   2.0210376e-12	
   7.4000000e-01	   5.7663666e+00	   1.1638088e+02	   1.2346317e-02	   2.0562093e-12	
   7.5000000e-01	   5.8411245e+00	   1.1648096e+02	   1.2201666e-02	   2.0919105e-12	
   7.6000000e-01	   5.9100507e+00	   1.1657292e+02	   1.2059931e-02	   2.1253758e-12	
   7.7000000e-01	   5.9708015e+00	   1.1665386e+02	   1.1920983e-02	   2.1553153e-12	
   7.8000000e-01	   6.0236387e+00	   1.1672425e+02	   1.1784711e-02	   2.1816975e-12	
   7.9000000e-01	   6.0702314e+00	   1.1678633e+02	   1.1651020e-02	   2.2052295e-12	
   8.0000000e-01	   6.1125109e+00	   1.1684264e+02	   1.1519829e-02	   2.2268027e-12	
   8.1000000e-01	   6.1519469e+00	   1.1689509e+02	   1.1391073e-02	   2.2471152e-12	
   8.2000000e-01	   6.1893527e+00	   1.1694474e+02	   1.1264699e-02	   2.2665532e-12	
   8.3000000e-01	   6.2250780e+00	   1.1699206e+02	   1.1140662e-02	   2.2852750e-12	
   8.4000000e-01	   6.2593203e+00	   1.1703731e+02	   1.1018928e-02	   2.3033646e-12	
   8.5000000e-01	   6.2923190e+00	   1.1708083e+02	   1.0899468e-02	   2.3209327e-12	
   8.6000000e-01	   6.3243466e+00	   1.1712298e+02	   1.0782258e-02	   2.3381121e-12	
   8.7000000e-01	   6.3555594e+00	   1.1716397e+02	   1.0667275e-02	   2.3549766e-12	
   8.8000000e-01	   6.3858394e+00	   1.1720368e+02	   1.0554498e-02	   2.3714534e-12	
   8.9000000e-01	   6.4147355e+00	   1.1724157e+02	   1.0443906e-02	   2.3872847e-12	
   9.0000000e-01	   6.4415357e+00	   1.1727676e+02	   1.0335475e-02	   2.4020621e-12	
   9.1000000e-01	   6.4654351e+00	   1.1730828e+02	   1.0229178e-02	   2.4153172e-12	
   9.2000000e-01	   6.4857378e+00	   1.1733530e+02	   1.0124987e-02	   2.4266349e-12	
   9.3000000e-01	   6.5020265e+00	   1.1735732e+02	   1.0022869e-02	   2.4357534e-12	
   9.4000000e-01	   6.5142518e+00	   1.1737429e+02	   9.9227900e-03	   2.4426196e-12	
   9.5000000e-01	   6.5227110e+00	   1.1738661e+02	   9.8247122e-03	   2.4473820e-12	
   9.6000000e-01	   6.5279229e+00	   1.1739492e+02	   9.7285962e-03	   2.4503208e-12	
   9.7000000e-01	   6.5304446e+00	   1.1739991e+02	   9.6344014e-03	   2.4517440e-12	
   9.8000000e-01	   6.5307089e+00	   1.1740213e+02	   9.5420860e-03	   2.4518932e-12	
   9.9000000e-01	   6.5289529e+00	   1.1740187e+02	   9.4516080e-03	   2.4509020e-12	
   1.0000000e+00	   6.5252635e+00	   1.1739924e+02	   9.3629255e-03	   2.4488208e-12	
