   0.0000000e+00	   0.0000000e+00	   0.0000000e+00	   2.0988624e-01	   5.4504287e-13	
   1.0000000e-02	   2.0881159e-02	   8.7118456e+01	   1.5225138e-01	   5.4766978e-13	
   2.0000000e-02	   3.3487025e-02	   8.9313700e+01	   1.2388884e-01	   5.4926176e-13	
   3.0000000e-02	   2.4748298e-02	   8.7442469e+01	   1.0582039e-01	   5.4815766e-13	
   4.0000000e-02	   2.1365328e-02	   8.7199460e+01	   9.3045931e-02	   5.4773084e-13	
   5.0000000e-02	   2.3290734e-02	   8.8677504e+01	   8.3368793e-02	   5.4797372e-13	
   6.0000000e-02	   3.5386052e-02	   9.1303460e+01	   7.5802509e-02	   5.4950198e-13	
   7.0000000e-02	   2.6273276e-02	   9.0964915e+01	   6.9689174e-02	   5.4835018e-13	
   8.0000000e-02	   6.8424994e-03	   8.9077114e+01	   6.4582315e-02	   5.4590228e-13	
   9.0000000e-02	  -9.3485621e-03	   8.6964019e+01	   6.0211041e-02	   5.4387088e-13	
   1.0000000e-01	  -2.0134788e-02	   8.5839762e+01	   5.6425491e-02	   5.4252178e-13	
   1.1000000e-01	  -1.7931348e-02	   8.8611653e+01	   5.3131858e-02	   5.4279711e-13	
   1.2000000e-01	  -1.1608652e-02	   9.0844580e+01	   5.0249644e-02	   5.4358792e-13	
   1.3000000e-01	   1.0079579e-03	   9.2840021e+01	   4.7704363e-02	   5.4516938e-13	
   1.4000000e-01	   9.4819661e-03	   9.3958569e+01	   4.5433671e-02	   5.4623416e-13	
   1.5000000e-01	   3.9957309e-03	   9.4092552e+01	   4.3389443e-02	   5.4554456e-13	
   1.6000000e-01	  -7.3275260e-03	   9.3876710e+01	   4.1535271e-02	   5.4412403e-13	
   1.7000000e-01	  -1.3180353e-02	   9.3995178e+01	   3.9843241e-02	   5.4339123e-13	
   1.8000000e-01	  -9.5019541e-03	   9.4637653e+01	   3.8291501e-02	   5.4385167e-13	
   1.9000000e-01	   2.5802222e-03	   9.5567197e+01	   3.6862520e-02	   5.4536678e-13	
   2.0000000e-01	   2.0084602e-02	   9.6522753e+01	   3.5541803e-02	   5.4756934e-13	
   2.1000000e-01	   3.9641578e-02	   9.7366740e+01	   3.4316980e-02	   5.5004069e-13	
   2.2000000e-01	   5.8203589e-02	   9.8052385e+01	   3.3177218e-02	   5.5239663e-13	
   2.3000000e-01	   7.3080121e-02	   9.8568627e+01	   3.2112867e-02	   5.5429208e-13	
   2.4000000e-01	   8.1840673e-02	   9.8912021e+01	   3.1115282e-02	   5.5541132e-13	
   2.5000000e-01	   8.2999189e-02	   9.9088873e+01	   3.0176779e-02	   5.5555950e-13	
   2.6000000e-01	   7.6996447e-02	   9.9126659e+01	   2.9290702e-02	   5.5479215e-13	
   2.7000000e-01	   6.6222786e-02	   9.9075240e+01	   2.8451525e-02	   5.5341756e-13	
   2.8000000e-01	   5.3983522e-02	   9.8996161e+01	   2.7654938e-02	   5.5186012e-13	
   2.9000000e-01	   4.3535968e-02	   9.8951673e+01	   2.6897832e-02	   5.5053414e-13	
   3.0000000e-01	   3.7966178e-02	   9.9001921e+01	   2.6178155e-02	   5.4982854e-13	
   3.1000000e-01	   4.0462575e-02	   9.9201892e+01	   2.5494619e-02	   5.5014468e-13	
   3.2000000e-01	   5.4148537e-02	   9.9585043e+01	   2.4846325e-02	   5.5188109e-13	
   3.3000000e-01	   8.1409462e-02	   1.0014397e+02	   2.4232390e-02	   5.5535618e-13	
   3.4000000e-01	   1.2344243e-01	   1.0083422e+02	   2.3651673e-02	   5.6075726e-13	
   3.5000000e-01	   1.8057447e-01	   1.0160103e+02	   2.3102644e-02	   5.6818283e-13	
   3.6000000e-01	   2.5307782e-01	   1.0240278e+02	   2.2583397e-02	   5.7774799e-13	
   3.7000000e-01	   3.4179055e-01	   1.0321643e+02	   2.2091751e-02	   5.8967092e-13	
   3.8000000e-01	   4.4820641e-01	   1.0403174e+02	   2.1625394e-02	   6.0429820e-13	
   3.9000000e-01	   5.7426138e-01	   1.0484459e+02	   2.1182011e-02	   6.2209512e-13	
   4.0000000e-01	   7.2213360e-01	   1.0565344e+02	   2.0759384e-02	   6.4364147e-13	
   4.1000000e-01	   8.9397201e-01	   1.0645725e+02	   2.0355455e-02	   6.6961914e-13	
   4.2000000e-01	   1.0911747e+00	   1.0725301e+02	   1.9968359e-02	   7.0072584e-13	
   4.3000000e-01	   1.3131689e+00	   1.0803345e+02	   1.9596434e-02	   7.3747543e-13	
   4.4000000e-01	   1.5563909e+00	   1.0878695e+02	   1.9238223e-02	   7.7995536e-13	
   4.5000000e-01	   1.8144952e+00	   1.0950073e+02	   1.8892461e-02	   8.2771377e-13	
   4.6000000e-01	   2.0801736e+00	   1.1016557e+02	   1.8558068e-02	   8.7992979e-13	
   4.7000000e-01	   2.3477680e+00	   1.1077949e+02	   1.8234139e-02	   9.3585262e-13	
   4.8000000e-01	   2.6151939e+00	   1.1134847e+02	   1.7919935e-02	   9.9529093e-13	
   4.9000000e-01	   2.8841171e+00	   1.1188394e+02	   1.7614873e-02	   1.0588693e-12	
   5.0000000e-01	   3.1584917e+00	   1.1239879e+02	   1.7318515e-02	   1.1279240e-12	
   5.1000000e-01	   3.4425785e+00	   1.1290373e+02	   1.7030555e-02	   1.2041720e-12	
   5.2000000e-01	   3.7396614e+00	   1.1340591e+02	   1.6750791e-02	   1.2894271e-12	
   5.3000000e-01	   4.0517935e+00	   1.1390941e+02	   1.6479107e-02	   1.3855111e-12	
   5.4000000e-01	   4.3798455e+00	   1.1441596e+02	   1.6215440e-02	   1.4942223e-12	
   5.5000000e-01	   4.7229357e+00	   1.1492463e+02	   1.5959747e-02	   1.6170529e-12	
   5.6000000e-01	   5.0771485e+00	   1.1543050e+02	   1.5711982e-02	   1.7544682e-12	
   5.7000000e-01	   5.4344255e+00	   1.1592379e+02	   1.5472069e-02	   1.9049045e-12	
   5.8000000e-01	   5.7826553e+00	   1.1639047e+02	   1.5239884e-02	   2.0639358e-12	
   5.9000000e-01	   6.1072204e+00	   1.1681457e+02	   1.5015254e-02	   2.2240917e-12	
   6.0000000e-01	   6.3934036e+00	   1.1718090e+02	   1.4797950e-02	   2.3755875e-12	
   6.1000000e-01	   6.6288277e+00	   1.1747755e+02	   1.4587695e-02	   2.5079186e-12	
   6.2000000e-01	   6.8054305e+00	   1.1769772e+02	   1.4384177e-02	   2.6120032e-12	
   6.3000000e-01	   6.9208723e+00	   1.1784093e+02	   1.4187057e-02	   2.6823651e-12	
   6.4000000e-01	   6.9793716e+00	   1.1791386e+02	   1.3995981e-02	   2.7187409e-12	
   6.5000000e-01	   6.9917995e+00	   1.1793050e+02	   1.3810596e-02	   2.7265320e-12	
   6.6000000e-01	   6.9746390e+00	   1.1791114e+02	   1.3630551e-02	   2.7157799e-12	
   6.7000000e-01	   6.9474434e+00	   1.1787963e+02	   1.3455511e-02	   2.6988267e-12	
   6.8000000e-01	   6.9289369e+00	   1.1785884e+02	   1.3285157e-02	   2.6873507e-12	
   6.9000000e-01	   6.9328260e+00	   1.1786550e+02	   1.3119192e-02	   2.6897583e-12	
   7.0000000e-01	   6.9650478e+00	   1.1790680e+02	   1.2957339e-02	   2.7097888e-12	
   7.1000000e-01	   7.0237453e+00	   1.1798025e+02	   1.2799345e-02	   2.7466618e-12	
   7.2000000e-01	   7.1017521e+00	   1.1807684e+02	   1.2644979e-02	   2.7964424e-12	
   7.3000000e-01	   7.1900313e+00	   1.1818540e+02	   1.2494032e-02	   2.8538674e-12	
   7.4000000e-01	   7.2803992e+00	   1.1829595e+02	   1.2346317e-02	   2.9138727e-12	
   7.5000000e-01	   7.3668078e+00	   1.1840123e+02	   1.2201666e-02	   2.9724287e-12	
   7.6000000e-01	   7.4454566e+00	   1.1849678e+02	   1.2059931e-02	   3.0267484e-12	
   7.7000000e-01	   7.5144138e+00	   1.1858044e+02	   1.1920983e-02	   3.0751906e-12	
   7.8000000e-01	   7.5732369e+00	   1.1865179e+02	   1.1784711e-02	   3.1171259e-12	
   7.9000000e-01	   7.6226785e+00	   1.1871183e+02	   1.1651020e-02	   3.1528151e-12	
   8.0000000e-01	   7.6643256e+00	   1.1876249e+02	   1.1519829e-02	   3.1831948e-12	
   8.1000000e-01	   7.7000751e+00	   1.1880606e+02	   1.1391073e-02	   3.2095059e-12	
   8.2000000e-01	   7.7315640e+00	   1.1884451e+02	   1.1264699e-02	   3.2328612e-12	
   8.3000000e-01	   7.7598018e+00	   1.1887903e+02	   1.1140662e-02	   3.2539498e-12	
   8.4000000e-01	   7.7851522e+00	   1.1891009e+02	   1.1018928e-02	   3.2729990e-12	
   8.5000000e-01	   7.8075761e+00	   1.1893765e+02	   1.0899468e-02	   3.2899422e-12	
   8.6000000e-01	   7.8269039e+00	   1.1896153e+02	   1.0782258e-02	   3.3046163e-12	
   8.7000000e-01	   7.8429616e+00	   1.1898156e+02	   1.0667275e-02	   3.3168576e-12	
   8.8000000e-01	   7.8555691e+00	   1.1899753e+02	   1.0554498e-02	   3.3265003e-12	
   8.9000000e-01	   7.8645490e+00	   1.1900926e+02	   1.0443906e-02	   3.3333856e-12	
   9.0000000e-01	   7.8698419e+00	   1.1901669e+02	   1.0335475e-02	   3.3374506e-12	
   9.1000000e-01	   7.8716701e+00	   1.1902008e+02	   1.0229178e-02	   3.3388558e-12	
   9.2000000e-01	   7.8706002e+00	   1.1902011e+02	   1.0124987e-02	   3.3380334e-12	
   9.3000000e-01	   7.8674129e+00	   1.1901769e+02	   1.0022869e-02	   3.3355845e-12	
   9.4000000e-01	   7.8628360e+00	   1.1901366e+02	   9.9227900e-03	   3.3320711e-12	
   9.5000000e-01	   7.8573098e+00	   1.1900854e+02	   9.8247122e-03	   3.3278339e-12	
   9.6000000e-01	   7.8509283e+00	   1.1900242e+02	   9.7285962e-03	   3.3229475e-12	
   9.7000000e-01	   7.8435685e+00	   1.1899518e+02	   9.6344014e-03	   3.3173211e-12	
   9.8000000e-01	   7.8351012e+00	   1.1898665e+02	   9.5420860e-03	   3.3108597e-12	
   9.9000000e-01	   7.8255417e+00	   1.1897687e+02	   9.4516080e-03	   3.3035800e-12	
   1.0000000e+00	   7.8150773e+00	   1.1896604e+02	   9.3629255e-03	   3.2956295e-12	
