   0.0000000e+00	   0.0000000e+00	   0.0000000e+00	   2.0988624e-01	   5.4504287e-13	
   1.0000000e-02	   2.2671940e-02	   8.7699125e+01	   1.5225138e-01	   5.4789565e-13	
   2.0000000e-02	   3.7456256e-02	   9.0058270e+01	   1.2388884e-01	   5.4976398e-13	
   3.0000000e-02	   2.9108430e-02	   8.8585640e+01	   1.0582039e-01	   5.4870827e-13	
   4.0000000e-02	   1.5387069e-02	   8.5078900e+01	   9.3045931e-02	   5.4697738e-13	
   5.0000000e-02	   1.3339469e-02	   8.6013879e+01	   8.3368793e-02	   5.4671955e-13	
   6.0000000e-02	   3.4222603e-02	   9.1279775e+01	   7.5802509e-02	   5.4935480e-13	
   7.0000000e-02	   4.2292004e-02	   9.2690186e+01	   6.9689174e-02	   5.5037647e-13	
   8.0000000e-02	   4.5868900e-02	   9.3489843e+01	   6.4582315e-02	   5.5082995e-13	
   9.0000000e-02	   4.5870799e-02	   9.3967571e+01	   6.0211041e-02	   5.5083020e-13	
   1.0000000e-01	   3.2254053e-02	   9.3564126e+01	   5.6425491e-02	   5.4910584e-13	
   1.1000000e-01	   2.3262534e-02	   9.3468857e+01	   5.3131858e-02	   5.4797016e-13	
   1.2000000e-01	   3.1046273e-02	   9.4432678e+01	   5.0249644e-02	   5.4895316e-13	
   1.3000000e-01	   4.0235296e-02	   9.5284912e+01	   4.7704363e-02	   5.5011589e-13	
   1.4000000e-01	   4.3757050e-02	   9.5769140e+01	   4.5433671e-02	   5.5056217e-13	
   1.5000000e-01	   4.0681009e-02	   9.5952729e+01	   4.3389443e-02	   5.5017235e-13	
   1.6000000e-01	   3.5149900e-02	   9.6037713e+01	   4.1535271e-02	   5.4947210e-13	
   1.7000000e-01	   3.6370012e-02	   9.6374245e+01	   3.9843241e-02	   5.4962650e-13	
   1.8000000e-01	   5.2845187e-02	   9.7172660e+01	   3.8291501e-02	   5.5171549e-13	
   1.9000000e-01	   8.9474205e-02	   9.8342471e+01	   3.6862520e-02	   5.5638842e-13	
   2.0000000e-01	   1.4936304e-01	   9.9688828e+01	   3.5541803e-02	   5.6411411e-13	
   2.1000000e-01	   2.3505245e-01	   1.0106874e+02	   3.4316980e-02	   5.7535502e-13	
   2.2000000e-01	   3.4628018e-01	   1.0238550e+02	   3.3177218e-02	   5.9028083e-13	
   2.3000000e-01	   4.7848053e-01	   1.0357842e+02	   3.2112867e-02	   6.0852540e-13	
   2.4000000e-01	   6.2675016e-01	   1.0463812e+02	   3.1115282e-02	   6.2965938e-13	
   2.5000000e-01	   7.9189315e-01	   1.0560244e+02	   3.0176779e-02	   6.5406359e-13	
   2.6000000e-01	   9.8123729e-01	   1.0652397e+02	   2.9290702e-02	   6.8321027e-13	
   2.7000000e-01	   1.2043629e+00	   1.0743996e+02	   2.8451525e-02	   7.1922861e-13	
   2.8000000e-01	   1.4714612e+00	   1.0837232e+02	   2.7654938e-02	   7.6485090e-13	
   2.9000000e-01	   1.7965581e+00	   1.0934291e+02	   2.6897832e-02	   8.2430222e-13	
   3.0000000e-01	   2.1964214e+00	   1.1036919e+02	   2.6178155e-02	   9.0380097e-13	
   3.1000000e-01	   2.6790380e+00	   1.1144201e+02	   2.5494619e-02	   1.0100304e-12	
   3.2000000e-01	   3.2327730e+00	   1.1252184e+02	   2.4846325e-02	   1.1473818e-12	
   3.3000000e-01	   3.8308228e+00	   1.1356338e+02	   2.4232390e-02	   1.3167792e-12	
   3.4000000e-01	   4.4464866e+00	   1.1453989e+02	   2.3651673e-02	   1.5173275e-12	
   3.5000000e-01	   5.0635668e+00	   1.1544733e+02	   2.3102644e-02	   1.7489900e-12	
   3.6000000e-01	   5.6770252e+00	   1.1629599e+02	   2.2583397e-02	   2.0143419e-12	
   3.7000000e-01	   6.2902250e+00	   1.1710294e+02	   2.2091751e-02	   2.3198140e-12	
   3.8000000e-01	   6.9127502e+00	   1.1788875e+02	   2.1625394e-02	   2.6773533e-12	
   3.9000000e-01	   7.5560549e+00	   1.1867248e+02	   2.1182011e-02	   3.1048180e-12	
   4.0000000e-01	   8.2250313e+00	   1.1946297e+02	   2.0759384e-02	   3.6218778e-12	
   4.1000000e-01	   8.9107411e+00	   1.2025229e+02	   2.0355455e-02	   4.2413565e-12	
   4.2000000e-01	   9.5917502e+00	   1.2101920e+02	   1.9968359e-02	   4.9614164e-12	
   4.3000000e-01	   1.0244002e+01	   1.2174072e+02	   1.9596434e-02	   5.7654186e-12	
   4.4000000e-01	   1.0851443e+01	   1.2240317e+02	   1.9238223e-02	   6.6309383e-12	
   4.5000000e-01	   1.1410506e+01	   1.2300604e+02	   1.8892461e-02	   7.5419078e-12	
   4.6000000e-01	   1.1927687e+01	   1.2355874e+02	   1.8558068e-02	   8.4957034e-12	
   4.7000000e-01	   1.2413981e+01	   1.2407460e+02	   1.8234139e-02	   9.5022996e-12	
   4.8000000e-01	   1.2880323e+01	   1.2456619e+02	   1.7919935e-02	   1.0579446e-11	
   4.9000000e-01	   1.3335631e+01	   1.2504348e+02	   1.7614872e-02	   1.1748807e-11	
   5.0000000e-01	   1.3786119e+01	   1.2551337e+02	   1.7318515e-02	   1.3032945e-11	
   5.1000000e-01	   1.4234110e+01	   1.2597853e+02	   1.7030555e-02	   1.4449128e-11	
   5.2000000e-01	   1.4676621e+01	   1.2643613e+02	   1.6750791e-02	   1.5998996e-11	
   5.3000000e-01	   1.5105468e+01	   1.2687800e+02	   1.6479107e-02	   1.7659461e-11	
   5.4000000e-01	   1.5509570e+01	   1.2729306e+02	   1.6215440e-02	   1.9381512e-11	
   5.5000000e-01	   1.5877935e+01	   1.2767041e+02	   1.5959747e-02	   2.1097166e-11	
   5.6000000e-01	   1.6201363e+01	   1.2800100e+02	   1.5711982e-02	   2.2728298e-11	
   5.7000000e-01	   1.6472507e+01	   1.2827766e+02	   1.5472069e-02	   2.4192532e-11	
   5.8000000e-01	   1.6685551e+01	   1.2849474e+02	   1.5239884e-02	   2.5408895e-11	
   5.9000000e-01	   1.6836832e+01	   1.2864871e+02	   1.5015254e-02	   2.6309574e-11	
   6.0000000e-01	   1.6926500e+01	   1.2873988e+02	   1.4797950e-02	   2.6858431e-11	
   6.1000000e-01	   1.6960243e+01	   1.2877411e+02	   1.4587695e-02	   2.7067927e-11	
   6.2000000e-01	   1.6949915e+01	   1.2876352e+02	   1.4384177e-02	   2.7003628e-11	
   6.3000000e-01	   1.6912517e+01	   1.2872542e+02	   1.4187057e-02	   2.6772094e-11	
   6.4000000e-01	   1.6867675e+01	   1.2867981e+02	   1.3995981e-02	   2.6497092e-11	
   6.5000000e-01	   1.6834152e+01	   1.2864581e+02	   1.3810596e-02	   2.6293345e-11	
   6.6000000e-01	   1.6826209e+01	   1.2863793e+02	   1.3630551e-02	   2.6245304e-11	
   6.7000000e-01	   1.6850885e+01	   1.2866335e+02	   1.3455511e-02	   2.6394850e-11	
   6.8000000e-01	   1.6907217e+01	   1.2872105e+02	   1.3285157e-02	   2.6739441e-11	
   6.9000000e-01	   1.6987840e+01	   1.2880348e+02	   1.3119192e-02	   2.7240471e-11	
   7.0000000e-01	   1.7082229e+01	   1.2889988e+02	   1.2957339e-02	   2.7838997e-11	
   7.1000000e-01	   1.7180045e+01	   1.2899970e+02	   1.2799345e-02	   2.8473126e-11	
   7.2000000e-01	   1.7273265e+01	   1.2909476e+02	   1.2644979e-02	   2.9090900e-11	
   7.3000000e-01	   1.7356765e+01	   1.2917985e+02	   1.2494032e-02	   2.9655631e-11	
   7.4000000e-01	   1.7427855e+01	   1.2925223e+02	   1.2346317e-02	   3.0145058e-11	
   7.5000000e-01	   1.7485538e+01	   1.2931092e+02	   1.2201666e-02	   3.0548121e-11	
   7.6000000e-01	   1.7529961e+01	   1.2935606e+02	   1.2059931e-02	   3.0862193e-11	
   7.7000000e-01	   1.7562071e+01	   1.2938864e+02	   1.1920983e-02	   3.1091222e-11	
   7.8000000e-01	   1.7583358e+01	   1.2941017e+02	   1.1784711e-02	   3.1243990e-11	
   7.9000000e-01	   1.7595597e+01	   1.2942248e+02	   1.1651019e-02	   3.1332165e-11	
   8.0000000e-01	   1.7600649e+01	   1.2942747e+02	   1.1519829e-02	   3.1368632e-11	
   8.1000000e-01	   1.7600350e+01	   1.2942701e+02	   1.1391073e-02	   3.1366472e-11	
   8.2000000e-01	   1.7596437e+01	   1.2942288e+02	   1.1264699e-02	   3.1338225e-11	
   8.3000000e-01	   1.7590434e+01	   1.2941663e+02	   1.1140662e-02	   3.1294936e-11	
   8.4000000e-01	   1.7583504e+01	   1.2940946e+02	   1.1018928e-02	   3.1245035e-11	
   8.5000000e-01	   1.7576362e+01	   1.2940210e+02	   1.0899468e-02	   3.1193696e-11	
   8.6000000e-01	   1.7569310e+01	   1.2939485e+02	   1.0782258e-02	   3.1143089e-11	
   8.7000000e-01	   1.7562353e+01	   1.2938773e+02	   1.0667275e-02	   3.1093238e-11	
   8.8000000e-01	   1.7555309e+01	   1.2938055e+02	   1.0554498e-02	   3.1042848e-11	
   8.9000000e-01	   1.7547881e+01	   1.2937301e+02	   1.0443906e-02	   3.0989802e-11	
   9.0000000e-01	   1.7539713e+01	   1.2936473e+02	   1.0335475e-02	   3.0931568e-11	
   9.1000000e-01	   1.7530487e+01	   1.2935540e+02	   1.0229178e-02	   3.0865930e-11	
   9.2000000e-01	   1.7520067e+01	   1.2934488e+02	   1.0124987e-02	   3.0791964e-11	
   9.3000000e-01	   1.7508583e+01	   1.2933328e+02	   1.0022869e-02	   3.0710646e-11	
   9.4000000e-01	   1.7496381e+01	   1.2932097e+02	   9.9227899e-03	   3.0624483e-11	
   9.5000000e-01	   1.7483847e+01	   1.2930834e+02	   9.8247121e-03	   3.0536229e-11	
   9.6000000e-01	   1.7471216e+01	   1.2929561e+02	   9.7285961e-03	   3.0447544e-11	
   9.7000000e-01	   1.7458512e+01	   1.2928281e+02	   9.6344013e-03	   3.0358608e-11	
   9.8000000e-01	   1.7445661e+01	   1.2926987e+02	   9.5420859e-03	   3.0268907e-11	
   9.9000000e-01	   1.7432668e+01	   1.2925678e+02	   9.4516079e-03	   3.0178489e-11	
   1.0000000e+00	   1.7419715e+01	   1.2924375e+02	   9.3629254e-03	   3.0088614e-11	
