   0.0000000e+00	   0.0000000e+00	   0.0000000e+00	   2.0988624e-01	   5.4504287e-13	
   1.0000000e-02	   2.2919562e-02	   8.7774622e+01	   1.5225138e-01	   5.4792689e-13	
   2.0000000e-02	   3.8038186e-02	   9.0158324e+01	   1.2388884e-01	   5.4983765e-13	
   3.0000000e-02	   2.9996008e-02	   8.8784318e+01	   1.0582039e-01	   5.4882042e-13	
   4.0000000e-02	   1.5168625e-02	   8.4983392e+01	   9.3045931e-02	   5.4694987e-13	
   5.0000000e-02	   1.2150179e-02	   8.5539509e+01	   8.3368793e-02	   5.4656986e-13	
   6.0000000e-02	   3.2548125e-02	   9.1094860e+01	   7.5802509e-02	   5.4914303e-13	
   7.0000000e-02	   4.2163890e-02	   9.2693428e+01	   6.9689174e-02	   5.5036024e-13	
   8.0000000e-02	   4.9474712e-02	   9.3749454e+01	   6.4582315e-02	   5.5128748e-13	
   9.0000000e-02	   5.4485404e-02	   9.4491502e+01	   6.0211041e-02	   5.5192390e-13	
   1.0000000e-01	   4.5748945e-02	   9.4419196e+01	   5.6425491e-02	   5.5081474e-13	
   1.1000000e-01	   3.9865544e-02	   9.4515442e+01	   5.3131858e-02	   5.5006906e-13	
   1.2000000e-01	   5.4016871e-02	   9.5579822e+01	   5.0249644e-02	   5.5186436e-13	
   1.3000000e-01	   7.1480936e-02	   9.6550721e+01	   4.7704363e-02	   5.5408801e-13	
   1.4000000e-01	   8.0848710e-02	   9.7102781e+01	   4.5433671e-02	   5.5528447e-13	
   1.5000000e-01	   8.1480333e-02	   9.7347288e+01	   4.3389443e-02	   5.5536524e-13	
   1.6000000e-01	   8.0141471e-02	   9.7526749e+01	   4.1535271e-02	   5.5519405e-13	
   1.7000000e-01	   8.8397152e-02	   9.7952238e+01	   3.9843241e-02	   5.5625045e-13	
   1.8000000e-01	   1.1676599e-01	   9.8787438e+01	   3.8291501e-02	   5.5989586e-13	
   1.9000000e-01	   1.7243552e-01	   9.9960451e+01	   3.6862520e-02	   5.6711902e-13	
   2.0000000e-01	   2.6129350e-01	   1.0131596e+02	   3.5541803e-02	   5.7884196e-13	
   2.1000000e-01	   3.8819621e-01	   1.0272339e+02	   3.4316980e-02	   5.9600552e-13	
   2.2000000e-01	   5.5321512e-01	   1.0408104e+02	   3.3177218e-02	   6.1908769e-13	
   2.3000000e-01	   7.5042481e-01	   1.0532541e+02	   3.2112867e-02	   6.4784803e-13	
   2.4000000e-01	   9.7451527e-01	   1.0645022e+02	   3.1115282e-02	   6.8215362e-13	
   2.5000000e-01	   1.2286213e+00	   1.0749578e+02	   3.0176779e-02	   7.2325724e-13	
   2.6000000e-01	   1.5234399e+00	   1.0851089e+02	   2.9290702e-02	   7.7406003e-13	
   2.7000000e-01	   1.8701022e+00	   1.0952437e+02	   2.8451525e-02	   8.3837994e-13	
   2.8000000e-01	   2.2784233e+00	   1.1055045e+02	   2.7654938e-02	   9.2102832e-13	
   2.9000000e-01	   2.7612643e+00	   1.1160523e+02	   2.6897832e-02	   1.0293358e-12	
   3.0000000e-01	   3.3310759e+00	   1.1269951e+02	   2.6178155e-02	   1.1736490e-12	
   3.1000000e-01	   3.9846848e+00	   1.1381747e+02	   2.5494619e-02	   1.3642663e-12	
   3.2000000e-01	   4.6952751e+00	   1.1491776e+02	   2.4846325e-02	   1.6067865e-12	
   3.3000000e-01	   5.4252858e+00	   1.1595969e+02	   2.4232390e-02	   1.9008999e-12	
   3.4000000e-01	   6.1462223e+00	   1.1692448e+02	   2.3651673e-02	   2.2441552e-12	
   3.5000000e-01	   6.8466004e+00	   1.1781568e+02	   2.3102644e-02	   2.6368820e-12	
   3.6000000e-01	   7.5281434e+00	   1.1864906e+02	   2.2583397e-02	   3.0849278e-12	
   3.7000000e-01	   8.2003942e+00	   1.1944510e+02	   2.2091751e-02	   3.6013894e-12	
   3.8000000e-01	   8.8772536e+00	   1.2022559e+02	   2.1625394e-02	   4.2087780e-12	
   3.9000000e-01	   9.5712803e+00	   1.2100810e+02	   2.1182011e-02	   4.9380864e-12	
   4.0000000e-01	   1.0284629e+01	   1.2179714e+02	   2.0759384e-02	   5.8196054e-12	
   4.1000000e-01	   1.1003648e+01	   1.2257969e+02	   2.0355455e-02	   6.8674487e-12	
   4.2000000e-01	   1.1703793e+01	   1.2333161e+02	   1.9968359e-02	   8.0688185e-12	
   4.3000000e-01	   1.2361679e+01	   1.2403066e+02	   1.9596434e-02	   9.3885511e-12	
   4.4000000e-01	   1.2964954e+01	   1.2466633e+02	   1.9238223e-02	   1.0787632e-11	
   4.5000000e-01	   1.3514429e+01	   1.2524153e+02	   1.8892461e-02	   1.2242598e-11	
   4.6000000e-01	   1.4019767e+01	   1.2576775e+02	   1.8558068e-02	   1.3753315e-11	
   4.7000000e-01	   1.4493471e+01	   1.2625890e+02	   1.8234139e-02	   1.5338318e-11	
   4.8000000e-01	   1.4946912e+01	   1.2672728e+02	   1.7919934e-02	   1.7026362e-11	
   4.9000000e-01	   1.5388840e+01	   1.2718223e+02	   1.7614872e-02	   1.8850145e-11	
   5.0000000e-01	   1.5824488e+01	   1.2762934e+02	   1.7318515e-02	   2.0839124e-11	
   5.1000000e-01	   1.6254211e+01	   1.2806911e+02	   1.7030555e-02	   2.3006561e-11	
   5.2000000e-01	   1.6672842e+01	   1.2849644e+02	   1.6750791e-02	   2.5334647e-11	
   5.3000000e-01	   1.7071265e+01	   1.2890222e+02	   1.6479107e-02	   2.7768802e-11	
   5.4000000e-01	   1.7439555e+01	   1.2927659e+02	   1.6215440e-02	   3.0226383e-11	
   5.5000000e-01	   1.7769417e+01	   1.2961135e+02	   1.5959747e-02	   3.2611619e-11	
   5.6000000e-01	   1.8054534e+01	   1.2990032e+02	   1.5711982e-02	   3.4824432e-11	
   5.7000000e-01	   1.8289676e+01	   1.3013839e+02	   1.5472069e-02	   3.6761922e-11	
   5.8000000e-01	   1.8470403e+01	   1.3032122e+02	   1.5239884e-02	   3.8324008e-11	
   5.9000000e-01	   1.8594276e+01	   1.3044643e+02	   1.5015254e-02	   3.9432855e-11	
   6.0000000e-01	   1.8662889e+01	   1.3051573e+02	   1.4797950e-02	   4.0060794e-11	
   6.1000000e-01	   1.8683366e+01	   1.3053635e+02	   1.4587695e-02	   4.0250125e-11	
   6.2000000e-01	   1.8668417e+01	   1.3052117e+02	   1.4384177e-02	   4.0111823e-11	
   6.3000000e-01	   1.8634873e+01	   1.3048723e+02	   1.4187057e-02	   3.9803201e-11	
   6.4000000e-01	   1.8601021e+01	   1.3045303e+02	   1.3995981e-02	   3.9494145e-11	
   6.5000000e-01	   1.8583222e+01	   1.3043515e+02	   1.3810596e-02	   3.9332614e-11	
   6.6000000e-01	   1.8592561e+01	   1.3044480e+02	   1.3630551e-02	   3.9417291e-11	
   6.7000000e-01	   1.8632707e+01	   1.3048568e+02	   1.3455511e-02	   3.9783354e-11	
   6.8000000e-01	   1.8700065e+01	   1.3055413e+02	   1.3285157e-02	   4.0405193e-11	
   6.9000000e-01	   1.8786206e+01	   1.3064157e+02	   1.3119192e-02	   4.1214615e-11	
   7.0000000e-01	   1.8881225e+01	   1.3073795e+02	   1.2957339e-02	   4.2126282e-11	
   7.1000000e-01	   1.8976384e+01	   1.3083442e+02	   1.2799345e-02	   4.3059512e-11	
   7.2000000e-01	   1.9065276e+01	   1.3092447e+02	   1.2644979e-02	   4.3949934e-11	
   7.3000000e-01	   1.9143818e+01	   1.3100398e+02	   1.2494032e-02	   4.4751998e-11	
   7.4000000e-01	   1.9209837e+01	   1.3107077e+02	   1.2346317e-02	   4.5437498e-11	
   7.5000000e-01	   1.9262681e+01	   1.3112416e+02	   1.2201666e-02	   4.5993743e-11	
   7.6000000e-01	   1.9302875e+01	   1.3116471e+02	   1.2059931e-02	   4.6421391e-11	
   7.7000000e-01	   1.9331728e+01	   1.3119376e+02	   1.1920983e-02	   4.6730828e-11	
   7.8000000e-01	   1.9350915e+01	   1.3121299e+02	   1.1784711e-02	   4.6937737e-11	
   7.9000000e-01	   1.9362192e+01	   1.3122420e+02	   1.1651019e-02	   4.7059775e-11	
   8.0000000e-01	   1.9367306e+01	   1.3122917e+02	   1.1519829e-02	   4.7115223e-11	
   8.1000000e-01	   1.9367963e+01	   1.3122964e+02	   1.1391073e-02	   4.7122355e-11	
   8.2000000e-01	   1.9365715e+01	   1.3122717e+02	   1.1264698e-02	   4.7097967e-11	
   8.3000000e-01	   1.9361767e+01	   1.3122300e+02	   1.1140662e-02	   4.7055171e-11	
   8.4000000e-01	   1.9356859e+01	   1.3121788e+02	   1.1018928e-02	   4.7002025e-11	
   8.5000000e-01	   1.9351316e+01	   1.3121214e+02	   1.0899468e-02	   4.6942070e-11	
   8.6000000e-01	   1.9345209e+01	   1.3120586e+02	   1.0782258e-02	   4.6876111e-11	
   8.7000000e-01	   1.9338498e+01	   1.3119899e+02	   1.0667275e-02	   4.6803733e-11	
   8.8000000e-01	   1.9331075e+01	   1.3119144e+02	   1.0554498e-02	   4.6723804e-11	
   8.9000000e-01	   1.9322773e+01	   1.3118302e+02	   1.0443906e-02	   4.6634568e-11	
   9.0000000e-01	   1.9313429e+01	   1.3117356e+02	   1.0335475e-02	   4.6534340e-11	
   9.1000000e-01	   1.9303010e+01	   1.3116304e+02	   1.0229178e-02	   4.6422840e-11	
   9.2000000e-01	   1.9291697e+01	   1.3115163e+02	   1.0124987e-02	   4.6302066e-11	
   9.3000000e-01	   1.9279821e+01	   1.3113966e+02	   1.0022869e-02	   4.6175624e-11	
   9.4000000e-01	   1.9267686e+01	   1.3112744e+02	   9.9227899e-03	   4.6046777e-11	
   9.5000000e-01	   1.9255411e+01	   1.3111509e+02	   9.8247120e-03	   4.5916819e-11	
   9.6000000e-01	   1.9242947e+01	   1.3110255e+02	   9.7285961e-03	   4.5785223e-11	
   9.7000000e-01	   1.9230234e+01	   1.3108977e+02	   9.6344013e-03	   4.5651398e-11	
   9.8000000e-01	   1.9217374e+01	   1.3107684e+02	   9.5420859e-03	   4.5516414e-11	
   9.9000000e-01	   1.9204643e+01	   1.3106404e+02	   9.4516078e-03	   4.5383188e-11	
   1.0000000e+00	   1.9192372e+01	   1.3105172e+02	   9.3629253e-03	   4.5255131e-11	
