   0.0000000e+00	   0.0000000e+00	   0.0000000e+00	   2.0988624e-01	   5.4504287e-13	
   1.0000000e-02	   2.3594878e-02	   8.7975258e+01	   1.5225138e-01	   5.4801210e-13	
   2.0000000e-02	   3.9670667e-02	   9.0428345e+01	   1.2388884e-01	   5.5004437e-13	
   3.0000000e-02	   3.2811001e-02	   8.9361042e+01	   1.0582039e-01	   5.4917627e-13	
   4.0000000e-02	   1.5624449e-02	   8.5233116e+01	   9.3045931e-02	   5.4700728e-13	
   5.0000000e-02	   9.7367660e-03	   8.4379003e+01	   8.3368793e-02	   5.4626621e-13	
   6.0000000e-02	   2.7030942e-02	   9.0404975e+01	   7.5802509e-02	   5.4844585e-13	
   7.0000000e-02	   3.8602387e-02	   9.2419822e+01	   6.9689174e-02	   5.4990909e-13	
   8.0000000e-02	   5.4471095e-02	   9.4105130e+01	   6.4582315e-02	   5.5192208e-13	
   9.0000000e-02	   7.3180297e-02	   9.5465585e+01	   6.0211041e-02	   5.5430486e-13	
   1.0000000e-01	   8.1784203e-02	   9.6135762e+01	   5.6425491e-02	   5.5540410e-13	
   1.1000000e-01	   9.0164603e-02	   9.6714491e+01	   5.3131858e-02	   5.5647687e-13	
   1.2000000e-01	   1.2863666e-01	   9.8056305e+01	   5.0249644e-02	   5.6142833e-13	
   1.3000000e-01	   1.8302330e-01	   9.9393801e+01	   4.7704363e-02	   5.6850330e-13	
   1.4000000e-01	   2.2867302e-01	   1.0029170e+02	   4.5433671e-02	   5.7451049e-13	
   1.5000000e-01	   2.5920896e-01	   1.0084008e+02	   4.3389443e-02	   5.7856420e-13	
   1.6000000e-01	   2.8455008e-01	   1.0126683e+02	   4.1535271e-02	   5.8194999e-13	
   1.7000000e-01	   3.2172841e-01	   1.0179274e+02	   3.9843241e-02	   5.8695324e-13	
   1.8000000e-01	   3.8845748e-01	   1.0255573e+02	   3.8291501e-02	   5.9604137e-13	
   1.9000000e-01	   5.0293837e-01	   1.0359495e+02	   3.6862520e-02	   6.1196206e-13	
   2.0000000e-01	   6.8420370e-01	   1.0486781e+02	   3.5541803e-02	   6.3804459e-13	
   2.1000000e-01	   9.4539104e-01	   1.0626744e+02	   3.4316980e-02	   6.7759433e-13	
   2.2000000e-01	   1.2847818e+00	   1.0766916e+02	   3.3177218e-02	   7.3267072e-13	
   2.3000000e-01	   1.6897707e+00	   1.0899553e+02	   3.2112867e-02	   8.0428086e-13	
   2.4000000e-01	   2.1541598e+00	   1.1024267e+02	   3.1115282e-02	   8.9504864e-13	
   2.5000000e-01	   2.6873487e+00	   1.1145095e+02	   3.0176779e-02	   1.0119651e-12	
   2.6000000e-01	   3.3030373e+00	   1.1265512e+02	   2.9290702e-02	   1.1660962e-12	
   2.7000000e-01	   4.0050500e+00	   1.1386377e+02	   2.8451525e-02	   1.3706787e-12	
   2.8000000e-01	   4.7903874e+00	   1.1507668e+02	   2.7654938e-02	   1.6423639e-12	
   2.9000000e-01	   5.6569276e+00	   1.1629857e+02	   2.6897832e-02	   2.0050417e-12	
   3.0000000e-01	   6.5935339e+00	   1.1752404e+02	   2.6178155e-02	   2.4876201e-12	
   3.1000000e-01	   7.5651572e+00	   1.1872166e+02	   2.5494619e-02	   3.1113322e-12	
   3.2000000e-01	   8.5214736e+00	   1.1984768e+02	   2.4846325e-02	   3.8777341e-12	
   3.3000000e-01	   9.4234576e+00	   1.2087423e+02	   2.4232390e-02	   4.7728349e-12	
   3.4000000e-01	   1.0259034e+01	   1.2180169e+02	   2.3651673e-02	   5.7854087e-12	
   3.5000000e-01	   1.1038275e+01	   1.2265055e+02	   2.3102644e-02	   6.9224229e-12	
   3.6000000e-01	   1.1780960e+01	   1.2344793e+02	   2.2583396e-02	   8.2134702e-12	
   3.7000000e-01	   1.2508502e+01	   1.2422000e+02	   2.2091751e-02	   9.7113787e-12	
   3.8000000e-01	   1.3239144e+01	   1.2498792e+02	   2.1625394e-02	   1.1490663e-11	
   3.9000000e-01	   1.3980700e+01	   1.2576102e+02	   2.1182011e-02	   1.3630150e-11	
   4.0000000e-01	   1.4723729e+01	   1.2653041e+02	   2.0759384e-02	   1.6173482e-11	
   4.1000000e-01	   1.5443989e+01	   1.2727209e+02	   2.0355455e-02	   1.9091038e-11	
   4.2000000e-01	   1.6114848e+01	   1.2795986e+02	   1.9968359e-02	   2.2280013e-11	
   4.3000000e-01	   1.6720045e+01	   1.2857821e+02	   1.9596434e-02	   2.5611508e-11	
   4.4000000e-01	   1.7258350e+01	   1.2912679e+02	   1.9238223e-02	   2.8991167e-11	
   4.5000000e-01	   1.7739882e+01	   1.2961653e+02	   1.8892461e-02	   3.2390592e-11	
   4.6000000e-01	   1.8179211e+01	   1.3006260e+02	   1.8558068e-02	   3.5838664e-11	
   4.7000000e-01	   1.8590077e+01	   1.3047917e+02	   1.8234139e-02	   3.9394754e-11	
   4.8000000e-01	   1.8982896e+01	   1.3087689e+02	   1.7919934e-02	   4.3124123e-11	
   4.9000000e-01	   1.9363463e+01	   1.3126168e+02	   1.7614872e-02	   4.7073553e-11	
   5.0000000e-01	   1.9731956e+01	   1.3163378e+02	   1.7318515e-02	   5.1242024e-11	
   5.1000000e-01	   2.0083476e+01	   1.3198830e+02	   1.7030554e-02	   5.5562050e-11	
   5.2000000e-01	   2.0411029e+01	   1.3231829e+02	   1.6750791e-02	   5.9914728e-11	
   5.3000000e-01	   2.0709186e+01	   1.3261838e+02	   1.6479107e-02	   6.4172539e-11	
   5.4000000e-01	   2.0975500e+01	   1.3288621e+02	   1.6215440e-02	   6.8230832e-11	
   5.5000000e-01	   2.1208938e+01	   1.3312086e+02	   1.5959747e-02	   7.1998667e-11	
   5.6000000e-01	   2.1407464e+01	   1.3332035e+02	   1.5711982e-02	   7.5366274e-11	
   5.7000000e-01	   2.1567459e+01	   1.3348110e+02	   1.5472068e-02	   7.8194569e-11	
   5.8000000e-01	   2.1685518e+01	   1.3359971e+02	   1.5239884e-02	   8.0349373e-11	
   5.9000000e-01	   2.1761063e+01	   1.3367561e+02	   1.5015254e-02	   8.1759253e-11	
   6.0000000e-01	   2.1798094e+01	   1.3371282e+02	   1.4797949e-02	   8.2459388e-11	
   6.1000000e-01	   2.1805551e+01	   1.3372033e+02	   1.4587695e-02	   8.2601094e-11	
   6.2000000e-01	   2.1796438e+01	   1.3371121e+02	   1.4384177e-02	   8.2427939e-11	
   6.3000000e-01	   2.1785800e+01	   1.3370059e+02	   1.4187056e-02	   8.2226284e-11	
   6.4000000e-01	   2.1787635e+01	   1.3370256e+02	   1.3995981e-02	   8.2261037e-11	
   6.5000000e-01	   2.1811605e+01	   1.3372682e+02	   1.3810595e-02	   8.2716319e-11	
   6.6000000e-01	   2.1861135e+01	   1.3377683e+02	   1.3630551e-02	   8.3665061e-11	
   6.7000000e-01	   2.1933853e+01	   1.3385017e+02	   1.3455511e-02	   8.5077740e-11	
   6.8000000e-01	   2.2023728e+01	   1.3394075e+02	   1.3285157e-02	   8.6856720e-11	
   6.9000000e-01	   2.2123338e+01	   1.3404110e+02	   1.3119192e-02	   8.8871901e-11	
   7.0000000e-01	   2.2225363e+01	   1.3414383e+02	   1.2957339e-02	   9.0984411e-11	
   7.1000000e-01	   2.2323431e+01	   1.3424252e+02	   1.2799345e-02	   9.3062288e-11	
   7.2000000e-01	   2.2412749e+01	   1.3433236e+02	   1.2644979e-02	   9.4996052e-11	
   7.3000000e-01	   2.2490531e+01	   1.3441053e+02	   1.2494032e-02	   9.6712763e-11	
   7.4000000e-01	   2.2555940e+01	   1.3447621e+02	   1.2346317e-02	   9.8180373e-11	
   7.5000000e-01	   2.2609535e+01	   1.3452997e+02	   1.2201666e-02	   9.9399494e-11	
   7.6000000e-01	   2.2652579e+01	   1.3457308e+02	   1.2059931e-02	   1.0038957e-10	
   7.7000000e-01	   2.2686565e+01	   1.3460706e+02	   1.1920983e-02	   1.0117826e-10	
   7.8000000e-01	   2.2712998e+01	   1.3463343e+02	   1.1784711e-02	   1.0179594e-10	
   7.9000000e-01	   2.2733237e+01	   1.3465356e+02	   1.1651019e-02	   1.0227144e-10	
   8.0000000e-01	   2.2748315e+01	   1.3466851e+02	   1.1519829e-02	   1.0262711e-10	
   8.1000000e-01	   2.2758844e+01	   1.3467889e+02	   1.1391073e-02	   1.0287623e-10	
   8.2000000e-01	   2.2765166e+01	   1.3468506e+02	   1.1264698e-02	   1.0302611e-10	
   8.3000000e-01	   2.2767648e+01	   1.3468739e+02	   1.1140662e-02	   1.0308499e-10	
   8.4000000e-01	   2.2766881e+01	   1.3468647e+02	   1.1018928e-02	   1.0306679e-10	
   8.5000000e-01	   2.2763631e+01	   1.3468307e+02	   1.0899468e-02	   1.0298968e-10	
   8.6000000e-01	   2.2758618e+01	   1.3467793e+02	   1.0782257e-02	   1.0287089e-10	
   8.7000000e-01	   2.2752364e+01	   1.3467155e+02	   1.0667275e-02	   1.0272286e-10	
   8.8000000e-01	   2.2745217e+01	   1.3466430e+02	   1.0554498e-02	   1.0255394e-10	
   8.9000000e-01	   2.2737466e+01	   1.3465646e+02	   1.0443906e-02	   1.0237107e-10	
   9.0000000e-01	   2.2729364e+01	   1.3464828e+02	   1.0335475e-02	   1.0218027e-10	
   9.1000000e-01	   2.2721022e+01	   1.3463987e+02	   1.0229178e-02	   1.0198420e-10	
   9.2000000e-01	   2.2712343e+01	   1.3463113e+02	   1.0124987e-02	   1.0178058e-10	
   9.3000000e-01	   2.2703121e+01	   1.3462185e+02	   1.0022869e-02	   1.0156470e-10	
   9.4000000e-01	   2.2693272e+01	   1.3461195e+02	   9.9227897e-03	   1.0133462e-10	
   9.5000000e-01	   2.2682961e+01	   1.3460158e+02	   9.8247119e-03	   1.0109433e-10	
   9.6000000e-01	   2.2672533e+01	   1.3459111e+02	   9.7285959e-03	   1.0085186e-10	
   9.7000000e-01	   2.2662304e+01	   1.3458084e+02	   9.6344011e-03	   1.0061462e-10	
   9.8000000e-01	   2.2652419e+01	   1.3457092e+02	   9.5420857e-03	   1.0038587e-10	
   9.9000000e-01	   2.2642838e+01	   1.3456131e+02	   9.4516077e-03	   1.0016465e-10	
   1.0000000e+00	   2.2633431e+01	   1.3455188e+02	   9.3629252e-03	   9.9947928e-11	
