   0.0000000e+00	   0.0000000e+00	   0.0000000e+00	   1.0494312e-01	   5.4504287e-13	
   1.0000000e-02	   3.1614085e-03	   8.3955833e+01	   8.8456638e-02	   5.4543977e-13	
   2.0000000e-02	  -2.9400539e-03	   8.3120396e+01	   7.7158877e-02	   5.4467401e-13	
   3.0000000e-02	  -9.7508271e-03	   8.2195480e+01	   6.8859543e-02	   5.4382050e-13	
   4.0000000e-02	  -1.3072853e-02	   8.4357830e+01	   6.2395277e-02	   5.4340468e-13	
   5.0000000e-02	  -2.3047144e-02	   8.1979093e+01	   5.7263884e-02	   5.4215809e-13	
   6.0000000e-02	  -3.2476306e-02	   7.8809450e+01	   5.3080001e-02	   5.4098227e-13	
   7.0000000e-02	  -3.7202096e-02	   8.2368301e+01	   4.9544675e-02	   5.4039391e-13	
   8.0000000e-02	  -4.5675291e-02	   8.1537758e+01	   4.6493515e-02	   5.3934062e-13	
   9.0000000e-02	  -5.5079446e-02	   7.9332293e+01	   4.3844159e-02	   5.3817400e-13	
   1.0000000e-01	  -6.0188550e-02	   8.2720309e+01	   4.1536390e-02	   5.3754126e-13	
   1.1000000e-01	  -6.9461912e-02	   8.1585594e+01	   3.9510630e-02	   5.3639469e-13	
   1.2000000e-01	  -7.9963625e-02	   7.7821790e+01	   3.7711413e-02	   5.3509919e-13	
   1.3000000e-01	  -8.5262317e-02	   8.2132249e+01	   3.6092767e-02	   5.3444673e-13	
   1.4000000e-01	  -9.4359616e-02	   8.1247422e+01	   3.4619080e-02	   5.3332838e-13	
   1.5000000e-01	  -1.0345743e-01	   8.0186592e+01	   3.3263979e-02	   5.3221231e-13	
   1.6000000e-01	  -1.1116928e-01	   8.0978797e+01	   3.2009091e-02	   5.3126809e-13	
   1.7000000e-01	  -1.1870713e-01	   8.1847000e+01	   3.0842765e-02	   5.3034679e-13	
   1.8000000e-01	  -1.2851803e-01	   8.0074854e+01	   2.9758264e-02	   5.2915007e-13	
   1.9000000e-01	  -1.3682659e-01	   8.0166465e+01	   2.8751426e-02	   5.2813871e-13	
   2.0000000e-01	  -1.4481825e-01	   8.0712355e+01	   2.7818429e-02	   5.2716775e-13	
   2.1000000e-01	  -1.5372783e-01	   8.0018587e+01	   2.6954462e-02	   5.2608737e-13	
   2.2000000e-01	  -1.6160143e-01	   8.0784294e+01	   2.6153508e-02	   5.2513446e-13	
   2.3000000e-01	  -1.6976996e-01	   8.1123446e+01	   2.5408888e-02	   5.2414767e-13	
   2.4000000e-01	  -1.7898133e-01	   8.0159346e+01	   2.4713961e-02	   5.2303714e-13	
   2.5000000e-01	  -1.8756064e-01	   8.0019451e+01	   2.4062645e-02	   5.2200492e-13	
   2.6000000e-01	  -1.9582850e-01	   8.0350432e+01	   2.3449657e-02	   5.2101210e-13	
   2.7000000e-01	  -2.0442836e-01	   8.0225479e+01	   2.2870540e-02	   5.1998142e-13	
   2.8000000e-01	  -2.1309067e-01	   8.0021212e+01	   2.2321589e-02	   5.1894531e-13	
   2.9000000e-01	  -2.2163587e-01	   7.9999887e+01	   2.1799731e-02	   5.1792524e-13	
   3.0000000e-01	  -2.3006874e-01	   8.0154413e+01	   2.1302421e-02	   5.1692054e-13	
   3.1000000e-01	  -2.3859774e-01	   8.0177884e+01	   2.0827541e-02	   5.1590636e-13	
   3.2000000e-01	  -2.4728215e-01	   7.9984898e+01	   2.0373327e-02	   5.1487576e-13	
   3.3000000e-01	  -2.5594679e-01	   7.9822797e+01	   1.9938304e-02	   5.1384955e-13	
   3.4000000e-01	  -2.6448672e-01	   7.9857416e+01	   1.9521219e-02	   5.1284011e-13	
   3.5000000e-01	  -2.7295194e-01	   8.0009925e+01	   1.9120992e-02	   5.1184146e-13	
   3.6000000e-01	  -2.8149280e-01	   8.0054867e+01	   1.8736662e-02	   5.1083586e-13	
   3.7000000e-01	  -2.9016408e-01	   7.9914835e+01	   1.8367356e-02	   5.0981693e-13	
   3.8000000e-01	  -2.9888104e-01	   7.9706472e+01	   1.8012250e-02	   5.0879467e-13	
   3.9000000e-01	  -3.0750602e-01	   7.9643497e+01	   1.7670562e-02	   5.0778522e-13	
   4.0000000e-01	  -3.1593105e-01	   7.9895254e+01	   1.7341533e-02	   5.0680111e-13	
   4.1000000e-01	  -3.2435659e-01	   8.0136836e+01	   1.7024431e-02	   5.0581884e-13	
   4.2000000e-01	  -3.3308955e-01	   7.9939192e+01	   1.6718545e-02	   5.0480274e-13	
   4.3000000e-01	  -3.4194255e-01	   7.9549323e+01	   1.6423195e-02	   5.0377476e-13	
   4.4000000e-01	  -3.5055682e-01	   7.9530425e+01	   1.6137728e-02	   5.0277651e-13	
   4.5000000e-01	  -3.5901999e-01	   7.9752831e+01	   1.5861526e-02	   5.0179769e-13	
   4.6000000e-01	  -3.6757589e-01	   7.9830420e+01	   1.5594004e-02	   5.0081009e-13	
   4.7000000e-01	  -3.7627007e-01	   7.9701798e+01	   1.5334620e-02	   4.9980852e-13	
   4.8000000e-01	  -3.8502393e-01	   7.9477518e+01	   1.5082878e-02	   4.9880209e-13	
   4.9000000e-01	  -3.9367163e-01	   7.9422177e+01	   1.4838326e-02	   4.9780986e-13	
   5.0000000e-01	  -4.0216093e-01	   7.9623165e+01	   1.4600571e-02	   4.9683773e-13	
   5.1000000e-01	  -4.1070272e-01	   7.9738358e+01	   1.4369271e-02	   4.9586150e-13	
   5.2000000e-01	  -4.1941420e-01	   7.9595560e+01	   1.4144143e-02	   4.9486785e-13	
   5.3000000e-01	  -4.2814731e-01	   7.9416441e+01	   1.3924960e-02	   4.9387373e-13	
   5.4000000e-01	  -4.3679919e-01	   7.9368638e+01	   1.3711544e-02	   4.9289083e-13	
   5.5000000e-01	  -4.4541402e-01	   7.9384361e+01	   1.3503763e-02	   4.9191408e-13	
   5.6000000e-01	  -4.5403294e-01	   7.9396387e+01	   1.3301517e-02	   4.9093881e-13	
   5.7000000e-01	  -4.6265205e-01	   7.9411031e+01	   1.3104732e-02	   4.8996545e-13	
   5.8000000e-01	  -4.7125457e-01	   7.9454943e+01	   1.2913345e-02	   4.8899588e-13	
   5.9000000e-01	  -4.7986916e-01	   7.9481899e+01	   1.2727299e-02	   4.8802688e-13	
   6.0000000e-01	  -4.8855708e-01	   7.9394639e+01	   1.2546528e-02	   4.8705157e-13	
   6.1000000e-01	  -4.9728265e-01	   7.9246285e+01	   1.2370958e-02	   4.8607400e-13	
   6.2000000e-01	  -5.0594095e-01	   7.9209674e+01	   1.2200496e-02	   4.8510591e-13	
   6.3000000e-01	  -5.1452566e-01	   7.9297222e+01	   1.2035038e-02	   4.8414795e-13	
   6.4000000e-01	  -5.2311088e-01	   7.9383891e+01	   1.1874460e-02	   4.8319182e-13	
   6.5000000e-01	  -5.3174203e-01	   7.9397967e+01	   1.1718627e-02	   4.8223248e-13	
   6.6000000e-01	  -5.4043817e-01	   7.9309779e+01	   1.1567394e-02	   4.8126784e-13	
   6.7000000e-01	  -5.4917304e-01	   7.9157772e+01	   1.1420608e-02	   4.8030085e-13	
   6.8000000e-01	  -5.5784942e-01	   7.9103265e+01	   1.1278108e-02	   4.7934226e-13	
   6.9000000e-01	  -5.6642697e-01	   7.9216311e+01	   1.1139732e-02	   4.7839647e-13	
   7.0000000e-01	  -5.7500615e-01	   7.9325420e+01	   1.1005318e-02	   4.7745236e-13	
   7.1000000e-01	  -5.8367950e-01	   7.9283853e+01	   1.0874701e-02	   4.7649979e-13	
   7.2000000e-01	  -5.9241123e-01	   7.9147943e+01	   1.0747716e-02	   4.7554272e-13	
   7.3000000e-01	  -6.0112774e-01	   7.9036097e+01	   1.0624201e-02	   4.7458924e-13	
   7.4000000e-01	  -6.0980092e-01	   7.8998495e+01	   1.0503993e-02	   4.7364239e-13	
   7.5000000e-01	  -6.1841985e-01	   7.9054948e+01	   1.0386933e-02	   4.7270334e-13	
   7.6000000e-01	  -6.2700292e-01	   7.9171131e+01	   1.0272862e-02	   4.7177005e-13	
   7.7000000e-01	  -6.3562776e-01	   7.9217916e+01	   1.0161623e-02	   4.7083407e-13	
   7.8000000e-01	  -6.4434416e-01	   7.9116144e+01	   1.0053063e-02	   4.6989004e-13	
   7.9000000e-01	  -6.5309164e-01	   7.8960457e+01	   9.9470309e-03	   4.6894455e-13	
   8.0000000e-01	  -6.6178322e-01	   7.8898541e+01	   9.8433805e-03	   4.6800699e-13	
   8.1000000e-01	  -6.7041502e-01	   7.8940409e+01	   9.7419688e-03	   4.6707773e-13	
   8.2000000e-01	  -6.7903410e-01	   7.9003869e+01	   9.6426574e-03	   4.6615168e-13	
   8.3000000e-01	  -6.8766852e-01	   7.9041203e+01	   9.5453131e-03	   4.6522582e-13	
   8.4000000e-01	  -6.9633500e-01	   7.9025390e+01	   9.4498079e-03	   4.6429837e-13	
   8.5000000e-01	  -7.0504224e-01	   7.8941378e+01	   9.3560199e-03	   4.6336842e-13	
   8.6000000e-01	  -7.1375432e-01	   7.8848190e+01	   9.2638332e-03	   4.6243982e-13	
   8.7000000e-01	  -7.2241749e-01	   7.8839494e+01	   9.1731388e-03	   4.6151828e-13	
   8.8000000e-01	  -7.3103754e-01	   7.8905462e+01	   9.0838349e-03	   4.6060315e-13	
   8.9000000e-01	  -7.3967106e-01	   7.8948192e+01	   8.9958270e-03	   4.5968841e-13	
   9.0000000e-01	  -7.4834516e-01	   7.8922969e+01	   8.9090293e-03	   4.5877120e-13	
   9.1000000e-01	  -7.5704160e-01	   7.8860351e+01	   8.8233645e-03	   4.5785346e-13	
   9.2000000e-01	  -7.6574011e-01	   7.8794274e+01	   8.7387645e-03	   4.5693734e-13	
   9.3000000e-01	  -7.7442495e-01	   7.8752179e+01	   8.6551714e-03	   4.5602449e-13	
   9.4000000e-01	  -7.8307705e-01	   7.8767875e+01	   8.5725374e-03	   4.5511689e-13	
   9.5000000e-01	  -7.9170522e-01	   7.8825348e+01	   8.4908258e-03	   4.5421360e-13	
   9.6000000e-01	  -8.0035394e-01	   7.8847753e+01	   8.4100107e-03	   4.5330996e-13	
   9.7000000e-01	  -8.0904645e-01	   7.8796109e+01	   8.3300777e-03	   4.5240356e-13	
   9.8000000e-01	  -8.1775394e-01	   7.8718572e+01	   8.2510231e-03	   4.5149741e-13	
   9.9000000e-01	  -8.2644160e-01	   7.8675443e+01	   8.1728541e-03	   4.5059514e-13	
   1.0000000e+00	  -8.3510643e-01	   7.8672680e+01	   8.0955877e-03	   4.4969703e-13	
