   0.0000000e+00	   0.0000000e+00	   0.0000000e+00	   1.0494312e-01	   5.4504287e-13	
   1.0000000e-02	   3.1272706e-03	   8.3950890e+01	   8.8456638e-02	   5.4543548e-13	
   2.0000000e-02	  -3.1427973e-03	   8.2984276e+01	   7.7158877e-02	   5.4464859e-13	
   3.0000000e-02	  -9.8362019e-03	   8.2141344e+01	   6.8859543e-02	   5.4380981e-13	
   4.0000000e-02	  -1.3257488e-02	   8.4274311e+01	   6.2395277e-02	   5.4338158e-13	
   5.0000000e-02	  -2.3146660e-02	   8.1913996e+01	   5.7263884e-02	   5.4214567e-13	
   6.0000000e-02	  -3.2128667e-02	   7.9523121e+01	   5.3080001e-02	   5.4102557e-13	
   7.0000000e-02	  -3.7479683e-02	   8.2149081e+01	   4.9544675e-02	   5.4035938e-13	
   8.0000000e-02	  -4.6093283e-02	   8.1105167e+01	   4.6493515e-02	   5.3928871e-13	
   9.0000000e-02	  -5.4675852e-02	   8.0065515e+01	   4.3844159e-02	   5.3822402e-13	
   1.0000000e-01	  -6.0361739e-02	   8.2615017e+01	   4.1536390e-02	   5.3751982e-13	
   1.1000000e-01	  -6.9959276e-02	   8.1070810e+01	   3.9510630e-02	   5.3633326e-13	
   1.2000000e-01	  -7.9793191e-02	   7.8324275e+01	   3.7711413e-02	   5.3512019e-13	
   1.3000000e-01	  -8.5157921e-02	   8.2273071e+01	   3.6092767e-02	   5.3445958e-13	
   1.4000000e-01	  -9.4724560e-02	   8.0861607e+01	   3.4619080e-02	   5.3328357e-13	
   1.5000000e-01	  -1.0353560e-01	   8.0133708e+01	   3.3263979e-02	   5.3220273e-13	
   1.6000000e-01	  -1.1095969e-01	   8.1278231e+01	   3.2009091e-02	   5.3129373e-13	
   1.7000000e-01	  -1.1901825e-01	   8.1573807e+01	   3.0842765e-02	   5.3030880e-13	
   1.8000000e-01	  -1.2881235e-01	   7.9678808e+01	   2.9758264e-02	   5.2911421e-13	
   1.9000000e-01	  -1.3673668e-01	   8.0355653e+01	   2.8751426e-02	   5.2814964e-13	
   2.0000000e-01	  -1.4497325e-01	   8.0565963e+01	   2.7818429e-02	   5.2714894e-13	
   2.1000000e-01	  -1.5374071e-01	   8.0062668e+01	   2.6954462e-02	   5.2608581e-13	
   2.2000000e-01	  -1.6145803e-01	   8.1015163e+01	   2.6153508e-02	   5.2515180e-13	
   2.3000000e-01	  -1.7003688e-01	   8.0857223e+01	   2.5408888e-02	   5.2411546e-13	
   2.4000000e-01	  -1.7922495e-01	   7.9858778e+01	   2.4713961e-02	   5.2300780e-13	
   2.5000000e-01	  -1.8755395e-01	   8.0094569e+01	   2.4062645e-02	   5.2200572e-13	
   2.6000000e-01	  -1.9589049e-01	   8.0326650e+01	   2.3449657e-02	   5.2100466e-13	
   2.7000000e-01	  -2.0455604e-01	   8.0106002e+01	   2.2870540e-02	   5.1996613e-13	
   2.8000000e-01	  -2.1317990e-01	   7.9954335e+01	   2.2321589e-02	   5.1893465e-13	
   2.9000000e-01	  -2.2165702e-01	   8.0034923e+01	   2.1799731e-02	   5.1792271e-13	
   3.0000000e-01	  -2.3010278e-01	   8.0170304e+01	   2.1302421e-02	   5.1691648e-13	
   3.1000000e-01	  -2.3872494e-01	   8.0059272e+01	   2.0827541e-02	   5.1589125e-13	
   3.2000000e-01	  -2.4742564e-01	   7.9835499e+01	   2.0373327e-02	   5.1485875e-13	
   3.3000000e-01	  -2.5601762e-01	   7.9782139e+01	   1.9938304e-02	   5.1384117e-13	
   3.4000000e-01	  -2.6450192e-01	   7.9902263e+01	   1.9521219e-02	   5.1283832e-13	
   3.5000000e-01	  -2.7300365e-01	   8.0000088e+01	   1.9120992e-02	   5.1183537e-13	
   3.6000000e-01	  -2.8162870e-01	   7.9920903e+01	   1.8736662e-02	   5.1081988e-13	
   3.7000000e-01	  -2.9032812e-01	   7.9732609e+01	   1.8367356e-02	   5.0979767e-13	
   3.8000000e-01	  -2.9898296e-01	   7.9615626e+01	   1.8012250e-02	   5.0878273e-13	
   3.9000000e-01	  -3.0748114e-01	   7.9752484e+01	   1.7670562e-02	   5.0778813e-13	
   4.0000000e-01	  -3.1588067e-01	   8.0035861e+01	   1.7341533e-02	   5.0680699e-13	
   4.1000000e-01	  -3.2449754e-01	   8.0000105e+01	   1.7024431e-02	   5.0580242e-13	
   4.2000000e-01	  -3.3335616e-01	   7.9599793e+01	   1.6718545e-02	   5.0477175e-13	
   4.3000000e-01	  -3.4205699e-01	   7.9435478e+01	   1.6423195e-02	   5.0376149e-13	
   4.4000000e-01	  -3.5051631e-01	   7.9665874e+01	   1.6137728e-02	   5.0278120e-13	
   4.5000000e-01	  -3.5902490e-01	   7.9813990e+01	   1.5861526e-02	   5.0179713e-13	
   4.6000000e-01	  -3.6769617e-01	   7.9716420e+01	   1.5594004e-02	   5.0079622e-13	
   4.7000000e-01	  -3.7644540e-01	   7.9496118e+01	   1.5334620e-02	   4.9978834e-13	
   4.8000000e-01	  -3.8512662e-01	   7.9382554e+01	   1.5082878e-02	   4.9879030e-13	
   4.9000000e-01	  -3.9364097e-01	   7.9543948e+01	   1.4838326e-02	   4.9781338e-13	
   5.0000000e-01	  -4.0215275e-01	   7.9705592e+01	   1.4600571e-02	   4.9683866e-13	
   5.1000000e-01	  -4.1084874e-01	   7.9582841e+01	   1.4369271e-02	   4.9584483e-13	
   5.2000000e-01	  -4.1960401e-01	   7.9363064e+01	   1.4144143e-02	   4.9484622e-13	
   5.3000000e-01	  -4.2825533e-01	   7.9312556e+01	   1.3924960e-02	   4.9386145e-13	
   5.4000000e-01	  -4.3684536e-01	   7.9366695e+01	   1.3711544e-02	   4.9288559e-13	
   5.5000000e-01	  -4.4544884e-01	   7.9401184e+01	   1.3503763e-02	   4.9191014e-13	
   5.6000000e-01	  -4.5407143e-01	   7.9407419e+01	   1.3301517e-02	   4.9093446e-13	
   5.7000000e-01	  -4.6269614e-01	   7.9413187e+01	   1.3104732e-02	   4.8996047e-13	
   5.8000000e-01	  -4.7133017e-01	   7.9406751e+01	   1.2913345e-02	   4.8898737e-13	
   5.9000000e-01	  -4.8001444e-01	   7.9321202e+01	   1.2727299e-02	   4.8801056e-13	
   6.0000000e-01	  -4.8872447e-01	   7.9193603e+01	   1.2546528e-02	   4.8703280e-13	
   6.1000000e-01	  -4.9736659e-01	   7.9181640e+01	   1.2370958e-02	   4.8606461e-13	
   6.2000000e-01	  -5.0593921e-01	   7.9288077e+01	   1.2200496e-02	   4.8510610e-13	
   6.3000000e-01	  -5.1452996e-01	   7.9364459e+01	   1.2035038e-02	   4.8414747e-13	
   6.4000000e-01	  -5.2318078e-01	   7.9345030e+01	   1.1874460e-02	   4.8318404e-13	
   6.5000000e-01	  -5.3188519e-01	   7.9239761e+01	   1.1718627e-02	   4.8221658e-13	
   6.6000000e-01	  -5.4060485e-01	   7.9108564e+01	   1.1567394e-02	   4.8124937e-13	
   6.7000000e-01	  -5.4925665e-01	   7.9093341e+01	   1.1420608e-02	   4.8029160e-13	
   6.8000000e-01	  -5.5782546e-01	   7.9219712e+01	   1.1278108e-02	   4.7934490e-13	
   6.9000000e-01	  -5.6642478e-01	   7.9294840e+01	   1.1139732e-02	   4.7839671e-13	
   7.0000000e-01	  -5.7512834e-01	   7.9201300e+01	   1.1005318e-02	   4.7743893e-13	
   7.1000000e-01	  -5.8386625e-01	   7.9049799e+01	   1.0874701e-02	   4.7647930e-13	
   7.2000000e-01	  -5.9255538e-01	   7.8980893e+01	   1.0747716e-02	   4.7552693e-13	
   7.3000000e-01	  -6.0118954e-01	   7.9008608e+01	   1.0624201e-02	   4.7458248e-13	
   7.4000000e-01	  -6.0978843e-01	   7.9097460e+01	   1.0503993e-02	   4.7364376e-13	
   7.5000000e-01	  -6.1839046e-01	   7.9180557e+01	   1.0386933e-02	   4.7270654e-13	
   7.6000000e-01	  -6.2706254e-01	   7.9148785e+01	   1.0272862e-02	   4.7176357e-13	
   7.7000000e-01	  -6.3580945e-01	   7.8991927e+01	   1.0161623e-02	   4.7081437e-13	
   7.8000000e-01	  -6.4453767e-01	   7.8864056e+01	   1.0053063e-02	   4.6986911e-13	
   7.9000000e-01	  -6.5318213e-01	   7.8882830e+01	   9.9470309e-03	   4.6893478e-13	
   8.0000000e-01	  -6.6178569e-01	   7.8972793e+01	   9.8433805e-03	   4.6800672e-13	
   8.1000000e-01	  -6.7041264e-01	   7.9022053e+01	   9.7419688e-03	   4.6707798e-13	
   8.2000000e-01	  -6.7907731e-01	   7.9007976e+01	   9.6426574e-03	   4.6614704e-13	
   8.3000000e-01	  -6.8777430e-01	   7.8939529e+01	   9.5453131e-03	   4.6521449e-13	
   8.4000000e-01	  -6.9648725e-01	   7.8843035e+01	   9.4498079e-03	   4.6428209e-13	
   8.5000000e-01	  -7.0516989e-01	   7.8799031e+01	   9.3560199e-03	   4.6335480e-13	
   8.6000000e-01	  -7.1379719e-01	   7.8852455e+01	   9.2638332e-03	   4.6243526e-13	
   8.7000000e-01	  -7.2241527e-01	   7.8921358e+01	   9.1731388e-03	   4.6151852e-13	
   8.8000000e-01	  -7.3107933e-01	   7.8911792e+01	   9.0838349e-03	   4.6059872e-13	
   8.9000000e-01	  -7.3978043e-01	   7.8839261e+01	   8.9958270e-03	   4.5967683e-13	
   9.0000000e-01	  -7.4847849e-01	   7.8771868e+01	   8.9090293e-03	   4.5875711e-13	
   9.1000000e-01	  -7.5715636e-01	   7.8740224e+01	   8.8233645e-03	   4.5784136e-13	
   9.2000000e-01	  -7.6581035e-01	   7.8751411e+01	   8.7387645e-03	   4.5692995e-13	
   9.3000000e-01	  -7.7444425e-01	   7.8798302e+01	   8.6551714e-03	   4.5602246e-13	
   9.4000000e-01	  -7.8309008e-01	   7.8824793e+01	   8.5725374e-03	   4.5511553e-13	
   9.5000000e-01	  -7.9177970e-01	   7.8776417e+01	   8.4908258e-03	   4.5420581e-13	
   9.6000000e-01	  -8.0049290e-01	   7.8686902e+01	   8.4100107e-03	   4.5329546e-13	
   9.7000000e-01	  -8.0918241e-01	   7.8638963e+01	   8.3300777e-03	   4.5238940e-13	
   9.8000000e-01	  -8.1783800e-01	   7.8651867e+01	   8.2510231e-03	   4.5148867e-13	
   9.9000000e-01	  -8.2648378e-01	   7.8682427e+01	   8.1728541e-03	   4.5059076e-13	
   1.0000000e+00	  -8.3513684e-01	   7.8700285e+01	   8.0955877e-03	   4.4969388e-13	
