   0.0000000e+00	   0.0000000e+00	   0.0000000e+00	   1.0494312e-01	   5.4504287e-13	
   1.0000000e-02	   1.8390464e-03	   8.2872161e+01	   8.8456638e-02	   5.4527372e-13	
   2.0000000e-02	   1.1338912e-02	   8.8514969e+01	   7.7158877e-02	   5.4646777e-13	
   3.0000000e-02	   3.3024422e-02	   9.2312715e+01	   6.8859543e-02	   5.4920325e-13	
   4.0000000e-02	   5.5900249e-02	   9.4416300e+01	   6.2395277e-02	   5.5210373e-13	
   5.0000000e-02	   8.6702950e-02	   9.6171586e+01	   5.7263884e-02	   5.5603350e-13	
   6.0000000e-02	   1.4277961e-01	   9.8118210e+01	   5.3080001e-02	   5.6325962e-13	
   7.0000000e-02	   1.9369154e-01	   9.9380691e+01	   4.9544675e-02	   5.6990152e-13	
   8.0000000e-02	   2.8780137e-01	   1.0098826e+02	   4.6493515e-02	   5.8238583e-13	
   9.0000000e-02	   4.1360526e-01	   1.0250130e+02	   4.3844159e-02	   5.9950276e-13	
   1.0000000e-01	   5.1273983e-01	   1.0344185e+02	   4.1536390e-02	   6.1334474e-13	
   1.1000000e-01	   6.7394328e-01	   1.0463926e+02	   3.9510630e-02	   6.3653896e-13	
   1.2000000e-01	   9.3702944e-01	   1.0611744e+02	   3.7711413e-02	   6.7629099e-13	
   1.3000000e-01	   1.2045276e+00	   1.0729440e+02	   3.6092767e-02	   7.1925588e-13	
   1.4000000e-01	   1.3889235e+00	   1.0799164e+02	   3.4619080e-02	   7.5045215e-13	
   1.5000000e-01	   1.5055347e+00	   1.0840195e+02	   3.3263979e-02	   7.7087529e-13	
   1.6000000e-01	   1.6514867e+00	   1.0887483e+02	   3.2009091e-02	   7.9722210e-13	
   1.7000000e-01	   1.9280084e+00	   1.0966957e+02	   3.0842765e-02	   8.4963326e-13	
   1.8000000e-01	   2.3598616e+00	   1.1074412e+02	   2.9758264e-02	   9.3846228e-13	
   1.9000000e-01	   2.8846301e+00	   1.1187097e+02	   2.8751426e-02	   1.0589944e-12	
   2.0000000e-01	   3.4162992e+00	   1.1287815e+02	   2.7818429e-02	   1.1969075e-12	
   2.1000000e-01	   3.9043000e+00	   1.1371813e+02	   2.6954462e-02	   1.3392469e-12	
   2.2000000e-01	   4.3448625e+00	   1.1442389e+02	   2.6153508e-02	   1.4822345e-12	
   2.3000000e-01	   4.7627858e+00	   1.1505660e+02	   2.5408888e-02	   1.6319590e-12	
   2.4000000e-01	   5.1906878e+00	   1.1567408e+02	   2.4713961e-02	   1.8009408e-12	
   2.5000000e-01	   5.6544002e+00	   1.1631486e+02	   2.4062645e-02	   2.0038753e-12	
   2.6000000e-01	   6.1614209e+00	   1.1698790e+02	   2.3449657e-02	   2.2520226e-12	
   2.7000000e-01	   6.6950813e+00	   1.1767090e+02	   2.2870540e-02	   2.5464713e-12	
   2.8000000e-01	   7.2213318e+00	   1.1832347e+02	   2.2321589e-02	   2.8745101e-12	
   2.9000000e-01	   7.7046612e+00	   1.1890756e+02	   2.1799731e-02	   3.2128969e-12	
   3.0000000e-01	   8.1224045e+00	   1.1940244e+02	   2.1302421e-02	   3.5372936e-12	
   3.1000000e-01	   8.4724941e+00	   1.1981105e+02	   2.0827540e-02	   3.8342469e-12	
   3.2000000e-01	   8.7750118e+00	   1.2016014e+02	   2.0373327e-02	   4.1108520e-12	
   3.3000000e-01	   9.0661589e+00	   1.2049278e+02	   1.9938304e-02	   4.3958873e-12	
   3.4000000e-01	   9.3834336e+00	   1.2085166e+02	   1.9521219e-02	   4.7290512e-12	
   3.5000000e-01	   9.7485365e+00	   1.2126031e+02	   1.9120992e-02	   5.1438028e-12	
   3.6000000e-01	   1.0159709e+01	   1.2171558e+02	   1.8736662e-02	   5.6545954e-12	
   3.7000000e-01	   1.0596945e+01	   1.2219470e+02	   1.8367356e-02	   6.2535294e-12	
   3.8000000e-01	   1.1032841e+01	   1.2266786e+02	   1.8012250e-02	   6.9137677e-12	
   3.9000000e-01	   1.1442868e+01	   1.2310937e+02	   1.7670562e-02	   7.5983180e-12	
   4.0000000e-01	   1.1813524e+01	   1.2350590e+02	   1.7341533e-02	   8.2752871e-12	
   4.1000000e-01	   1.2145475e+01	   1.2385922e+02	   1.7024430e-02	   8.9326052e-12	
   4.2000000e-01	   1.2448071e+01	   1.2418003e+02	   1.6718545e-02	   9.5771833e-12	
   4.3000000e-01	   1.2728177e+01	   1.2447609e+02	   1.6423195e-02	   1.0215235e-11	
   4.4000000e-01	   1.2983393e+01	   1.2474518e+02	   1.6137728e-02	   1.0833529e-11	
   4.5000000e-01	   1.3206069e+01	   1.2497954e+02	   1.5861525e-02	   1.1403484e-11	
   4.6000000e-01	   1.3392506e+01	   1.2517553e+02	   1.5594004e-02	   1.1903680e-11	
   4.7000000e-01	   1.3547077e+01	   1.2533784e+02	   1.5334620e-02	   1.2334976e-11	
   4.8000000e-01	   1.3678657e+01	   1.2547582e+02	   1.5082877e-02	   1.2714415e-11	
   4.9000000e-01	   1.3795712e+01	   1.2559828e+02	   1.4838326e-02	   1.3061765e-11	
   5.0000000e-01	   1.3906036e+01	   1.2571337e+02	   1.4600571e-02	   1.3397824e-11	
   5.1000000e-01	   1.4019366e+01	   1.2583123e+02	   1.4369270e-02	   1.3752045e-11	
   5.2000000e-01	   1.4146668e+01	   1.2596328e+02	   1.4144143e-02	   1.4161114e-11	
   5.3000000e-01	   1.4294571e+01	   1.2611643e+02	   1.3924960e-02	   1.4651690e-11	
   5.4000000e-01	   1.4460627e+01	   1.2628815e+02	   1.3711544e-02	   1.5222758e-11	
   5.5000000e-01	   1.4635102e+01	   1.2646837e+02	   1.3503762e-02	   1.5846775e-11	
   5.6000000e-01	   1.4807954e+01	   1.2664673e+02	   1.3301517e-02	   1.6490204e-11	
   5.7000000e-01	   1.4974642e+01	   1.2681857e+02	   1.3104731e-02	   1.7135422e-11	
   5.8000000e-01	   1.5136471e+01	   1.2698523e+02	   1.2913345e-02	   1.7785977e-11	
   5.9000000e-01	   1.5296419e+01	   1.2714978e+02	   1.2727299e-02	   1.8453239e-11	
   6.0000000e-01	   1.5454831e+01	   1.2731256e+02	   1.2546528e-02	   1.9138760e-11	
   6.1000000e-01	   1.5608694e+01	   1.2747048e+02	   1.2370958e-02	   1.9828964e-11	
   6.2000000e-01	   1.5754381e+01	   1.2761986e+02	   1.2200496e-02	   2.0505425e-11	
   6.3000000e-01	   1.5890380e+01	   1.2775917e+02	   1.2035038e-02	   2.1157709e-11	
   6.4000000e-01	   1.6017036e+01	   1.2788879e+02	   1.1874460e-02	   2.1783831e-11	
   6.5000000e-01	   1.6134002e+01	   1.2800841e+02	   1.1718627e-02	   2.2378494e-11	
   6.6000000e-01	   1.6238502e+01	   1.2811521e+02	   1.1567394e-02	   2.2923498e-11	
   6.7000000e-01	   1.6326274e+01	   1.2820486e+02	   1.1420607e-02	   2.3391500e-11	
   6.8000000e-01	   1.6394040e+01	   1.2827403e+02	   1.1278108e-02	   2.3759358e-11	
   6.9000000e-01	   1.6441327e+01	   1.2832228e+02	   1.1139732e-02	   2.4019466e-11	
   7.0000000e-01	   1.6470688e+01	   1.2835223e+02	   1.1005318e-02	   2.4182402e-11	
   7.1000000e-01	   1.6486666e+01	   1.2836853e+02	   1.0874701e-02	   2.4271536e-11	
   7.2000000e-01	   1.6494037e+01	   1.2837607e+02	   1.0747716e-02	   2.4312763e-11	
   7.3000000e-01	   1.6496025e+01	   1.2837814e+02	   1.0624201e-02	   2.4323895e-11	
   7.4000000e-01	   1.6493613e+01	   1.2837575e+02	   1.0503993e-02	   2.4310394e-11	
   7.5000000e-01	   1.6486588e+01	   1.2836866e+02	   1.0386933e-02	   2.4271098e-11	
   7.6000000e-01	   1.6475373e+01	   1.2835732e+02	   1.0272862e-02	   2.4208503e-11	
   7.7000000e-01	   1.6461866e+01	   1.2834364e+02	   1.0161623e-02	   2.4133329e-11	
   7.8000000e-01	   1.6448593e+01	   1.2833021e+02	   1.0053063e-02	   2.4059686e-11	
   7.9000000e-01	   1.6437316e+01	   1.2831882e+02	   9.9470308e-03	   2.3997291e-11	
   8.0000000e-01	   1.6428504e+01	   1.2830995e+02	   9.8433804e-03	   2.3948652e-11	
   8.1000000e-01	   1.6421834e+01	   1.2830328e+02	   9.7419687e-03	   2.3911897e-11	
   8.2000000e-01	   1.6416842e+01	   1.2829834e+02	   9.6426573e-03	   2.3884431e-11	
   8.3000000e-01	   1.6413164e+01	   1.2829475e+02	   9.5453130e-03	   2.3864207e-11	
   8.4000000e-01	   1.6410465e+01	   1.2829217e+02	   9.4498078e-03	   2.3849381e-11	
   8.5000000e-01	   1.6408402e+01	   1.2829025e+02	   9.3560198e-03	   2.3838060e-11	
   8.6000000e-01	   1.6406658e+01	   1.2828865e+02	   9.2638331e-03	   2.3828489e-11	
   8.7000000e-01	   1.6405001e+01	   1.2828714e+02	   9.1731388e-03	   2.3819397e-11	
   8.8000000e-01	   1.6403360e+01	   1.2828564e+02	   9.0838348e-03	   2.3810397e-11	
   8.9000000e-01	   1.6401859e+01	   1.2828427e+02	   8.9958269e-03	   2.3802172e-11	
   9.0000000e-01	   1.6400715e+01	   1.2828327e+02	   8.9090292e-03	   2.3795900e-11	
   9.1000000e-01	   1.6400019e+01	   1.2828272e+02	   8.8233644e-03	   2.3792087e-11	
   9.2000000e-01	   1.6399594e+01	   1.2828245e+02	   8.7387644e-03	   2.3789762e-11	
   9.3000000e-01	   1.6399045e+01	   1.2828206e+02	   8.6551713e-03	   2.3786754e-11	
   9.4000000e-01	   1.6397956e+01	   1.2828112e+02	   8.5725374e-03	   2.3780790e-11	
   9.5000000e-01	   1.6396090e+01	   1.2827939e+02	   8.4908257e-03	   2.3770571e-11	
   9.6000000e-01	   1.6393482e+01	   1.2827690e+02	   8.4100107e-03	   2.3756303e-11	
   9.7000000e-01	   1.6390415e+01	   1.2827394e+02	   8.3300776e-03	   2.3739531e-11	
   9.8000000e-01	   1.6387293e+01	   1.2827092e+02	   8.2510230e-03	   2.3722471e-11	
   9.9000000e-01	   1.6384482e+01	   1.2826821e+02	   8.1728541e-03	   2.3707125e-11	
   1.0000000e+00	   1.6382160e+01	   1.2826601e+02	   8.0955876e-03	   2.3694451e-11	
