   0.0000000e+00	   0.0000000e+00	   0.0000000e+00	   1.0494312e-01	   5.4504287e-13	
   1.0000000e-02	   1.8108519e-03	   8.2862524e+01	   8.8456638e-02	   5.4527018e-13	
   2.0000000e-02	   1.1567281e-02	   8.8578456e+01	   7.7158877e-02	   5.4649650e-13	
   3.0000000e-02	   3.3846237e-02	   9.2401499e+01	   6.8859543e-02	   5.4930719e-13	
   4.0000000e-02	   5.7381070e-02	   9.4513743e+01	   6.2395277e-02	   5.5229202e-13	
   5.0000000e-02	   9.0389731e-02	   9.6325230e+01	   5.7263884e-02	   5.5650572e-13	
   6.0000000e-02	   1.4944816e-01	   9.8295419e+01	   5.3080001e-02	   5.6412517e-13	
   7.0000000e-02	   2.0496319e-01	   9.9602889e+01	   4.9544675e-02	   5.7138256e-13	
   8.0000000e-02	   3.0229978e-01	   1.0119186e+02	   4.6493515e-02	   5.8433330e-13	
   9.0000000e-02	   4.3727149e-01	   1.0273971e+02	   4.3844159e-02	   6.0277858e-13	
   1.0000000e-01	   5.4395501e-01	   1.0369963e+02	   4.1536390e-02	   6.1776907e-13	
   1.1000000e-01	   7.0509734e-01	   1.0484619e+02	   3.9510630e-02	   6.4112158e-13	
   1.2000000e-01	   9.7303594e-01	   1.0630059e+02	   3.7711413e-02	   6.8192130e-13	
   1.3000000e-01	   1.2569949e+00	   1.0750799e+02	   3.6092767e-02	   7.2799794e-13	
   1.4000000e-01	   1.4593285e+00	   1.0824309e+02	   3.4619080e-02	   7.6271714e-13	
   1.5000000e-01	   1.5804845e+00	   1.0865230e+02	   3.3263979e-02	   7.8429440e-13	
   1.6000000e-01	   1.7101374e+00	   1.0906113e+02	   3.2009091e-02	   8.0806147e-13	
   1.7000000e-01	   1.9567222e+00	   1.0975857e+02	   3.0842765e-02	   8.5526930e-13	
   1.8000000e-01	   2.3630700e+00	   1.1076454e+02	   2.9758264e-02	   9.3915583e-13	
   1.9000000e-01	   2.8807529e+00	   1.1187607e+02	   2.8751426e-02	   1.0580494e-12	
   2.0000000e-01	   3.4257134e+00	   1.1290744e+02	   2.7818429e-02	   1.1995048e-12	
   2.1000000e-01	   3.9421468e+00	   1.1379239e+02	   2.6954462e-02	   1.3509689e-12	
   2.2000000e-01	   4.4199319e+00	   1.1455134e+02	   2.6153508e-02	   1.5080781e-12	
   2.3000000e-01	   4.8785335e+00	   1.1523749e+02	   2.5408888e-02	   1.6760386e-12	
   2.4000000e-01	   5.3464692e+00	   1.1590331e+02	   2.4713961e-02	   1.8667131e-12	
   2.5000000e-01	   5.8462764e+00	   1.1658356e+02	   2.4062645e-02	   2.0943936e-12	
   2.6000000e-01	   6.3822554e+00	   1.1728432e+02	   2.3449657e-02	   2.3694972e-12	
   2.7000000e-01	   6.9348841e+00	   1.1798155e+02	   2.2870540e-02	   2.6910333e-12	
   2.8000000e-01	   7.4690834e+00	   1.1863549e+02	   2.2321589e-02	   3.0432596e-12	
   2.9000000e-01	   7.9512222e+00	   1.1921162e+02	   2.1799731e-02	   3.4005791e-12	
   3.0000000e-01	   8.3630610e+00	   1.1969478e+02	   2.1302421e-02	   3.7388390e-12	
   3.1000000e-01	   8.7081766e+00	   1.2009417e+02	   2.0827540e-02	   4.0480729e-12	
   3.2000000e-01	   9.0117385e+00	   1.2044174e+02	   2.0373327e-02	   4.3411471e-12	
   3.3000000e-01	   9.3122901e+00	   1.2078256e+02	   1.9938304e-02	   4.6522138e-12	
   3.4000000e-01	   9.6451415e+00	   1.2115630e+02	   1.9521219e-02	   5.0227875e-12	
   3.5000000e-01	   1.0025805e+01	   1.2157933e+02	   1.9120992e-02	   5.4829104e-12	
   3.6000000e-01	   1.0445582e+01	   1.2204104e+02	   1.8736662e-02	   6.0393308e-12	
   3.7000000e-01	   1.0880340e+01	   1.2251459e+02	   1.8367356e-02	   6.6752062e-12	
   3.8000000e-01	   1.1303141e+01	   1.2297116e+02	   1.8012250e-02	   7.3577457e-12	
   3.9000000e-01	   1.1694364e+01	   1.2339061e+02	   1.7670562e-02	   8.0513196e-12	
   4.0000000e-01	   1.2047884e+01	   1.2376747e+02	   1.7341533e-02	   8.7341179e-12	
   4.1000000e-01	   1.2370551e+01	   1.2410990e+02	   1.7024430e-02	   9.4077497e-12	
   4.2000000e-01	   1.2673163e+01	   1.2442991e+02	   1.6718545e-02	   1.0086651e-11	
   4.3000000e-01	   1.2958997e+01	   1.2473129e+02	   1.6423195e-02	   1.0772843e-11	
   4.4000000e-01	   1.3220655e+01	   1.2500651e+02	   1.6137728e-02	   1.1441848e-11	
   4.5000000e-01	   1.3447694e+01	   1.2524488e+02	   1.5861525e-02	   1.2055912e-11	
   4.6000000e-01	   1.3635635e+01	   1.2544194e+02	   1.5594004e-02	   1.2589084e-11	
   4.7000000e-01	   1.3787531e+01	   1.2560104e+02	   1.5334620e-02	   1.3037182e-11	
   4.8000000e-01	   1.3909704e+01	   1.2572884e+02	   1.5082877e-02	   1.3409144e-11	
   4.9000000e-01	   1.4009196e+01	   1.2583272e+02	   1.4838326e-02	   1.3719878e-11	
   5.0000000e-01	   1.4095697e+01	   1.2592281e+02	   1.4600571e-02	   1.3995884e-11	
   5.1000000e-01	   1.4182879e+01	   1.2601334e+02	   1.4369270e-02	   1.4279683e-11	
   5.2000000e-01	   1.4283984e+01	   1.2611810e+02	   1.4144143e-02	   1.4616017e-11	
   5.3000000e-01	   1.4404306e+01	   1.2624259e+02	   1.3924960e-02	   1.5026618e-11	
   5.4000000e-01	   1.4538500e+01	   1.2638130e+02	   1.3711544e-02	   1.5498179e-11	
   5.5000000e-01	   1.4676040e+01	   1.2652337e+02	   1.3503762e-02	   1.5996856e-11	
   5.6000000e-01	   1.4809589e+01	   1.2666121e+02	   1.3301517e-02	   1.6496415e-11	
   5.7000000e-01	   1.4939000e+01	   1.2679467e+02	   1.3104731e-02	   1.6995369e-11	
   5.8000000e-01	   1.5068730e+01	   1.2692835e+02	   1.2913345e-02	   1.7510706e-11	
   5.9000000e-01	   1.5202292e+01	   1.2706583e+02	   1.2727299e-02	   1.8057592e-11	
   6.0000000e-01	   1.5339044e+01	   1.2720645e+02	   1.2546528e-02	   1.8635244e-11	
   6.1000000e-01	   1.5475541e+01	   1.2734666e+02	   1.2370958e-02	   1.9230244e-11	
   6.2000000e-01	   1.5608789e+01	   1.2748340e+02	   1.2200496e-02	   1.9829400e-11	
   6.3000000e-01	   1.5737328e+01	   1.2761520e+02	   1.2035038e-02	   2.0425067e-11	
   6.4000000e-01	   1.5859327e+01	   1.2774020e+02	   1.1874460e-02	   2.1006966e-11	
   6.5000000e-01	   1.5970651e+01	   1.2785418e+02	   1.1718627e-02	   2.1552405e-11	
   6.6000000e-01	   1.6065632e+01	   1.2795137e+02	   1.1567394e-02	   2.2028952e-11	
   6.7000000e-01	   1.6139839e+01	   1.2802726e+02	   1.1420608e-02	   2.2408592e-11	
   6.8000000e-01	   1.6192215e+01	   1.2808080e+02	   1.1278108e-02	   2.2680478e-11	
   6.9000000e-01	   1.6225201e+01	   1.2811451e+02	   1.1139732e-02	   2.2853398e-11	
   7.0000000e-01	   1.6243383e+01	   1.2813310e+02	   1.1005318e-02	   2.2949273e-11	
   7.1000000e-01	   1.6251604e+01	   1.2814153e+02	   1.0874701e-02	   2.2992755e-11	
   7.2000000e-01	   1.6253216e+01	   1.2814323e+02	   1.0747716e-02	   2.3001291e-11	
   7.3000000e-01	   1.6249339e+01	   1.2813935e+02	   1.0624201e-02	   2.2980769e-11	
   7.4000000e-01	   1.6239823e+01	   1.2812973e+02	   1.0503993e-02	   2.2930470e-11	
   7.5000000e-01	   1.6225183e+01	   1.2811488e+02	   1.0386933e-02	   2.2853303e-11	
   7.6000000e-01	   1.6207642e+01	   1.2809708e+02	   1.0272862e-02	   2.2761186e-11	
   7.7000000e-01	   1.6190293e+01	   1.2807948e+02	   1.0161623e-02	   2.2670439e-11	
   7.8000000e-01	   1.6175433e+01	   1.2806443e+02	   1.0053063e-02	   2.2593005e-11	
   7.9000000e-01	   1.6163782e+01	   1.2805266e+02	   9.9470308e-03	   2.2532473e-11	
   8.0000000e-01	   1.6154966e+01	   1.2804379e+02	   9.8433804e-03	   2.2486777e-11	
   8.1000000e-01	   1.6148342e+01	   1.2803719e+02	   9.7419687e-03	   2.2452510e-11	
   8.2000000e-01	   1.6143344e+01	   1.2803226e+02	   9.6426573e-03	   2.2426685e-11	
   8.3000000e-01	   1.6139405e+01	   1.2802842e+02	   9.5453130e-03	   2.2406351e-11	
   8.4000000e-01	   1.6135905e+01	   1.2802504e+02	   9.4498078e-03	   2.2388303e-11	
   8.5000000e-01	   1.6132292e+01	   1.2802154e+02	   9.3560198e-03	   2.2369687e-11	
   8.6000000e-01	   1.6128262e+01	   1.2801761e+02	   9.2638332e-03	   2.2348937e-11	
   8.7000000e-01	   1.6123857e+01	   1.2801329e+02	   9.1731388e-03	   2.2326279e-11	
   8.8000000e-01	   1.6119372e+01	   1.2800889e+02	   9.0838348e-03	   2.2303236e-11	
   8.9000000e-01	   1.6115075e+01	   1.2800467e+02	   8.9958270e-03	   2.2281177e-11	
   9.0000000e-01	   1.6110932e+01	   1.2800061e+02	   8.9090293e-03	   2.2259936e-11	
   9.1000000e-01	   1.6106595e+01	   1.2799636e+02	   8.8233644e-03	   2.2237715e-11	
   9.2000000e-01	   1.6101637e+01	   1.2799147e+02	   8.7387644e-03	   2.2212341e-11	
   9.3000000e-01	   1.6095837e+01	   1.2798573e+02	   8.6551713e-03	   2.2182698e-11	
   9.4000000e-01	   1.6089292e+01	   1.2797923e+02	   8.5725374e-03	   2.2149294e-11	
   9.5000000e-01	   1.6082342e+01	   1.2797232e+02	   8.4908257e-03	   2.2113873e-11	
   9.6000000e-01	   1.6075409e+01	   1.2796542e+02	   8.4100107e-03	   2.2078601e-11	
   9.7000000e-01	   1.6068852e+01	   1.2795890e+02	   8.3300776e-03	   2.2045294e-11	
   9.8000000e-01	   1.6062854e+01	   1.2795295e+02	   8.2510230e-03	   2.2014867e-11	
   9.9000000e-01	   1.6057353e+01	   1.2794751e+02	   8.1728541e-03	   2.1987001e-11	
   1.0000000e+00	   1.6052032e+01	   1.2794226e+02	   8.0955877e-03	   2.1960076e-11	
