   0.0000000e+00	   0.0000000e+00	   0.0000000e+00	   1.0494312e-01	   5.4504287e-13	
   1.0000000e-02	   1.7926984e-03	   8.2856545e+01	   8.8456638e-02	   5.4526790e-13	
   2.0000000e-02	   1.1721530e-02	   8.8620872e+01	   7.7158877e-02	   5.4651591e-13	
   3.0000000e-02	   3.4372720e-02	   9.2458008e+01	   6.8859543e-02	   5.4937378e-13	
   4.0000000e-02	   5.8329664e-02	   9.4575636e+01	   6.2395277e-02	   5.5241266e-13	
   5.0000000e-02	   9.2750356e-02	   9.6421647e+01	   5.7263884e-02	   5.5680829e-13	
   6.0000000e-02	   1.5368181e-01	   9.8405300e+01	   5.3080001e-02	   5.6467536e-13	
   7.0000000e-02	   2.1216267e-01	   9.9740328e+01	   4.9544675e-02	   5.7233055e-13	
   8.0000000e-02	   3.1123719e-01	   1.0131427e+02	   4.6493515e-02	   5.8553705e-13	
   9.0000000e-02	   4.5169634e-01	   1.0288080e+02	   4.3844159e-02	   6.0478400e-13	
   1.0000000e-01	   5.6309733e-01	   1.0385268e+02	   4.1536390e-02	   6.2049801e-13	
   1.1000000e-01	   7.2319918e-01	   1.0496432e+02	   3.9510630e-02	   6.4379942e-13	
   1.2000000e-01	   9.9219803e-01	   1.0639779e+02	   3.7711413e-02	   6.8493674e-13	
   1.3000000e-01	   1.2851731e+00	   1.0762170e+02	   3.6092767e-02	   7.3273674e-13	
   1.4000000e-01	   1.4990271e+00	   1.0838230e+02	   3.4619080e-02	   7.6972106e-13	
   1.5000000e-01	   1.6242701e+00	   1.0879564e+02	   3.3263979e-02	   7.9224164e-13	
   1.6000000e-01	   1.7440536e+00	   1.0916791e+02	   3.2009091e-02	   8.1439672e-13	
   1.7000000e-01	   1.9691693e+00	   1.0979986e+02	   3.0842765e-02	   8.5772405e-13	
   1.8000000e-01	   2.3532867e+00	   1.1075074e+02	   2.9758264e-02	   9.3704259e-13	
   1.9000000e-01	   2.8583704e+00	   1.1183980e+02	   2.8751426e-02	   1.0526105e-12	
   2.0000000e-01	   3.4032876e+00	   1.1287569e+02	   2.7818429e-02	   1.1933269e-12	
   2.1000000e-01	   3.9294600e+00	   1.1377971e+02	   2.6954462e-02	   1.3470281e-12	
   2.2000000e-01	   4.4225249e+00	   1.1456325e+02	   2.6153508e-02	   1.5089788e-12	
   2.3000000e-01	   4.8982659e+00	   1.1527396e+02	   2.5408888e-02	   1.6836711e-12	
   2.4000000e-01	   5.3825203e+00	   1.1596103e+02	   2.4713961e-02	   1.8822733e-12	
   2.5000000e-01	   5.8959196e+00	   1.1665726e+02	   2.4062645e-02	   2.1184715e-12	
   2.6000000e-01	   6.4411595e+00	   1.1736742e+02	   2.3449657e-02	   2.4018540e-12	
   2.7000000e-01	   6.9974743e+00	   1.1806680e+02	   2.2870540e-02	   2.7300971e-12	
   2.8000000e-01	   7.5296499e+00	   1.1871629e+02	   2.2321589e-02	   3.0859981e-12	
   2.9000000e-01	   8.0055666e+00	   1.1928362e+02	   2.1799731e-02	   3.4433988e-12	
   3.0000000e-01	   8.4098971e+00	   1.1975713e+02	   2.1302421e-02	   3.7793783e-12	
   3.1000000e-01	   8.7496931e+00	   1.2014982e+02	   2.0827540e-02	   4.0869561e-12	
   3.2000000e-01	   9.0529156e+00	   1.2049658e+02	   2.0373327e-02	   4.3825030e-12	
   3.3000000e-01	   9.3586812e+00	   1.2084287e+02	   1.9938304e-02	   4.7021749e-12	
   3.4000000e-01	   9.6997212e+00	   1.2122525e+02	   1.9521219e-02	   5.0863095e-12	
   3.5000000e-01	   1.0086841e+01	   1.2165482e+02	   1.9120992e-02	   5.5605112e-12	
   3.6000000e-01	   1.0507167e+01	   1.2211648e+02	   1.8736662e-02	   6.1255820e-12	
   3.7000000e-01	   1.0935106e+01	   1.2258205e+02	   1.8367356e-02	   6.7599155e-12	
   3.8000000e-01	   1.1345490e+01	   1.2302484e+02	   1.8012250e-02	   7.4298425e-12	
   3.9000000e-01	   1.1722927e+01	   1.2342931e+02	   1.7670562e-02	   8.1044470e-12	
   4.0000000e-01	   1.2066168e+01	   1.2379514e+02	   1.7341533e-02	   8.7709663e-12	
   4.1000000e-01	   1.2384997e+01	   1.2413351e+02	   1.7024430e-02	   9.4390950e-12	
   4.2000000e-01	   1.2689390e+01	   1.2445542e+02	   1.6718545e-02	   1.0124409e-11	
   4.3000000e-01	   1.2978961e+01	   1.2476073e+02	   1.6423195e-02	   1.0822480e-11	
   4.4000000e-01	   1.3242888e+01	   1.2503832e+02	   1.6137728e-02	   1.1500572e-11	
   4.5000000e-01	   1.3469444e+01	   1.2527614e+02	   1.5861525e-02	   1.2116440e-11	
   4.6000000e-01	   1.3654093e+01	   1.2546972e+02	   1.5594004e-02	   1.2642703e-11	
   4.7000000e-01	   1.3799370e+01	   1.2562185e+02	   1.5334620e-02	   1.3072770e-11	
   4.8000000e-01	   1.3910721e+01	   1.2573834e+02	   1.5082877e-02	   1.3412285e-11	
   4.9000000e-01	   1.3995516e+01	   1.2582691e+02	   1.4838326e-02	   1.3676728e-11	
   5.0000000e-01	   1.4065462e+01	   1.2589980e+02	   1.4600571e-02	   1.3898786e-11	
   5.1000000e-01	   1.4136197e+01	   1.2597329e+02	   1.4369270e-02	   1.4127015e-11	
   5.2000000e-01	   1.4220762e+01	   1.2606098e+02	   1.4144143e-02	   1.4404786e-11	
   5.3000000e-01	   1.4322259e+01	   1.2616609e+02	   1.3924960e-02	   1.4745400e-11	
   5.4000000e-01	   1.4433650e+01	   1.2628137e+02	   1.3711544e-02	   1.5128493e-11	
   5.5000000e-01	   1.4545259e+01	   1.2639680e+02	   1.3503762e-02	   1.5522316e-11	
   5.6000000e-01	   1.4652744e+01	   1.2650791e+02	   1.3301517e-02	   1.5911277e-11	
   5.7000000e-01	   1.4758960e+01	   1.2661763e+02	   1.3104731e-02	   1.6305221e-11	
   5.8000000e-01	   1.4869608e+01	   1.2673182e+02	   1.2913345e-02	   1.6725974e-11	
   5.9000000e-01	   1.4987688e+01	   1.2685356e+02	   1.2727299e-02	   1.7186977e-11	
   6.0000000e-01	   1.5111753e+01	   1.2698133e+02	   1.2546528e-02	   1.7685036e-11	
   6.1000000e-01	   1.5238339e+01	   1.2711157e+02	   1.2370958e-02	   1.8208097e-11	
   6.2000000e-01	   1.5364681e+01	   1.2724145e+02	   1.2200496e-02	   1.8745575e-11	
   6.3000000e-01	   1.5488406e+01	   1.2736853e+02	   1.2035038e-02	   1.9287294e-11	
   6.4000000e-01	   1.5605374e+01	   1.2748858e+02	   1.1874460e-02	   1.9813813e-11	
   6.5000000e-01	   1.5709213e+01	   1.2759508e+02	   1.1718627e-02	   2.0293267e-11	
   6.6000000e-01	   1.5793743e+01	   1.2768173e+02	   1.1567394e-02	   2.0692118e-11	
   6.7000000e-01	   1.5855927e+01	   1.2774545e+02	   1.1420608e-02	   2.0990530e-11	
   6.8000000e-01	   1.5896852e+01	   1.2778738e+02	   1.1278108e-02	   2.1189265e-11	
   6.9000000e-01	   1.5920569e+01	   1.2781169e+02	   1.1139732e-02	   2.1305297e-11	
   7.0000000e-01	   1.5932086e+01	   1.2782352e+02	   1.1005318e-02	   2.1361868e-11	
   7.1000000e-01	   1.5935461e+01	   1.2782704e+02	   1.0874701e-02	   2.1378477e-11	
   7.2000000e-01	   1.5932647e+01	   1.2782425e+02	   1.0747716e-02	   2.1364627e-11	
   7.3000000e-01	   1.5923803e+01	   1.2781531e+02	   1.0624201e-02	   2.1321166e-11	
   7.4000000e-01	   1.5909051e+01	   1.2780034e+02	   1.0503993e-02	   2.1248867e-11	
   7.5000000e-01	   1.5890109e+01	   1.2778109e+02	   1.0386933e-02	   2.1156390e-11	
   7.6000000e-01	   1.5870170e+01	   1.2776083e+02	   1.0272862e-02	   2.1059481e-11	
   7.7000000e-01	   1.5852249e+01	   1.2774263e+02	   1.0161623e-02	   2.0972759e-11	
   7.8000000e-01	   1.5837793e+01	   1.2772798e+02	   1.0053063e-02	   2.0903066e-11	
   7.9000000e-01	   1.5826720e+01	   1.2771680e+02	   9.9470308e-03	   2.0849836e-11	
   8.0000000e-01	   1.5818312e+01	   1.2770837e+02	   9.8433805e-03	   2.0809510e-11	
   8.1000000e-01	   1.5811834e+01	   1.2770192e+02	   9.7419687e-03	   2.0778495e-11	
   8.2000000e-01	   1.5806570e+01	   1.2769673e+02	   9.6426574e-03	   2.0753325e-11	
   8.3000000e-01	   1.5801728e+01	   1.2769198e+02	   9.5453130e-03	   2.0730196e-11	
   8.4000000e-01	   1.5796558e+01	   1.2768690e+02	   9.4498079e-03	   2.0705536e-11	
   8.5000000e-01	   1.5790618e+01	   1.2768103e+02	   9.3560198e-03	   2.0677236e-11	
   8.6000000e-01	   1.5783925e+01	   1.2767437e+02	   9.2638332e-03	   2.0645393e-11	
   8.7000000e-01	   1.5776844e+01	   1.2766732e+02	   9.1731388e-03	   2.0611758e-11	
   8.8000000e-01	   1.5769734e+01	   1.2766023e+02	   9.0838348e-03	   2.0578042e-11	
   8.9000000e-01	   1.5762618e+01	   1.2765314e+02	   8.9958270e-03	   2.0544351e-11	
   9.0000000e-01	   1.5755162e+01	   1.2764570e+02	   8.9090293e-03	   2.0509114e-11	
   9.1000000e-01	   1.5746984e+01	   1.2763753e+02	   8.8233644e-03	   2.0470527e-11	
   9.2000000e-01	   1.5737971e+01	   1.2762851e+02	   8.7387644e-03	   2.0428092e-11	
   9.3000000e-01	   1.5728371e+01	   1.2761888e+02	   8.6551713e-03	   2.0382984e-11	
   9.4000000e-01	   1.5718624e+01	   1.2760911e+02	   8.5725374e-03	   2.0337290e-11	
   9.5000000e-01	   1.5709160e+01	   1.2759962e+02	   8.4908257e-03	   2.0293017e-11	
   9.6000000e-01	   1.5700257e+01	   1.2759071e+02	   8.4100107e-03	   2.0251460e-11	
   9.7000000e-01	   1.5691997e+01	   1.2758246e+02	   8.3300776e-03	   2.0212979e-11	
   9.8000000e-01	   1.5684250e+01	   1.2757473e+02	   8.2510230e-03	   2.0176956e-11	
   9.9000000e-01	   1.5676689e+01	   1.2756719e+02	   8.1728541e-03	   2.0141860e-11	
   1.0000000e+00	   1.5668870e+01	   1.2755939e+02	   8.0955877e-03	   2.0105628e-11	
