   0.0000000e+00	   0.0000000e+00	   0.0000000e+00	   1.0494312e-01	   5.4504287e-13	
   1.0000000e-02	   3.0168178e-03	   8.3930315e+01	   8.8456638e-02	   5.4542161e-13	
   2.0000000e-02	  -3.7469395e-03	   8.2546213e+01	   7.7158877e-02	   5.4457282e-13	
   3.0000000e-02	  -1.0116378e-02	   8.1948300e+01	   6.8859543e-02	   5.4377473e-13	
   4.0000000e-02	  -1.3972384e-02	   8.3907966e+01	   6.2395277e-02	   5.4329214e-13	
   5.0000000e-02	  -2.3468558e-02	   8.1685052e+01	   5.7263884e-02	   5.4210549e-13	
   6.0000000e-02	  -3.1033768e-02	   8.1228570e+01	   5.3080001e-02	   5.4116199e-13	
   7.0000000e-02	  -3.8331660e-02	   8.1384337e+01	   4.9544675e-02	   5.4025338e-13	
   8.0000000e-02	  -4.7205934e-02	   7.9688132e+01	   4.6493515e-02	   5.3915057e-13	
   9.0000000e-02	  -5.3456467e-02	   8.1751851e+01	   4.3844159e-02	   5.3837516e-13	
   1.0000000e-01	  -6.1232736e-02	   8.1940179e+01	   4.1536390e-02	   5.3741203e-13	
   1.1000000e-01	  -7.1242017e-02	   7.9374263e+01	   3.9510630e-02	   5.3617487e-13	
   1.2000000e-01	  -7.8716700e-02	   8.0443743e+01	   3.7711413e-02	   5.3525285e-13	
   1.3000000e-01	  -8.5624159e-02	   8.1964077e+01	   3.6092767e-02	   5.3440221e-13	
   1.4000000e-01	  -9.5569636e-02	   7.9842647e+01	   3.4619080e-02	   5.3317981e-13	
   1.5000000e-01	  -1.0337419e-01	   8.0544777e+01	   3.3263979e-02	   5.3222251e-13	
   1.6000000e-01	  -1.1082102e-01	   8.1580327e+01	   3.2009091e-02	   5.3131069e-13	
   1.7000000e-01	  -1.2025425e-01	   8.0194857e+01	   3.0842765e-02	   5.3015790e-13	
   1.8000000e-01	  -1.2893708e-01	   7.9675245e+01	   2.9758264e-02	   5.2909901e-13	
   1.9000000e-01	  -1.3657967e-01	   8.0739467e+01	   2.8751426e-02	   5.2816874e-13	
   2.0000000e-01	  -1.4542418e-01	   8.0108918e+01	   2.7818429e-02	   5.2709420e-13	
   2.1000000e-01	  -1.5348219e-01	   8.0607407e+01	   2.6954462e-02	   5.2611713e-13	
   2.2000000e-01	  -1.6175414e-01	   8.0814485e+01	   2.6153508e-02	   5.2511599e-13	
   2.3000000e-01	  -1.7101139e-01	   7.9653549e+01	   2.5408888e-02	   5.2399787e-13	
   2.4000000e-01	  -1.7932274e-01	   7.9907586e+01	   2.4713961e-02	   5.2299602e-13	
   2.5000000e-01	  -1.8751949e-01	   8.0334238e+01	   2.4062645e-02	   5.2200987e-13	
   2.6000000e-01	  -1.9624138e-01	   8.0010330e+01	   2.3449657e-02	   5.2096257e-13	
   2.7000000e-01	  -2.0486638e-01	   7.9836423e+01	   2.2870540e-02	   5.1992898e-13	
   2.8000000e-01	  -2.1329851e-01	   7.9975868e+01	   2.2321589e-02	   5.1892048e-13	
   2.9000000e-01	  -2.2176550e-01	   8.0072269e+01	   2.1799731e-02	   5.1790978e-13	
   3.0000000e-01	  -2.3045324e-01	   7.9846701e+01	   2.1302421e-02	   5.1687477e-13	
   3.1000000e-01	  -2.3912505e-01	   7.9646829e+01	   2.0827541e-02	   5.1584373e-13	
   3.2000000e-01	  -2.4762305e-01	   7.9734241e+01	   2.0373327e-02	   5.1483534e-13	
   3.3000000e-01	  -2.5610955e-01	   7.9845976e+01	   1.9938304e-02	   5.1383029e-13	
   3.4000000e-01	  -2.6470197e-01	   7.9799815e+01	   1.9521219e-02	   5.1281470e-13	
   3.5000000e-01	  -2.7336820e-01	   7.9643273e+01	   1.9120992e-02	   5.1179241e-13	
   3.6000000e-01	  -2.8199518e-01	   7.9554353e+01	   1.8736662e-02	   5.1077678e-13	
   3.7000000e-01	  -2.9052329e-01	   7.9633851e+01	   1.8367356e-02	   5.0977476e-13	
   3.8000000e-01	  -2.9898505e-01	   7.9821880e+01	   1.8012250e-02	   5.0878249e-13	
   3.9000000e-01	  -3.0756840e-01	   7.9824491e+01	   1.7670562e-02	   5.0777793e-13	
   4.0000000e-01	  -3.1637273e-01	   7.9480912e+01	   1.7341533e-02	   5.0674957e-13	
   4.1000000e-01	  -3.2506888e-01	   7.9306868e+01	   1.7024431e-02	   5.0573589e-13	
   4.2000000e-01	  -3.3348954e-01	   7.9600118e+01	   1.6718545e-02	   5.0475625e-13	
   4.3000000e-01	  -3.4198036e-01	   7.9771601e+01	   1.6423195e-02	   5.0377037e-13	
   4.4000000e-01	  -3.5069682e-01	   7.9592247e+01	   1.6137728e-02	   5.0276030e-13	
   4.5000000e-01	  -3.5944640e-01	   7.9354662e+01	   1.5861526e-02	   5.0174843e-13	
   4.6000000e-01	  -3.6808282e-01	   7.9306330e+01	   1.5594004e-02	   5.0075164e-13	
   4.7000000e-01	  -3.7658963e-01	   7.9479043e+01	   1.5334620e-02	   4.9977174e-13	
   4.8000000e-01	  -3.8514748e-01	   7.9566542e+01	   1.5082878e-02	   4.9878790e-13	
   4.9000000e-01	  -3.9389564e-01	   7.9345935e+01	   1.4838326e-02	   4.9778419e-13	
   5.0000000e-01	  -4.0262139e-01	   7.9157145e+01	   1.4600571e-02	   4.9678505e-13	
   5.1000000e-01	  -4.1117195e-01	   7.9273177e+01	   1.4369271e-02	   4.9580793e-13	
   5.2000000e-01	  -4.1971239e-01	   7.9405460e+01	   1.4144143e-02	   4.9483387e-13	
   5.3000000e-01	  -4.2835056e-01	   7.9377270e+01	   1.3924960e-02	   4.9385062e-13	
   5.4000000e-01	  -4.3703197e-01	   7.9279637e+01	   1.3711544e-02	   4.9286441e-13	
   5.5000000e-01	  -4.4570647e-01	   7.9195345e+01	   1.3503763e-02	   4.9188096e-13	
   5.6000000e-01	  -4.5436130e-01	   7.9147325e+01	   1.3301517e-02	   4.9090169e-13	
   5.7000000e-01	  -4.6300660e-01	   7.9118820e+01	   1.3104732e-02	   4.8992545e-13	
   5.8000000e-01	  -4.7162589e-01	   7.9138622e+01	   1.2913345e-02	   4.8895408e-13	
   5.9000000e-01	  -4.8020885e-01	   7.9223156e+01	   1.2727299e-02	   4.8798871e-13	
   6.0000000e-01	  -4.8882565e-01	   7.9251720e+01	   1.2546528e-02	   4.8702146e-13	
   6.1000000e-01	  -4.9751384e-01	   7.9161676e+01	   1.2370958e-02	   4.8604813e-13	
   6.2000000e-01	  -5.0621512e-01	   7.9049558e+01	   1.2200496e-02	   4.8507529e-13	
   6.3000000e-01	  -5.1487868e-01	   7.9004564e+01	   1.2035038e-02	   4.8410859e-13	
   6.4000000e-01	  -5.2348557e-01	   7.9061514e+01	   1.1874460e-02	   4.8315013e-13	
   6.5000000e-01	  -5.3206438e-01	   7.9167618e+01	   1.1718627e-02	   4.8219669e-13	
   6.6000000e-01	  -5.4071335e-01	   7.9155251e+01	   1.1567394e-02	   4.8123735e-13	
   6.7000000e-01	  -5.4945027e-01	   7.8992914e+01	   1.1420608e-02	   4.8027019e-13	
   6.8000000e-01	  -5.5815177e-01	   7.8891495e+01	   1.1278108e-02	   4.7930889e-13	
   6.9000000e-01	  -5.6675890e-01	   7.8960426e+01	   1.1139732e-02	   4.7835990e-13	
   7.0000000e-01	  -5.7535263e-01	   7.9053372e+01	   1.1005318e-02	   4.7741427e-13	
   7.1000000e-01	  -5.8399761e-01	   7.9058709e+01	   1.0874701e-02	   4.7646488e-13	
   7.2000000e-01	  -5.9269341e-01	   7.8977986e+01	   1.0747716e-02	   4.7551182e-13	
   7.3000000e-01	  -6.0141903e-01	   7.8844592e+01	   1.0624201e-02	   4.7455741e-13	
   7.4000000e-01	  -6.1011051e-01	   7.8772198e+01	   1.0503993e-02	   4.7360863e-13	
   7.5000000e-01	  -6.1871445e-01	   7.8859847e+01	   1.0386933e-02	   4.7267128e-13	
   7.6000000e-01	  -6.2729633e-01	   7.8985194e+01	   1.0272862e-02	   4.7173818e-13	
   7.7000000e-01	  -6.3595752e-01	   7.8972358e+01	   1.0161623e-02	   4.7079832e-13	
   7.8000000e-01	  -6.4468334e-01	   7.8846973e+01	   1.0053063e-02	   4.6985335e-13	
   7.9000000e-01	  -6.5339414e-01	   7.8746818e+01	   9.9470309e-03	   4.6891189e-13	
   8.0000000e-01	  -6.6206182e-01	   7.8725042e+01	   9.8433805e-03	   4.6797697e-13	
   8.1000000e-01	  -6.7069477e-01	   7.8767143e+01	   9.7419688e-03	   4.6704764e-13	
   8.2000000e-01	  -6.7931139e-01	   7.8838373e+01	   9.6426574e-03	   4.6612191e-13	
   8.3000000e-01	  -6.8796078e-01	   7.8851469e+01	   9.5453131e-03	   4.6519451e-13	
   8.4000000e-01	  -6.9666896e-01	   7.8760793e+01	   9.4498079e-03	   4.6426267e-13	
   8.5000000e-01	  -7.0538113e-01	   7.8661930e+01	   9.3560199e-03	   4.6333227e-13	
   8.6000000e-01	  -7.1404025e-01	   7.8660092e+01	   9.2638332e-03	   4.6240938e-13	
   8.7000000e-01	  -7.2266850e-01	   7.8715042e+01	   9.1731388e-03	   4.6149161e-13	
   8.8000000e-01	  -7.3131283e-01	   7.8741155e+01	   9.0838349e-03	   4.6057396e-13	
   8.9000000e-01	  -7.3998425e-01	   7.8719481e+01	   8.9958270e-03	   4.5965526e-13	
   9.0000000e-01	  -7.4867791e-01	   7.8658379e+01	   8.9090293e-03	   4.5873605e-13	
   9.1000000e-01	  -7.5737765e-01	   7.8586352e+01	   8.8233645e-03	   4.5781803e-13	
   9.2000000e-01	  -7.6604665e-01	   7.8571409e+01	   8.7387645e-03	   4.5690509e-13	
   9.3000000e-01	  -7.7467817e-01	   7.8626035e+01	   8.6551714e-03	   4.5599790e-13	
   9.4000000e-01	  -7.8332012e-01	   7.8661782e+01	   8.5725374e-03	   4.5509142e-13	
   9.5000000e-01	  -7.9200428e-01	   7.8621908e+01	   8.4908258e-03	   4.5418233e-13	
   9.6000000e-01	  -8.0070522e-01	   7.8551684e+01	   8.4100107e-03	   4.5327330e-13	
   9.7000000e-01	  -8.0939178e-01	   7.8507868e+01	   8.3300777e-03	   4.5236759e-13	
   9.8000000e-01	  -8.1805881e-01	   7.8500580e+01	   8.2510231e-03	   4.5146572e-13	
   9.9000000e-01	  -8.2670819e-01	   7.8526236e+01	   8.1728541e-03	   4.5056748e-13	
   1.0000000e+00	  -8.3535333e-01	   7.8559607e+01	   8.0955877e-03	   4.4967146e-13	
