   0.0000000e+00	   0.0000000e+00	   0.0000000e+00	   1.0494312e-01	   5.4504287e-13	
   1.0000000e-02	   3.0038050e-03	   8.3927490e+01	   8.8456638e-02	   5.4541998e-13	
   2.0000000e-02	  -3.8135100e-03	   8.2494665e+01	   7.7158877e-02	   5.4456448e-13	
   3.0000000e-02	  -1.0149523e-02	   8.1924028e+01	   6.8859543e-02	   5.4377058e-13	
   4.0000000e-02	  -1.4065045e-02	   8.3856242e+01	   6.2395277e-02	   5.4328055e-13	
   5.0000000e-02	  -2.3506379e-02	   8.1656361e+01	   5.7263884e-02	   5.4210077e-13	
   6.0000000e-02	  -3.0914753e-02	   8.1380962e+01	   5.3080001e-02	   5.4117682e-13	
   7.0000000e-02	  -3.8423752e-02	   8.1292468e+01	   4.9544675e-02	   5.4024193e-13	
   8.0000000e-02	  -4.7308186e-02	   7.9533440e+01	   4.6493515e-02	   5.3913787e-13	
   9.0000000e-02	  -5.3338306e-02	   8.1888295e+01	   4.3844159e-02	   5.3838981e-13	
   1.0000000e-01	  -6.1352188e-02	   8.1834230e+01	   4.1536390e-02	   5.3739725e-13	
   1.1000000e-01	  -7.1347248e-02	   7.9205284e+01	   3.9510630e-02	   5.3616188e-13	
   1.2000000e-01	  -7.8576650e-02	   8.0655310e+01	   3.7711413e-02	   5.3527011e-13	
   1.3000000e-01	  -8.5737833e-02	   8.1865715e+01	   3.6092767e-02	   5.3438822e-13	
   1.4000000e-01	  -9.5625456e-02	   7.9774408e+01	   3.4619080e-02	   5.3317296e-13	
   1.5000000e-01	  -1.0333690e-01	   8.0614548e+01	   3.3263979e-02	   5.3222708e-13	
   1.6000000e-01	  -1.1086405e-01	   8.1550042e+01	   3.2009091e-02	   5.3130543e-13	
   1.7000000e-01	  -1.2037491e-01	   8.0034355e+01	   3.0842765e-02	   5.3014317e-13	
   1.8000000e-01	  -1.2889414e-01	   7.9767992e+01	   2.9758264e-02	   5.2910424e-13	
   1.9000000e-01	  -1.3659284e-01	   8.0740888e+01	   2.8751426e-02	   5.2816714e-13	
   2.0000000e-01	  -1.4545861e-01	   8.0078116e+01	   2.7818429e-02	   5.2709003e-13	
   2.1000000e-01	  -1.5345999e-01	   8.0655814e+01	   2.6954462e-02	   5.2611982e-13	
   2.2000000e-01	  -1.6185222e-01	   8.0707483e+01	   2.6153508e-02	   5.2510413e-13	
   2.3000000e-01	  -1.7107872e-01	   7.9564609e+01	   2.5408888e-02	   5.2398975e-13	
   2.4000000e-01	  -1.7928956e-01	   7.9980815e+01	   2.4713961e-02	   5.2300002e-13	
   2.5000000e-01	  -1.8754015e-01	   8.0325850e+01	   2.4062645e-02	   5.2200738e-13	
   2.6000000e-01	  -1.9628842e-01	   7.9960972e+01	   2.3449657e-02	   5.2095693e-13	
   2.7000000e-01	  -2.0488818e-01	   7.9825028e+01	   2.2870540e-02	   5.1992637e-13	
   2.8000000e-01	  -2.1330538e-01	   7.9987753e+01	   2.2321589e-02	   5.1891966e-13	
   2.9000000e-01	  -2.2179663e-01	   8.0048004e+01	   2.1799731e-02	   5.1790606e-13	
   3.0000000e-01	  -2.3050425e-01	   7.9789715e+01	   2.1302421e-02	   5.1686870e-13	
   3.1000000e-01	  -2.3914998e-01	   7.9629952e+01	   2.0827541e-02	   5.1584077e-13	
   3.2000000e-01	  -2.4762904e-01	   7.9748032e+01	   2.0373327e-02	   5.1483463e-13	
   3.3000000e-01	  -2.5612964e-01	   7.9837672e+01	   1.9938304e-02	   5.1382792e-13	
   3.4000000e-01	  -2.6474223e-01	   7.9759728e+01	   1.9521219e-02	   5.1280994e-13	
   3.5000000e-01	  -2.7340696e-01	   7.9604107e+01	   1.9120992e-02	   5.1178784e-13	
   3.6000000e-01	  -2.8201364e-01	   7.9548024e+01	   1.8736662e-02	   5.1077460e-13	
   3.7000000e-01	  -2.9052414e-01	   7.9656130e+01	   1.8367356e-02	   5.0977466e-13	
   3.8000000e-01	  -2.9899722e-01	   7.9825972e+01	   1.8012250e-02	   5.0878106e-13	
   3.9000000e-01	  -3.0762876e-01	   7.9753889e+01	   1.7670562e-02	   5.0777087e-13	
   4.0000000e-01	  -3.1643940e-01	   7.9393619e+01	   1.7341533e-02	   5.0674179e-13	
   4.1000000e-01	  -3.2506855e-01	   7.9332573e+01	   1.7024431e-02	   5.0573593e-13	
   4.2000000e-01	  -3.3346669e-01	   7.9660324e+01	   1.6718545e-02	   5.0475891e-13	
   4.3000000e-01	  -3.4201033e-01	   7.9748267e+01	   1.6423195e-02	   5.0376690e-13	
   4.4000000e-01	  -3.5075765e-01	   7.9517675e+01	   1.6137728e-02	   5.0275326e-13	
   4.5000000e-01	  -3.5948881e-01	   7.9307469e+01	   1.5861526e-02	   5.0174353e-13	
   4.6000000e-01	  -3.6808825e-01	   7.9322152e+01	   1.5594004e-02	   5.0075101e-13	
   4.7000000e-01	  -3.7658581e-01	   7.9509482e+01	   1.5334620e-02	   4.9977218e-13	
   4.8000000e-01	  -3.8518923e-01	   7.9523224e+01	   1.5082878e-02	   4.9878311e-13	
   4.9000000e-01	  -3.9395979e-01	   7.9261950e+01	   1.4838326e-02	   4.9777683e-13	
   5.0000000e-01	  -4.0263980e-01	   7.9150598e+01	   1.4600571e-02	   4.9678295e-13	
   5.1000000e-01	  -4.1116118e-01	   7.9316514e+01	   1.4369271e-02	   4.9580915e-13	
   5.2000000e-01	  -4.1972456e-01	   7.9409916e+01	   1.4144143e-02	   4.9483249e-13	
   5.3000000e-01	  -4.2838753e-01	   7.9340490e+01	   1.3924960e-02	   4.9384642e-13	
   5.4000000e-01	  -4.3707490e-01	   7.9231885e+01	   1.3711544e-02	   4.9285954e-13	
   5.5000000e-01	  -4.4574356e-01	   7.9156897e+01	   1.3503763e-02	   4.9187676e-13	
   5.6000000e-01	  -4.5438898e-01	   7.9125025e+01	   1.3301517e-02	   4.9089856e-13	
   5.7000000e-01	  -4.6302327e-01	   7.9115735e+01	   1.3104732e-02	   4.8992357e-13	
   5.8000000e-01	  -4.7162951e-01	   7.9158226e+01	   1.2913345e-02	   4.8895367e-13	
   5.9000000e-01	  -4.8021874e-01	   7.9231845e+01	   1.2727299e-02	   4.8798760e-13	
   6.0000000e-01	  -4.8886328e-01	   7.9213520e+01	   1.2546528e-02	   4.8701724e-13	
   6.1000000e-01	  -4.9756458e-01	   7.9099947e+01	   1.2370958e-02	   4.8604245e-13	
   6.2000000e-01	  -5.0625297e-01	   7.9009148e+01	   1.2200496e-02	   4.8507106e-13	
   6.3000000e-01	  -5.1489292e-01	   7.9005839e+01	   1.2035038e-02	   4.8410701e-13	
   6.4000000e-01	  -5.2348213e-01	   7.9093584e+01	   1.1874460e-02	   4.8315052e-13	
   6.5000000e-01	  -5.3207670e-01	   7.9172299e+01	   1.1718627e-02	   4.8219532e-13	
   6.6000000e-01	  -5.4076462e-01	   7.9093249e+01	   1.1567394e-02	   4.8123167e-13	
   6.7000000e-01	  -5.4950373e-01	   7.8924618e+01	   1.1420608e-02	   4.8026428e-13	
   6.8000000e-01	  -5.5816566e-01	   7.8893461e+01	   1.1278108e-02	   4.7930736e-13	
   6.9000000e-01	  -5.6675270e-01	   7.8997838e+01	   1.1139732e-02	   4.7836059e-13	
   7.0000000e-01	  -5.7536487e-01	   7.9058331e+01	   1.1005318e-02	   4.7741293e-13	
   7.1000000e-01	  -5.8403671e-01	   7.9017247e+01	   1.0874701e-02	   4.7646059e-13	
   7.2000000e-01	  -5.9274904e-01	   7.8906447e+01	   1.0747716e-02	   4.7550573e-13	
   7.3000000e-01	  -6.0146492e-01	   7.8788668e+01	   1.0624201e-02	   4.7455239e-13	
   7.4000000e-01	  -6.1011615e-01	   7.8789335e+01	   1.0503993e-02	   4.7360802e-13	
   7.5000000e-01	  -6.1869562e-01	   7.8920068e+01	   1.0386933e-02	   4.7267333e-13	
   7.6000000e-01	  -6.2730635e-01	   7.8994078e+01	   1.0272862e-02	   4.7173709e-13	
   7.7000000e-01	  -6.3600962e-01	   7.8907698e+01	   1.0161623e-02	   4.7079268e-13	
   7.8000000e-01	  -6.4473977e-01	   7.8772574e+01	   1.0053063e-02	   4.6984724e-13	
   7.9000000e-01	  -6.5342698e-01	   7.8714206e+01	   9.9470309e-03	   4.6890834e-13	
   8.0000000e-01	  -6.6207139e-01	   7.8734920e+01	   9.8433805e-03	   4.6797594e-13	
   8.1000000e-01	  -6.7069195e-01	   7.8799170e+01	   9.7419688e-03	   4.6704794e-13	
   8.2000000e-01	  -6.7932014e-01	   7.8849467e+01	   9.6426574e-03	   4.6612097e-13	
   8.3000000e-01	  -6.8800157e-01	   7.8805760e+01	   9.5453131e-03	   4.6519014e-13	
   8.4000000e-01	  -6.9672255e-01	   7.8690831e+01	   9.4498079e-03	   4.6425694e-13	
   8.5000000e-01	  -7.0541033e-01	   7.8635651e+01	   9.3560199e-03	   4.6332915e-13	
   8.6000000e-01	  -7.1404421e-01	   7.8680167e+01	   9.2638332e-03	   4.6240896e-13	
   8.7000000e-01	  -7.2267494e-01	   7.8730440e+01	   9.1731388e-03	   4.6149093e-13	
   8.8000000e-01	  -7.3133615e-01	   7.8726276e+01	   9.0838349e-03	   4.6057148e-13	
   8.9000000e-01	  -7.4002220e-01	   7.8678131e+01	   8.9958270e-03	   4.5965124e-13	
   9.0000000e-01	  -7.4872095e-01	   7.8607186e+01	   8.9090293e-03	   4.5873150e-13	
   9.1000000e-01	  -7.5740589e-01	   7.8561966e+01	   8.8233645e-03	   4.5781506e-13	
   9.2000000e-01	  -7.6605060e-01	   7.8591941e+01	   8.7387645e-03	   4.5690467e-13	
   9.3000000e-01	  -7.7468111e-01	   7.8648217e+01	   8.6551714e-03	   4.5599759e-13	
   9.4000000e-01	  -7.8334803e-01	   7.8638824e+01	   8.5725374e-03	   4.5508850e-13	
   9.5000000e-01	  -7.9204926e-01	   7.8567516e+01	   8.4908258e-03	   4.5417762e-13	
   9.6000000e-01	  -8.0074404e-01	   7.8507948e+01	   8.4100107e-03	   4.5326925e-13	
   9.7000000e-01	  -8.0941557e-01	   7.8491861e+01	   8.3300777e-03	   4.5236511e-13	
   9.8000000e-01	  -8.1806946e-01	   7.8508997e+01	   8.2510231e-03	   4.5146461e-13	
   9.9000000e-01	  -8.2671426e-01	   7.8543011e+01	   8.1728541e-03	   4.5056685e-13	
   1.0000000e+00	  -8.3537257e-01	   7.8552233e+01	   8.0955877e-03	   4.4966947e-13	
