   0.0000000e+00	   0.0000000e+00	   0.0000000e+00	   1.0494312e-01	   5.4504287e-13	
   1.0000000e-02	   1.7580292e-03	   8.2845756e+01	   8.8456638e-02	   5.4526354e-13	
   2.0000000e-02	   1.2034631e-02	   8.8705861e+01	   7.7158877e-02	   5.4655532e-13	
   3.0000000e-02	   3.5370947e-02	   9.2564575e+01	   6.8859543e-02	   5.4950007e-13	
   4.0000000e-02	   6.0129986e-02	   9.4692183e+01	   6.2395277e-02	   5.5264171e-13	
   5.0000000e-02	   9.7211588e-02	   9.6600173e+01	   5.7263884e-02	   5.5738056e-13	
   6.0000000e-02	   1.6157750e-01	   9.8605495e+01	   5.3080001e-02	   5.6570291e-13	
   7.0000000e-02	   2.2568627e-01	   9.9990159e+01	   4.9544675e-02	   5.7411552e-13	
   8.0000000e-02	   3.2718633e-01	   1.0152802e+02	   4.6493515e-02	   5.8769134e-13	
   9.0000000e-02	   4.7689358e-01	   1.0312119e+02	   4.3844159e-02	   6.0830308e-13	
   1.0000000e-01	   5.9681174e-01	   1.0411463e+02	   4.1536390e-02	   6.2533370e-13	
   1.1000000e-01	   7.5258227e-01	   1.0515470e+02	   3.9510630e-02	   6.4816994e-13	
   1.2000000e-01	   1.0184456e+00	   1.0653441e+02	   3.7711413e-02	   6.8908884e-13	
   1.3000000e-01	   1.3242262e+00	   1.0778184e+02	   3.6092767e-02	   7.3935545e-13	
   1.4000000e-01	   1.5594770e+00	   1.0859344e+02	   3.4619080e-02	   7.8050980e-13	
   1.5000000e-01	   1.6955043e+00	   1.0902622e+02	   3.3263979e-02	   8.0534337e-13	
   1.6000000e-01	   1.7994414e+00	   1.0934226e+02	   3.2009091e-02	   8.2484966e-13	
   1.7000000e-01	   1.9808276e+00	   1.0984735e+02	   3.0842765e-02	   8.6002965e-13	
   1.8000000e-01	   2.3104955e+00	   1.1066889e+02	   2.9758264e-02	   9.2785521e-13	
   1.9000000e-01	   2.7721783e+00	   1.1168199e+02	   2.8751426e-02	   1.0319258e-12	
   2.0000000e-01	   3.2944375e+00	   1.1269539e+02	   2.7818429e-02	   1.1637894e-12	
   2.1000000e-01	   3.8157140e+00	   1.1360783e+02	   2.6954462e-02	   1.3122061e-12	
   2.2000000e-01	   4.3139938e+00	   1.1441177e+02	   2.6153508e-02	   1.4717364e-12	
   2.3000000e-01	   4.7979633e+00	   1.1514349e+02	   2.5408888e-02	   1.6452314e-12	
   2.4000000e-01	   5.2884883e+00	   1.1584611e+02	   2.4713961e-02	   1.8419570e-12	
   2.5000000e-01	   5.8031607e+00	   1.1654958e+02	   2.4062645e-02	   2.0737038e-12	
   2.6000000e-01	   6.3427230e+00	   1.1725723e+02	   2.3449657e-02	   2.3480263e-12	
   2.7000000e-01	   6.8853554e+00	   1.1794391e+02	   2.2870540e-02	   2.6605180e-12	
   2.8000000e-01	   7.3965877e+00	   1.1857197e+02	   2.2321589e-02	   2.9928809e-12	
   2.9000000e-01	   7.8476347e+00	   1.1911340e+02	   2.1799731e-02	   3.3204285e-12	
   3.0000000e-01	   8.2287164e+00	   1.1956292e+02	   2.1302421e-02	   3.6249523e-12	
   3.1000000e-01	   8.5530110e+00	   1.1994046e+02	   2.0827540e-02	   3.9059957e-12	
   3.2000000e-01	   8.8524403e+00	   1.2028528e+02	   2.0373327e-02	   4.1847999e-12	
   3.3000000e-01	   9.1648280e+00	   1.2064125e+02	   1.9938304e-02	   4.4969024e-12	
   3.4000000e-01	   9.5155294e+00	   1.2103655e+02	   1.9521219e-02	   4.8751008e-12	
   3.5000000e-01	   9.9055997e+00	   1.2147138e+02	   1.9120992e-02	   5.3332339e-12	
   3.6000000e-01	   1.0315887e+01	   1.2192393e+02	   1.8736662e-02	   5.8616427e-12	
   3.7000000e-01	   1.0721146e+01	   1.2236667e+02	   1.8367356e-02	   6.4349505e-12	
   3.8000000e-01	   1.1102525e+01	   1.2277997e+02	   1.8012250e-02	   7.0255959e-12	
   3.9000000e-01	   1.1454042e+01	   1.2315838e+02	   1.7670562e-02	   7.6178924e-12	
   4.0000000e-01	   1.1782522e+01	   1.2351012e+02	   1.7341533e-02	   8.2164251e-12	
   4.1000000e-01	   1.2099676e+01	   1.2384823e+02	   1.7024430e-02	   8.8389009e-12	
   4.2000000e-01	   1.2409769e+01	   1.2417753e+02	   1.6718545e-02	   9.4930892e-12	
   4.3000000e-01	   1.2703605e+01	   1.2448851e+02	   1.6423195e-02	   1.0157601e-11	
   4.4000000e-01	   1.2964906e+01	   1.2476427e+02	   1.6137728e-02	   1.0787511e-11	
   4.5000000e-01	   1.3181457e+01	   1.2499234e+02	   1.5861526e-02	   1.1339043e-11	
   4.6000000e-01	   1.3349807e+01	   1.2516940e+02	   1.5594004e-02	   1.1787220e-11	
   4.7000000e-01	   1.3472488e+01	   1.2529833e+02	   1.5334620e-02	   1.2124937e-11	
   4.8000000e-01	   1.3555147e+01	   1.2538517e+02	   1.5082877e-02	   1.2357918e-11	
   4.9000000e-01	   1.3607790e+01	   1.2544047e+02	   1.4838326e-02	   1.2508626e-11	
   5.0000000e-01	   1.3645966e+01	   1.2548050e+02	   1.4600571e-02	   1.2619068e-11	
   5.1000000e-01	   1.3686220e+01	   1.2552257e+02	   1.4369270e-02	   1.2736574e-11	
   5.2000000e-01	   1.3737771e+01	   1.2557634e+02	   1.4144143e-02	   1.2888658e-11	
   5.3000000e-01	   1.3798795e+01	   1.2563993e+02	   1.3924960e-02	   1.3071040e-11	
   5.4000000e-01	   1.3861583e+01	   1.2570535e+02	   1.3711544e-02	   1.3261388e-11	
   5.5000000e-01	   1.3921352e+01	   1.2576762e+02	   1.3503763e-02	   1.3445158e-11	
   5.6000000e-01	   1.3980591e+01	   1.2582932e+02	   1.3301517e-02	   1.3629809e-11	
   5.7000000e-01	   1.4046314e+01	   1.2589771e+02	   1.3104732e-02	   1.3837641e-11	
   5.8000000e-01	   1.4124147e+01	   1.2597859e+02	   1.2913345e-02	   1.4087869e-11	
   5.9000000e-01	   1.4214998e+01	   1.2607287e+02	   1.2727299e-02	   1.4385681e-11	
   6.0000000e-01	   1.4316311e+01	   1.2617790e+02	   1.2546528e-02	   1.4725220e-11	
   6.1000000e-01	   1.4424739e+01	   1.2629020e+02	   1.2370958e-02	   1.5097482e-11	
   6.2000000e-01	   1.4536394e+01	   1.2640572e+02	   1.2200496e-02	   1.5490665e-11	
   6.3000000e-01	   1.4645161e+01	   1.2651817e+02	   1.2035038e-02	   1.5883520e-11	
   6.4000000e-01	   1.4742668e+01	   1.2661891e+02	   1.1874460e-02	   1.6244169e-11	
   6.5000000e-01	   1.4821329e+01	   1.2670014e+02	   1.1718627e-02	   1.6541068e-11	
   6.6000000e-01	   1.4877731e+01	   1.2675838e+02	   1.1567394e-02	   1.6757287e-11	
   6.7000000e-01	   1.4913367e+01	   1.2679520e+02	   1.1420608e-02	   1.6895355e-11	
   6.8000000e-01	   1.4932730e+01	   1.2681526e+02	   1.1278108e-02	   1.6970853e-11	
   6.9000000e-01	   1.4940761e+01	   1.2682366e+02	   1.1139732e-02	   1.7002263e-11	
   7.0000000e-01	   1.4941016e+01	   1.2682406e+02	   1.1005318e-02	   1.7003263e-11	
   7.1000000e-01	   1.4934959e+01	   1.2681799e+02	   1.0874701e-02	   1.6979565e-11	
   7.2000000e-01	   1.4922637e+01	   1.2680549e+02	   1.0747716e-02	   1.6931457e-11	
   7.3000000e-01	   1.4904466e+01	   1.2678698e+02	   1.0624201e-02	   1.6860764e-11	
   7.4000000e-01	   1.4882612e+01	   1.2676468e+02	   1.0503993e-02	   1.6776132e-11	
   7.5000000e-01	   1.4860521e+01	   1.2674214e+02	   1.0386933e-02	   1.6691016e-11	
   7.6000000e-01	   1.4841107e+01	   1.2672235e+02	   1.0272862e-02	   1.6616569e-11	
   7.7000000e-01	   1.4825494e+01	   1.2670648e+02	   1.0161623e-02	   1.6556938e-11	
   7.8000000e-01	   1.4813283e+01	   1.2669412e+02	   1.0053063e-02	   1.6510453e-11	
   7.9000000e-01	   1.4803516e+01	   1.2668429e+02	   9.9470308e-03	   1.6473362e-11	
   8.0000000e-01	   1.4795186e+01	   1.2667596e+02	   9.8433805e-03	   1.6441797e-11	
   8.1000000e-01	   1.4787245e+01	   1.2666803e+02	   9.7419687e-03	   1.6411759e-11	
   8.2000000e-01	   1.4778641e+01	   1.2665943e+02	   9.6426574e-03	   1.6379279e-11	
   8.3000000e-01	   1.4768646e+01	   1.2664939e+02	   9.5453130e-03	   1.6341626e-11	
   8.4000000e-01	   1.4757162e+01	   1.2663782e+02	   9.4498079e-03	   1.6298470e-11	
   8.5000000e-01	   1.4744671e+01	   1.2662521e+02	   9.3560198e-03	   1.6251660e-11	
   8.6000000e-01	   1.4731789e+01	   1.2661219e+02	   9.2638332e-03	   1.6203528e-11	
   8.7000000e-01	   1.4718776e+01	   1.2659903e+02	   9.1731388e-03	   1.6155050e-11	
   8.8000000e-01	   1.4705441e+01	   1.2658555e+02	   9.0838348e-03	   1.6105519e-11	
   8.9000000e-01	   1.4691516e+01	   1.2657146e+02	   8.9958270e-03	   1.6053961e-11	
   9.0000000e-01	   1.4677093e+01	   1.2655686e+02	   8.9090293e-03	   1.6000737e-11	
   9.1000000e-01	   1.4662674e+01	   1.2654226e+02	   8.8233644e-03	   1.5947701e-11	
   9.2000000e-01	   1.4648845e+01	   1.2652828e+02	   8.7387645e-03	   1.5897000e-11	
   9.3000000e-01	   1.4635950e+01	   1.2651526e+02	   8.6551713e-03	   1.5849867e-11	
   9.4000000e-01	   1.4624009e+01	   1.2650322e+02	   8.5725374e-03	   1.5806349e-11	
   9.5000000e-01	   1.4612835e+01	   1.2649197e+02	   8.4908258e-03	   1.5765731e-11	
   9.6000000e-01	   1.4602140e+01	   1.2648121e+02	   8.4100107e-03	   1.5726956e-11	
   9.7000000e-01	   1.4591582e+01	   1.2647060e+02	   8.3300776e-03	   1.5688770e-11	
   9.8000000e-01	   1.4580796e+01	   1.2645975e+02	   8.2510231e-03	   1.5649852e-11	
   9.9000000e-01	   1.4569506e+01	   1.2644838e+02	   8.1728541e-03	   1.5609220e-11	
   1.0000000e+00	   1.4557682e+01	   1.2643647e+02	   8.0955877e-03	   1.5566784e-11	
