   0.0000000e+00	   0.0000000e+00	   0.0000000e+00	   1.0494312e-01	   5.4504287e-13	
   1.0000000e-02	   1.7497185e-03	   8.2843318e+01	   8.8456638e-02	   5.4526250e-13	
   2.0000000e-02	   1.2113828e-02	   8.8727130e+01	   7.7158877e-02	   5.4656528e-13	
   3.0000000e-02	   3.5608567e-02	   9.2589870e+01	   6.8859543e-02	   5.4953014e-13	
   4.0000000e-02	   6.0559241e-02	   9.4719831e+01	   6.2395277e-02	   5.5269633e-13	
   5.0000000e-02	   9.8268618e-02	   9.6641845e+01	   5.7263884e-02	   5.5751624e-13	
   6.0000000e-02	   1.6342260e-01	   9.8651502e+01	   5.3080001e-02	   5.6594330e-13	
   7.0000000e-02	   2.2886652e-01	   1.0004749e+02	   4.9544675e-02	   5.7453609e-13	
   8.0000000e-02	   3.3074759e-01	   1.0157511e+02	   4.6493515e-02	   5.8817345e-13	
   9.0000000e-02	   4.8237436e-01	   1.0317273e+02	   4.3844159e-02	   6.0907124e-13	
   1.0000000e-01	   6.0420646e-01	   1.0417107e+02	   4.1536390e-02	   6.2639936e-13	
   1.1000000e-01	   7.5845857e-01	   1.0519299e+02	   3.9510630e-02	   6.4904755e-13	
   1.2000000e-01	   1.0224584e+00	   1.0655683e+02	   3.7711413e-02	   6.8972585e-13	
   1.3000000e-01	   1.3302817e+00	   1.0780808e+02	   3.6092767e-02	   7.4038708e-13	
   1.4000000e-01	   1.5704364e+00	   1.0863231e+02	   3.4619080e-02	   7.8248190e-13	
   1.5000000e-01	   1.7096777e+00	   1.0907216e+02	   3.3263979e-02	   8.0797595e-13	
   1.6000000e-01	   1.8106543e+00	   1.0937790e+02	   3.2009091e-02	   8.2698206e-13	
   1.7000000e-01	   1.9814060e+00	   1.0985306e+02	   3.0842765e-02	   8.6014418e-13	
   1.8000000e-01	   2.2959164e+00	   1.1063911e+02	   2.9758264e-02	   9.2474566e-13	
   1.9000000e-01	   2.7432702e+00	   1.1162676e+02	   2.8751426e-02	   1.0250798e-12	
   2.0000000e-01	   3.2551730e+00	   1.1262750e+02	   2.7818429e-02	   1.1533150e-12	
   2.1000000e-01	   3.7699712e+00	   1.1353531e+02	   2.6954462e-02	   1.2984576e-12	
   2.2000000e-01	   4.2640568e+00	   1.1433796e+02	   2.6153508e-02	   1.4549107e-12	
   2.3000000e-01	   4.7444889e+00	   1.1506885e+02	   2.5408888e-02	   1.6250980e-12	
   2.4000000e-01	   5.2309989e+00	   1.1576966e+02	   2.4713961e-02	   1.8177349e-12	
   2.5000000e-01	   5.7405722e+00	   1.1646979e+02	   2.4062645e-02	   2.0440329e-12	
   2.6000000e-01	   6.2737083e+00	   1.1717241e+02	   2.3449657e-02	   2.3110082e-12	
   2.7000000e-01	   6.8085970e+00	   1.1785238e+02	   2.2870540e-02	   2.6139084e-12	
   2.8000000e-01	   7.3111320e+00	   1.1847249e+02	   2.2321589e-02	   2.9345659e-12	
   2.9000000e-01	   7.7534017e+00	   1.1900566e+02	   2.1799731e-02	   3.2491580e-12	
   3.0000000e-01	   8.1269478e+00	   1.1944815e+02	   2.1302421e-02	   3.5409960e-12	
   3.1000000e-01	   8.4463007e+00	   1.1982146e+02	   2.0827540e-02	   3.8111912e-12	
   3.2000000e-01	   8.7440127e+00	   1.2016562e+02	   2.0373327e-02	   4.0816139e-12	
   3.3000000e-01	   9.0570797e+00	   1.2052361e+02	   1.9938304e-02	   4.3867071e-12	
   3.4000000e-01	   9.4086447e+00	   1.2092112e+02	   1.9521219e-02	   4.7565835e-12	
   3.5000000e-01	   9.7974154e+00	   1.2135573e+02	   1.9120992e-02	   5.2020222e-12	
   3.6000000e-01	   1.0203208e+01	   1.2180450e+02	   1.8736662e-02	   5.7115163e-12	
   3.7000000e-01	   1.0601515e+01	   1.2224075e+02	   1.8367356e-02	   6.2601129e-12	
   3.8000000e-01	   1.0975488e+01	   1.2264700e+02	   1.8012250e-02	   6.8230649e-12	
   3.9000000e-01	   1.1321461e+01	   1.2302033e+02	   1.7670562e-02	   7.3888489e-12	
   4.0000000e-01	   1.1647702e+01	   1.2337047e+02	   1.7341533e-02	   7.9652757e-12	
   4.1000000e-01	   1.1965483e+01	   1.2370998e+02	   1.7024430e-02	   8.5699640e-12	
   4.2000000e-01	   1.2276960e+01	   1.2404139e+02	   1.6718545e-02	   9.2071806e-12	
   4.3000000e-01	   1.2570738e+01	   1.2435286e+02	   1.6423195e-02	   9.8515478e-12	
   4.4000000e-01	   1.2829682e+01	   1.2462660e+02	   1.6137728e-02	   1.0456801e-11	
   4.5000000e-01	   1.3041912e+01	   1.2485048e+02	   1.5861526e-02	   1.0980495e-11	
   4.6000000e-01	   1.3204464e+01	   1.2502173e+02	   1.5594004e-02	   1.1399272e-11	
   4.7000000e-01	   1.3320077e+01	   1.2514344e+02	   1.5334620e-02	   1.1706804e-11	
   4.8000000e-01	   1.3394785e+01	   1.2522210e+02	   1.5082877e-02	   1.1909930e-11	
   4.9000000e-01	   1.3439451e+01	   1.2526914e+02	   1.4838326e-02	   1.2033052e-11	
   5.0000000e-01	   1.3470264e+01	   1.2530156e+02	   1.4600571e-02	   1.2118730e-11	
   5.1000000e-01	   1.3503294e+01	   1.2533619e+02	   1.4369270e-02	   1.2211248e-11	
   5.2000000e-01	   1.3546371e+01	   1.2538124e+02	   1.4144143e-02	   1.2332972e-11	
   5.3000000e-01	   1.3596728e+01	   1.2543387e+02	   1.3924960e-02	   1.2476807e-11	
   5.4000000e-01	   1.3647199e+01	   1.2548662e+02	   1.3711544e-02	   1.2622649e-11	
   5.5000000e-01	   1.3694660e+01	   1.2553624e+02	   1.3503763e-02	   1.2761352e-11	
   5.6000000e-01	   1.3743121e+01	   1.2558689e+02	   1.3301517e-02	   1.2904548e-11	
   5.7000000e-01	   1.3800058e+01	   1.2564631e+02	   1.3104732e-02	   1.3074841e-11	
   5.8000000e-01	   1.3870634e+01	   1.2571985e+02	   1.2913345e-02	   1.3289055e-11	
   5.9000000e-01	   1.3955207e+01	   1.2580785e+02	   1.2727299e-02	   1.3550377e-11	
   6.0000000e-01	   1.4051078e+01	   1.2590749e+02	   1.2546528e-02	   1.3852828e-11	
   6.1000000e-01	   1.4154801e+01	   1.2601518e+02	   1.2370958e-02	   1.4187659e-11	
   6.2000000e-01	   1.4261843e+01	   1.2612621e+02	   1.2200496e-02	   1.4541694e-11	
   6.3000000e-01	   1.4365054e+01	   1.2623318e+02	   1.2035038e-02	   1.4891420e-11	
   6.4000000e-01	   1.4455531e+01	   1.2632689e+02	   1.1874460e-02	   1.5204907e-11	
   6.5000000e-01	   1.4526225e+01	   1.2640009e+02	   1.1718627e-02	   1.5454435e-11	
   6.6000000e-01	   1.4574948e+01	   1.2645056e+02	   1.1567394e-02	   1.5628793e-11	
   6.7000000e-01	   1.4604254e+01	   1.2648095e+02	   1.1420608e-02	   1.5734611e-11	
   6.8000000e-01	   1.4619008e+01	   1.2649633e+02	   1.1278108e-02	   1.5788158e-11	
   6.9000000e-01	   1.4623857e+01	   1.2650149e+02	   1.1139732e-02	   1.5805795e-11	
   7.0000000e-01	   1.4621711e+01	   1.2649945e+02	   1.1005318e-02	   1.5797986e-11	
   7.1000000e-01	   1.4613464e+01	   1.2649114e+02	   1.0874701e-02	   1.5768015e-11	
   7.2000000e-01	   1.4599064e+01	   1.2647649e+02	   1.0747716e-02	   1.5715820e-11	
   7.3000000e-01	   1.4579333e+01	   1.2645636e+02	   1.0624201e-02	   1.5644583e-11	
   7.4000000e-01	   1.4556896e+01	   1.2643343e+02	   1.0503993e-02	   1.5563966e-11	
   7.5000000e-01	   1.4535196e+01	   1.2641126e+02	   1.0386933e-02	   1.5486392e-11	
   7.6000000e-01	   1.4516659e+01	   1.2639236e+02	   1.0272862e-02	   1.5420433e-11	
   7.7000000e-01	   1.4501861e+01	   1.2637732e+02	   1.0161623e-02	   1.5367979e-11	
   7.8000000e-01	   1.4490115e+01	   1.2636543e+02	   1.0053063e-02	   1.5326470e-11	
   7.9000000e-01	   1.4480375e+01	   1.2635563e+02	   9.9470308e-03	   1.5292137e-11	
   8.0000000e-01	   1.4471570e+01	   1.2634681e+02	   9.8433805e-03	   1.5261164e-11	
   8.1000000e-01	   1.4462584e+01	   1.2633781e+02	   9.7419688e-03	   1.5229621e-11	
   8.2000000e-01	   1.4452431e+01	   1.2632761e+02	   9.6426574e-03	   1.5194057e-11	
   8.3000000e-01	   1.4440627e+01	   1.2631570e+02	   9.5453130e-03	   1.5152817e-11	
   8.4000000e-01	   1.4427393e+01	   1.2630231e+02	   9.4498079e-03	   1.5106713e-11	
   8.5000000e-01	   1.4413397e+01	   1.2628814e+02	   9.3560199e-03	   1.5058107e-11	
   8.6000000e-01	   1.4399201e+01	   1.2627375e+02	   9.2638332e-03	   1.5008966e-11	
   8.7000000e-01	   1.4384885e+01	   1.2625924e+02	   9.1731388e-03	   1.4959570e-11	
   8.8000000e-01	   1.4370191e+01	   1.2624434e+02	   9.0838348e-03	   1.4909044e-11	
   8.9000000e-01	   1.4355024e+01	   1.2622895e+02	   8.9958270e-03	   1.4857066e-11	
   9.0000000e-01	   1.4339740e+01	   1.2621345e+02	   8.9090293e-03	   1.4804872e-11	
   9.1000000e-01	   1.4324968e+01	   1.2619848e+02	   8.8233644e-03	   1.4754600e-11	
   9.2000000e-01	   1.4311191e+01	   1.2618454e+02	   8.7387645e-03	   1.4707870e-11	
   9.3000000e-01	   1.4298522e+01	   1.2617174e+02	   8.6551713e-03	   1.4665026e-11	
   9.4000000e-01	   1.4286772e+01	   1.2615989e+02	   8.5725374e-03	   1.4625404e-11	
   9.5000000e-01	   1.4275634e+01	   1.2614867e+02	   8.4908258e-03	   1.4587942e-11	
   9.6000000e-01	   1.4264772e+01	   1.2613774e+02	   8.4100107e-03	   1.4551503e-11	
   9.7000000e-01	   1.4253838e+01	   1.2612673e+02	   8.3300776e-03	   1.4514913e-11	
   9.8000000e-01	   1.4242519e+01	   1.2611533e+02	   8.2510231e-03	   1.4477132e-11	
   9.9000000e-01	   1.4230672e+01	   1.2610338e+02	   8.1728541e-03	   1.4437694e-11	
   1.0000000e+00	   1.4218428e+01	   1.2609102e+02	   8.0955877e-03	   1.4397049e-11	
