   0.0000000e+00	   0.0000000e+00	   0.0000000e+00	   1.0494312e-01	   5.4504287e-13	
   1.0000000e-02	   2.9226469e-03	   8.3908239e+01	   8.8456638e-02	   5.4540978e-13	
   2.0000000e-02	  -4.2096622e-03	   8.2172624e+01	   7.7158877e-02	   5.4451481e-13	
   3.0000000e-02	  -1.0355525e-02	   8.1766807e+01	   6.8859543e-02	   5.4374479e-13	
   4.0000000e-02	  -1.4666657e-02	   8.3497555e+01	   6.2395277e-02	   5.4320529e-13	
   5.0000000e-02	  -2.3740565e-02	   8.1470599e+01	   5.7263884e-02	   5.4207154e-13	
   6.0000000e-02	  -3.0248132e-02	   8.2157070e+01	   5.3080001e-02	   5.4125989e-13	
   7.0000000e-02	  -3.8945359e-02	   8.0733337e+01	   4.9544675e-02	   5.4017704e-13	
   8.0000000e-02	  -4.7798970e-02	   7.8727294e+01	   4.6493515e-02	   5.3907695e-13	
   9.0000000e-02	  -5.2780894e-02	   8.2499690e+01	   4.3844159e-02	   5.3845891e-13	
   1.0000000e-01	  -6.2102900e-02	   8.1090926e+01	   4.1536390e-02	   5.3730437e-13	
   1.1000000e-01	  -7.1760639e-02	   7.8524064e+01	   3.9510630e-02	   5.3611085e-13	
   1.2000000e-01	  -7.7823036e-02	   8.1659804e+01	   3.7711413e-02	   5.3536300e-13	
   1.3000000e-01	  -8.6563620e-02	   8.1045242e+01	   3.6092767e-02	   5.3428662e-13	
   1.4000000e-01	  -9.5777204e-02	   7.9657974e+01	   3.4619080e-02	   5.3315433e-13	
   1.5000000e-01	  -1.0313995e-01	   8.0980054e+01	   3.3263979e-02	   5.3225122e-13	
   1.6000000e-01	  -1.1132814e-01	   8.1121495e+01	   3.2009091e-02	   5.3124866e-13	
   1.7000000e-01	  -1.2085696e-01	   7.9370623e+01	   3.0842765e-02	   5.3008433e-13	
   1.8000000e-01	  -1.2856583e-01	   8.0390523e+01	   2.9758264e-02	   5.2914424e-13	
   1.9000000e-01	  -1.3681838e-01	   8.0554208e+01	   2.8751426e-02	   5.2813971e-13	
   2.0000000e-01	  -1.4557238e-01	   8.0031496e+01	   2.7818429e-02	   5.2707622e-13	
   2.1000000e-01	  -1.5350400e-01	   8.0711375e+01	   2.6954462e-02	   5.2611449e-13	
   2.2000000e-01	  -1.6250862e-01	   7.9892345e+01	   2.6153508e-02	   5.2502477e-13	
   2.3000000e-01	  -1.7117154e-01	   7.9549082e+01	   2.5408888e-02	   5.2397855e-13	
   2.4000000e-01	  -1.7912046e-01	   8.0356310e+01	   2.4713961e-02	   5.2302038e-13	
   2.5000000e-01	  -1.8779775e-01	   8.0078498e+01	   2.4062645e-02	   5.2197642e-13	
   2.6000000e-01	  -1.9653447e-01	   7.9709348e+01	   2.3449657e-02	   5.2092741e-13	
   2.7000000e-01	  -2.0496346e-01	   7.9843673e+01	   2.2870540e-02	   5.1991735e-13	
   2.8000000e-01	  -2.1339049e-01	   7.9992112e+01	   2.2321589e-02	   5.1890949e-13	
   2.9000000e-01	  -2.2206405e-01	   7.9771046e+01	   2.1799731e-02	   5.1787418e-13	
   3.0000000e-01	  -2.3074382e-01	   7.9541541e+01	   2.1302421e-02	   5.1684019e-13	
   3.1000000e-01	  -2.3921030e-01	   7.9673948e+01	   2.0827541e-02	   5.1583360e-13	
   3.2000000e-01	  -2.4770169e-01	   7.9772042e+01	   2.0373327e-02	   5.1482602e-13	
   3.3000000e-01	  -2.5632482e-01	   7.9667281e+01	   1.9938304e-02	   5.1380482e-13	
   3.4000000e-01	  -2.6497550e-01	   7.9522889e+01	   1.9521219e-02	   5.1278240e-13	
   3.5000000e-01	  -2.7355704e-01	   7.9500262e+01	   1.9120992e-02	   5.1177015e-13	
   3.6000000e-01	  -2.8206955e-01	   7.9600086e+01	   1.8736662e-02	   5.1076803e-13	
   3.7000000e-01	  -2.9058692e-01	   7.9696651e+01	   1.8367356e-02	   5.0976729e-13	
   3.8000000e-01	  -2.9924164e-01	   7.9577682e+01	   1.8012250e-02	   5.0875243e-13	
   3.9000000e-01	  -3.0800266e-01	   7.9280322e+01	   1.7670562e-02	   5.0772716e-13	
   4.0000000e-01	  -3.1655685e-01	   7.9342352e+01	   1.7341533e-02	   5.0672808e-13	
   4.1000000e-01	  -3.2495240e-01	   7.9670641e+01	   1.7024431e-02	   5.0574945e-13	
   4.2000000e-01	  -3.3357166e-01	   7.9634395e+01	   1.6718545e-02	   5.0474671e-13	
   4.3000000e-01	  -3.4235408e-01	   7.9331213e+01	   1.6423195e-02	   5.0372703e-13	
   4.4000000e-01	  -3.5102930e-01	   7.9205669e+01	   1.6137728e-02	   5.0272181e-13	
   4.5000000e-01	  -3.5956596e-01	   7.9326059e+01	   1.5861526e-02	   5.0173461e-13	
   4.6000000e-01	  -3.6808442e-01	   7.9476834e+01	   1.5594004e-02	   5.0075145e-13	
   4.7000000e-01	  -3.7676484e-01	   7.9359129e+01	   1.5334620e-02	   4.9975158e-13	
   4.8000000e-01	  -3.8552650e-01	   7.9098524e+01	   1.5082878e-02	   4.9874437e-13	
   4.9000000e-01	  -3.9410565e-01	   7.9161168e+01	   1.4838326e-02	   4.9776012e-13	
   5.0000000e-01	  -4.0260479e-01	   7.9362725e+01	   1.4600571e-02	   4.9678695e-13	
   5.1000000e-01	  -4.1124758e-01	   7.9320310e+01	   1.4369271e-02	   4.9579929e-13	
   5.2000000e-01	  -4.1996395e-01	   7.9153200e+01	   1.4144143e-02	   4.9480521e-13	
   5.3000000e-01	  -4.2863689e-01	   7.9062192e+01	   1.3924960e-02	   4.9381806e-13	
   5.4000000e-01	  -4.3725762e-01	   7.9067450e+01	   1.3711544e-02	   4.9283881e-13	
   5.5000000e-01	  -4.4585834e-01	   7.9111586e+01	   1.3503763e-02	   4.9186376e-13	
   5.6000000e-01	  -4.5447410e-01	   7.9132065e+01	   1.3301517e-02	   4.9088894e-13	
   5.7000000e-01	  -4.6310157e-01	   7.9135049e+01	   1.3104732e-02	   4.8991474e-13	
   5.8000000e-01	  -4.7175524e-01	   7.9095028e+01	   1.2913345e-02	   4.8893951e-13	
   5.9000000e-01	  -4.8044591e-01	   7.8991479e+01	   1.2727299e-02	   4.8796207e-13	
   6.0000000e-01	  -4.8911324e-01	   7.8931339e+01	   1.2546528e-02	   4.8698921e-13	
   6.1000000e-01	  -4.9772623e-01	   7.8972249e+01	   1.2370958e-02	   4.8602436e-13	
   6.2000000e-01	  -5.0631739e-01	   7.9053727e+01	   1.2200496e-02	   4.8506386e-13	
   6.3000000e-01	  -5.1493451e-01	   7.9090514e+01	   1.2035038e-02	   4.8410237e-13	
   6.4000000e-01	  -5.2362857e-01	   7.8994027e+01	   1.1874460e-02	   4.8313422e-13	
   6.5000000e-01	  -5.3235290e-01	   7.8842656e+01	   1.1718627e-02	   4.8216465e-13	
   6.6000000e-01	  -5.4098913e-01	   7.8853581e+01	   1.1567394e-02	   4.8120679e-13	
   6.7000000e-01	  -5.4956366e-01	   7.8977978e+01	   1.1420608e-02	   4.8025765e-13	
   6.8000000e-01	  -5.5820158e-01	   7.8989843e+01	   1.1278108e-02	   4.7930339e-13	
   6.9000000e-01	  -5.6690895e-01	   7.8879813e+01	   1.1139732e-02	   4.7834338e-13	
   7.0000000e-01	  -5.7561328e-01	   7.8775312e+01	   1.1005318e-02	   4.7738562e-13	
   7.1000000e-01	  -5.8427619e-01	   7.8748647e+01	   1.0874701e-02	   4.7643432e-13	
   7.2000000e-01	  -5.9288257e-01	   7.8828313e+01	   1.0747716e-02	   4.7549111e-13	
   7.3000000e-01	  -6.0147813e-01	   7.8927370e+01	   1.0624201e-02	   4.7455095e-13	
   7.4000000e-01	  -6.1015601e-01	   7.8880271e+01	   1.0503993e-02	   4.7360367e-13	
   7.5000000e-01	  -6.1890010e-01	   7.8712930e+01	   1.0386933e-02	   4.7265107e-13	
   7.6000000e-01	  -6.2759528e-01	   7.8634564e+01	   1.0272862e-02	   4.7170571e-13	
   7.7000000e-01	  -6.3621461e-01	   7.8699748e+01	   1.0161623e-02	   4.7077045e-13	
   7.8000000e-01	  -6.4482647e-01	   7.8778456e+01	   1.0053063e-02	   4.6983786e-13	
   7.9000000e-01	  -6.5347160e-01	   7.8796592e+01	   9.9470309e-03	   4.6890353e-13	
   8.0000000e-01	  -6.6215797e-01	   7.8740614e+01	   9.8433805e-03	   4.6796661e-13	
   8.1000000e-01	  -6.7087481e-01	   7.8628182e+01	   9.7419688e-03	   4.6702828e-13	
   8.2000000e-01	  -6.7956313e-01	   7.8568453e+01	   9.6426574e-03	   4.6609489e-13	
   8.3000000e-01	  -6.8818692e-01	   7.8631043e+01	   9.5453131e-03	   4.6517029e-13	
   8.4000000e-01	  -6.9680532e-01	   7.8703097e+01	   9.4498079e-03	   4.6424809e-13	
   8.5000000e-01	  -7.0547794e-01	   7.8675829e+01	   9.3560199e-03	   4.6332194e-13	
   8.6000000e-01	  -7.1417994e-01	   7.8594671e+01	   9.2638332e-03	   4.6239451e-13	
   8.7000000e-01	  -7.2286812e-01	   7.8539367e+01	   9.1731388e-03	   4.6147040e-13	
   8.8000000e-01	  -7.3153196e-01	   7.8530748e+01	   9.0838349e-03	   4.6055072e-13	
   8.9000000e-01	  -7.4017239e-01	   7.8567088e+01	   8.9958270e-03	   4.5963535e-13	
   9.0000000e-01	  -7.4881378e-01	   7.8602122e+01	   8.9090293e-03	   4.5872170e-13	
   9.1000000e-01	  -7.5749579e-01	   7.8562475e+01	   8.8233645e-03	   4.5780558e-13	
   9.2000000e-01	  -7.6620478e-01	   7.8472510e+01	   8.7387645e-03	   4.5688845e-13	
   9.3000000e-01	  -7.7488569e-01	   7.8435928e+01	   8.6551714e-03	   4.5597611e-13	
   9.4000000e-01	  -7.8353024e-01	   7.8469397e+01	   8.5725374e-03	   4.5506940e-13	
   9.5000000e-01	  -7.9217501e-01	   7.8502712e+01	   8.4908258e-03	   4.5416447e-13	
   9.6000000e-01	  -8.0083888e-01	   7.8500535e+01	   8.4100107e-03	   4.5325935e-13	
   9.7000000e-01	  -8.0952229e-01	   7.8462076e+01	   8.3300777e-03	   4.5235400e-13	
   9.8000000e-01	  -8.1821849e-01	   7.8399414e+01	   8.2510231e-03	   4.5144912e-13	
   9.9000000e-01	  -8.2689887e-01	   7.8366825e+01	   8.1728541e-03	   4.5054770e-13	
   1.0000000e+00	  -8.3554559e-01	   7.8398826e+01	   8.0955877e-03	   4.4965156e-13	
