   0.0000000e+00	   0.0000000e+00	   0.0000000e+00	   1.0494312e-01	   5.4504287e-13	
   1.0000000e-02	   1.7104406e-03	   8.2832820e+01	   8.8456638e-02	   5.4525757e-13	
   2.0000000e-02	   1.2514991e-02	   8.8833518e+01	   7.7158877e-02	   5.4661577e-13	
   3.0000000e-02	   3.6720702e-02	   9.2708235e+01	   6.8859543e-02	   5.4967088e-13	
   4.0000000e-02	   6.2575370e-02	   9.4849281e+01	   6.2395277e-02	   5.5295297e-13	
   5.0000000e-02	   1.0317143e-01	   9.6832631e+01	   5.7263884e-02	   5.5814598e-13	
   6.0000000e-02	   1.7179701e-01	   9.8857560e+01	   5.3080001e-02	   5.6703564e-13	
   7.0000000e-02	   2.4341960e-01	   1.0030413e+02	   4.9544675e-02	   5.7646457e-13	
   8.0000000e-02	   3.4582968e-01	   1.0177370e+02	   4.6493515e-02	   5.9021960e-13	
   9.0000000e-02	   5.0446836e-01	   1.0338025e+02	   4.3844159e-02	   6.1217769e-13	
   1.0000000e-01	   6.3439408e-01	   1.0440009e+02	   4.1536390e-02	   6.3076860e-13	
   1.1000000e-01	   7.7880443e-01	   1.0533074e+02	   3.9510630e-02	   6.5209535e-13	
   1.2000000e-01	   1.0273563e+00	   1.0660121e+02	   3.7711413e-02	   6.9050414e-13	
   1.3000000e-01	   1.3380129e+00	   1.0785825e+02	   3.6092767e-02	   7.4170627e-13	
   1.4000000e-01	   1.5990718e+00	   1.0874362e+02	   3.4619080e-02	   7.8765828e-13	
   1.5000000e-01	   1.7568628e+00	   1.0923047e+02	   3.3263979e-02	   8.1680227e-13	
   1.6000000e-01	   1.8499787e+00	   1.0950794e+02	   3.2009091e-02	   8.3450420e-13	
   1.7000000e-01	   1.9729723e+00	   1.0985179e+02	   3.0842765e-02	   8.5847547e-13	
   1.8000000e-01	   2.2079845e+00	   1.1045143e+02	   2.9758264e-02	   9.0621054e-13	
   1.9000000e-01	   2.5677935e+00	   1.1127739e+02	   2.8751426e-02	   9.8448706e-13	
   2.0000000e-01	   3.0026684e+00	   1.1217108e+02	   2.7818429e-02	   1.0881719e-12	
   2.1000000e-01	   3.4548557e+00	   1.1301228e+02	   2.6954462e-02	   1.2075809e-12	
   2.2000000e-01	   3.8958327e+00	   1.1376777e+02	   2.6153508e-02	   1.3366384e-12	
   2.3000000e-01	   4.3261740e+00	   1.1445706e+02	   2.5408888e-02	   1.4758699e-12	
   2.4000000e-01	   4.7607391e+00	   1.1511479e+02	   2.4713961e-02	   1.6311901e-12	
   2.5000000e-01	   5.2141422e+00	   1.1576794e+02	   2.4062645e-02	   1.8106933e-12	
   2.6000000e-01	   5.6867699e+00	   1.1641956e+02	   2.3449657e-02	   2.0188667e-12	
   2.7000000e-01	   6.1581659e+00	   1.1704515e+02	   2.2870540e-02	   2.2503354e-12	
   2.8000000e-01	   6.5969091e+00	   1.1760928e+02	   2.2321589e-02	   2.4895541e-12	
   2.9000000e-01	   6.9797315e+00	   1.1808949e+02	   2.1799731e-02	   2.7189662e-12	
   3.0000000e-01	   7.3045914e+00	   1.1848942e+02	   2.1302421e-02	   2.9301496e-12	
   3.1000000e-01	   7.5918180e+00	   1.1883784e+02	   2.0827540e-02	   3.1304910e-12	
   3.2000000e-01	   7.8749161e+00	   1.1917669e+02	   2.0373327e-02	   3.3413523e-12	
   3.3000000e-01	   8.1839487e+00	   1.1954155e+02	   1.9938304e-02	   3.5877777e-12	
   3.4000000e-01	   8.5296948e+00	   1.1994407e+02	   1.9521219e-02	   3.8850816e-12	
   3.5000000e-01	   8.9007822e+00	   1.2037019e+02	   1.9120992e-02	   4.2316416e-12	
   3.6000000e-01	   9.2754181e+00	   1.2079495e+02	   1.8736662e-02	   4.6128833e-12	
   3.7000000e-01	   9.6358902e+00	   1.2119914e+02	   1.8367356e-02	   5.0120994e-12	
   3.8000000e-01	   9.9762343e+00	   1.2157720e+02	   1.8012250e-02	   5.4206840e-12	
   3.9000000e-01	   1.0302197e+01	   1.2193646e+02	   1.7670562e-02	   5.8431943e-12	
   4.0000000e-01	   1.0624415e+01	   1.2228919e+02	   1.7341533e-02	   6.2932093e-12	
   4.1000000e-01	   1.0946999e+01	   1.2264016e+02	   1.7024430e-02	   6.7784528e-12	
   4.2000000e-01	   1.1259965e+01	   1.2297878e+02	   1.6718545e-02	   7.2849595e-12	
   4.3000000e-01	   1.1543611e+01	   1.2328423e+02	   1.6423195e-02	   7.7766362e-12	
   4.4000000e-01	   1.1780407e+01	   1.2353832e+02	   1.6137728e-02	   8.2124237e-12	
   4.5000000e-01	   1.1962336e+01	   1.2373307e+02	   1.5861526e-02	   8.5637551e-12	
   4.6000000e-01	   1.2089545e+01	   1.2386909e+02	   1.5594004e-02	   8.8183067e-12	
   4.7000000e-01	   1.2166678e+01	   1.2395163e+02	   1.5334620e-02	   8.9763219e-12	
   4.8000000e-01	   1.2202745e+01	   1.2399042e+02	   1.5082877e-02	   9.0511799e-12	
   4.9000000e-01	   1.2212104e+01	   1.2400075e+02	   1.4838326e-02	   9.0707052e-12	
   5.0000000e-01	   1.2210871e+01	   1.2399978e+02	   1.4600571e-02	   9.0681302e-12	
   5.1000000e-01	   1.2209594e+01	   1.2399874e+02	   1.4369271e-02	   9.0654654e-12	
   5.2000000e-01	   1.2209581e+01	   1.2399905e+02	   1.4144143e-02	   9.0654376e-12	
   5.3000000e-01	   1.2207114e+01	   1.2399680e+02	   1.3924960e-02	   9.0602883e-12	
   5.4000000e-01	   1.2200999e+01	   1.2399074e+02	   1.3711544e-02	   9.0475411e-12	
   5.5000000e-01	   1.2196110e+01	   1.2398599e+02	   1.3503763e-02	   9.0373608e-12	
   5.6000000e-01	   1.2200705e+01	   1.2399128e+02	   1.3301517e-02	   9.0469287e-12	
   5.7000000e-01	   1.2221229e+01	   1.2401341e+02	   1.3104732e-02	   9.0897842e-12	
   5.8000000e-01	   1.2259558e+01	   1.2405433e+02	   1.2913345e-02	   9.1703615e-12	
   5.9000000e-01	   1.2314061e+01	   1.2411231e+02	   1.2727299e-02	   9.2861719e-12	
   6.0000000e-01	   1.2381441e+01	   1.2418383e+02	   1.2546528e-02	   9.4313692e-12	
   6.1000000e-01	   1.2456445e+01	   1.2426332e+02	   1.2370958e-02	   9.5956677e-12	
   6.2000000e-01	   1.2530837e+01	   1.2434209e+02	   1.2200496e-02	   9.7614510e-12	
   6.3000000e-01	   1.2595039e+01	   1.2441005e+02	   1.2035038e-02	   9.9068269e-12	
   6.4000000e-01	   1.2642294e+01	   1.2446014e+02	   1.1874460e-02	   1.0015210e-11	
   6.5000000e-01	   1.2671444e+01	   1.2449115e+02	   1.1718627e-02	   1.0082658e-11	
   6.6000000e-01	   1.2685898e+01	   1.2450670e+02	   1.1567394e-02	   1.0116271e-11	
   6.7000000e-01	   1.2690440e+01	   1.2451183e+02	   1.1420608e-02	   1.0126857e-11	
   6.8000000e-01	   1.2688714e+01	   1.2451038e+02	   1.1278108e-02	   1.0122833e-11	
   6.9000000e-01	   1.2682381e+01	   1.2450411e+02	   1.1139732e-02	   1.0108083e-11	
   7.0000000e-01	   1.2671518e+01	   1.2449309e+02	   1.1005318e-02	   1.0082830e-11	
   7.1000000e-01	   1.2655896e+01	   1.2447708e+02	   1.0874701e-02	   1.0046626e-11	
   7.2000000e-01	   1.2636436e+01	   1.2445704e+02	   1.0747716e-02	   1.0001710e-11	
   7.3000000e-01	   1.2615530e+01	   1.2443548e+02	   1.0624201e-02	   9.9536789e-12	
   7.4000000e-01	   1.2595818e+01	   1.2441517e+02	   1.0503993e-02	   9.9086042e-12	
   7.5000000e-01	   1.2578736e+01	   1.2439762e+02	   1.0386933e-02	   9.8697072e-12	
   7.6000000e-01	   1.2564190e+01	   1.2438273e+02	   1.0272862e-02	   9.8367045e-12	
   7.7000000e-01	   1.2551215e+01	   1.2436950e+02	   1.0161623e-02	   9.8073600e-12	
   7.8000000e-01	   1.2538624e+01	   1.2435669e+02	   1.0053063e-02	   9.7789687e-12	
   7.9000000e-01	   1.2525298e+01	   1.2434311e+02	   9.9470308e-03	   9.7490088e-12	
   8.0000000e-01	   1.2510434e+01	   1.2432793e+02	   9.8433805e-03	   9.7156993e-12	
   8.1000000e-01	   1.2493872e+01	   1.2431096e+02	   9.7419688e-03	   9.6787186e-12	
   8.2000000e-01	   1.2476194e+01	   1.2429281e+02	   9.6426574e-03	   9.6394008e-12	
   8.3000000e-01	   1.2458356e+01	   1.2427449e+02	   9.5453131e-03	   9.5998904e-12	
   8.4000000e-01	   1.2441068e+01	   1.2425674e+02	   9.4498079e-03	   9.5617516e-12	
   8.5000000e-01	   1.2424448e+01	   1.2423970e+02	   9.3560199e-03	   9.5252304e-12	
   8.6000000e-01	   1.2408298e+01	   1.2422315e+02	   9.2638332e-03	   9.4898742e-12	
   8.7000000e-01	   1.2392672e+01	   1.2420715e+02	   9.1731388e-03	   9.4557904e-12	
   8.8000000e-01	   1.2378075e+01	   1.2419224e+02	   9.0838348e-03	   9.4240617e-12	
   8.9000000e-01	   1.2365051e+01	   1.2417899e+02	   8.9958270e-03	   9.3958423e-12	
   9.0000000e-01	   1.2353666e+01	   1.2416747e+02	   8.9090293e-03	   9.3712437e-12	
   9.1000000e-01	   1.2343449e+01	   1.2415717e+02	   8.8233644e-03	   9.3492249e-12	
   9.2000000e-01	   1.2333762e+01	   1.2414743e+02	   8.7387645e-03	   9.3283936e-12	
   9.3000000e-01	   1.2324130e+01	   1.2413775e+02	   8.6551714e-03	   9.3077278e-12	
   9.4000000e-01	   1.2314295e+01	   1.2412785e+02	   8.5725374e-03	   9.2866727e-12	
   9.5000000e-01	   1.2304113e+01	   1.2411759e+02	   8.4908258e-03	   9.2649256e-12	
   9.6000000e-01	   1.2293545e+01	   1.2410693e+02	   8.4100107e-03	   9.2424088e-12	
   9.7000000e-01	   1.2282748e+01	   1.2409602e+02	   8.3300776e-03	   9.2194586e-12	
   9.8000000e-01	   1.2272076e+01	   1.2408525e+02	   8.2510231e-03	   9.1968325e-12	
   9.9000000e-01	   1.2261894e+01	   1.2407499e+02	   8.1728541e-03	   9.1752959e-12	
   1.0000000e+00	   1.2252327e+01	   1.2406538e+02	   8.0955877e-03	   9.1551060e-12	
