   0.0000000e+00	   0.0000000e+00	   0.0000000e+00	   1.0494312e-01	   5.4504287e-13	
   1.0000000e-02	   2.8944277e-03	   8.3900938e+01	   8.8456638e-02	   5.4540624e-13	
   2.0000000e-02	  -4.3402652e-03	   8.2060265e+01	   7.7158877e-02	   5.4449843e-13	
   3.0000000e-02	  -1.0426589e-02	   8.1710082e+01	   6.8859543e-02	   5.4373589e-13	
   4.0000000e-02	  -1.4882247e-02	   8.3359016e+01	   6.2395277e-02	   5.4317833e-13	
   5.0000000e-02	  -2.3820941e-02	   8.1403677e+01	   5.7263884e-02	   5.4206150e-13	
   6.0000000e-02	  -3.0051043e-02	   8.2366377e+01	   5.3080001e-02	   5.4128446e-13	
   7.0000000e-02	  -3.9103812e-02	   8.0549651e+01	   4.9544675e-02	   5.4015734e-13	
   8.0000000e-02	  -4.7911330e-02	   7.8534033e+01	   4.6493515e-02	   5.3906300e-13	
   9.0000000e-02	  -5.2665160e-02	   8.2627053e+01	   4.3844159e-02	   5.3847326e-13	
   1.0000000e-01	  -6.2352326e-02	   8.0810652e+01	   4.1536390e-02	   5.3727351e-13	
   1.1000000e-01	  -7.1810490e-02	   7.8470023e+01	   3.9510630e-02	   5.3610469e-13	
   1.2000000e-01	  -7.7636936e-02	   8.1885198e+01	   3.7711413e-02	   5.3538595e-13	
   1.3000000e-01	  -8.6861688e-02	   8.0700312e+01	   3.6092767e-02	   5.3424995e-13	
   1.4000000e-01	  -9.5764424e-02	   7.9724801e+01	   3.4619080e-02	   5.3315590e-13	
   1.5000000e-01	  -1.0310501e-01	   8.1058665e+01	   3.3263979e-02	   5.3225550e-13	
   1.6000000e-01	  -1.1153497e-01	   8.0901833e+01	   3.2009091e-02	   5.3122336e-13	
   1.7000000e-01	  -1.2091227e-01	   7.9318639e+01	   3.0842765e-02	   5.3007758e-13	
   1.8000000e-01	  -1.2847037e-01	   8.0561940e+01	   2.9758264e-02	   5.2915588e-13	
   1.9000000e-01	  -1.3693609e-01	   8.0430281e+01	   2.8751426e-02	   5.2812539e-13	
   2.0000000e-01	  -1.4558195e-01	   8.0059068e+01	   2.7818429e-02	   5.2707506e-13	
   2.1000000e-01	  -1.5359591e-01	   8.0627862e+01	   2.6954462e-02	   5.2610335e-13	
   2.2000000e-01	  -1.6269420e-01	   7.9636104e+01	   2.6153508e-02	   5.2500234e-13	
   2.3000000e-01	  -1.7110346e-01	   7.9709558e+01	   2.5408888e-02	   5.2398676e-13	
   2.4000000e-01	  -1.7911892e-01	   8.0399332e+01	   2.4713961e-02	   5.2302057e-13	
   2.5000000e-01	  -1.8791633e-01	   7.9941578e+01	   2.4062645e-02	   5.2196217e-13	
   2.6000000e-01	  -1.9659002e-01	   7.9665190e+01	   2.3449657e-02	   5.2092075e-13	
   2.7000000e-01	  -2.0497634e-01	   7.9869016e+01	   2.2870540e-02	   5.1991581e-13	
   2.8000000e-01	  -2.1344830e-01	   7.9948346e+01	   2.2321589e-02	   5.1890258e-13	
   2.9000000e-01	  -2.2216417e-01	   7.9655742e+01	   2.1799731e-02	   5.1786224e-13	
   3.0000000e-01	  -2.3078272e-01	   7.9524544e+01	   2.1302421e-02	   5.1683556e-13	
   3.1000000e-01	  -2.3921833e-01	   7.9708065e+01	   2.0827541e-02	   5.1583265e-13	
   3.2000000e-01	  -2.4775443e-01	   7.9734398e+01	   2.0373327e-02	   5.1481977e-13	
   3.3000000e-01	  -2.5640369e-01	   7.9585550e+01	   1.9938304e-02	   5.1379549e-13	
   3.4000000e-01	  -2.6503274e-01	   7.9475169e+01	   1.9521219e-02	   5.1277564e-13	
   3.5000000e-01	  -2.7358221e-01	   7.9506688e+01	   1.9120992e-02	   5.1176719e-13	
   3.6000000e-01	  -2.8209147e-01	   7.9611944e+01	   1.8736662e-02	   5.1076545e-13	
   3.7000000e-01	  -2.9065062e-01	   7.9641146e+01	   1.8367356e-02	   5.0975982e-13	
   3.8000000e-01	  -2.9935792e-01	   7.9432106e+01	   1.8012250e-02	   5.0873881e-13	
   3.9000000e-01	  -3.0806196e-01	   7.9226643e+01	   1.7670562e-02	   5.0772023e-13	
   4.0000000e-01	  -3.1651495e-01	   7.9463343e+01	   1.7341533e-02	   5.0673297e-13	
   4.1000000e-01	  -3.2496963e-01	   7.9690213e+01	   1.7024431e-02	   5.0574744e-13	
   4.2000000e-01	  -3.3369620e-01	   7.9478589e+01	   1.6718545e-02	   5.0473223e-13	
   4.3000000e-01	  -3.4245458e-01	   7.9206574e+01	   1.6423195e-02	   5.0371537e-13	
   4.4000000e-01	  -3.5105200e-01	   7.9217012e+01	   1.6137728e-02	   5.0271919e-13	
   4.5000000e-01	  -3.5955716e-01	   7.9391015e+01	   1.5861526e-02	   5.0173563e-13	
   4.6000000e-01	  -3.6813432e-01	   7.9442871e+01	   1.5594004e-02	   5.0074570e-13	
   4.7000000e-01	  -3.7688293e-01	   7.9205773e+01	   1.5334620e-02	   4.9973799e-13	
   4.8000000e-01	  -3.8557854e-01	   7.9057088e+01	   1.5082878e-02	   4.9873840e-13	
   4.9000000e-01	  -3.9408078e-01	   7.9255943e+01	   1.4838326e-02	   4.9776297e-13	
   5.0000000e-01	  -4.0263863e-01	   7.9355382e+01	   1.4600571e-02	   4.9678308e-13	
   5.1000000e-01	  -4.1134780e-01	   7.9198363e+01	   1.4369271e-02	   4.9578785e-13	
   5.2000000e-01	  -4.2004937e-01	   7.9053238e+01	   1.4144143e-02	   4.9479548e-13	
   5.3000000e-01	  -4.2868129e-01	   7.9035084e+01	   1.3924960e-02	   4.9381301e-13	
   5.4000000e-01	  -4.3727507e-01	   7.9088898e+01	   1.3711544e-02	   4.9283683e-13	
   5.5000000e-01	  -4.4587966e-01	   7.9126175e+01	   1.3503763e-02	   4.9186135e-13	
   5.6000000e-01	  -4.5451478e-01	   7.9112676e+01	   1.3301517e-02	   4.9088434e-13	
   5.7000000e-01	  -4.6316497e-01	   7.9075634e+01	   1.3104732e-02	   4.8990758e-13	
   5.8000000e-01	  -4.7184112e-01	   7.8994763e+01	   1.2913345e-02	   4.8892984e-13	
   5.9000000e-01	  -4.8051645e-01	   7.8917108e+01	   1.2727299e-02	   4.8795415e-13	
   6.0000000e-01	  -4.8914027e-01	   7.8936137e+01	   1.2546528e-02	   4.8698618e-13	
   6.1000000e-01	  -4.9773316e-01	   7.9013234e+01	   1.2370958e-02	   4.8602358e-13	
   6.2000000e-01	  -5.0634232e-01	   7.9062417e+01	   1.2200496e-02	   4.8506108e-13	
   6.3000000e-01	  -5.1501127e-01	   7.9007704e+01	   1.2035038e-02	   4.8409381e-13	
   6.4000000e-01	  -5.2373374e-01	   7.8857310e+01	   1.1874460e-02	   4.8312252e-13	
   6.5000000e-01	  -5.3240088e-01	   7.8808784e+01	   1.1718627e-02	   4.8215933e-13	
   6.6000000e-01	  -5.4097809e-01	   7.8927901e+01	   1.1567394e-02	   4.8120801e-13	
   6.7000000e-01	  -5.4958949e-01	   7.8985255e+01	   1.1420608e-02	   4.8025480e-13	
   6.8000000e-01	  -5.5828968e-01	   7.8885490e+01	   1.1278108e-02	   4.7929367e-13	
   6.9000000e-01	  -5.6699917e-01	   7.8768878e+01	   1.1139732e-02	   4.7833344e-13	
   7.0000000e-01	  -5.7566387e-01	   7.8736607e+01	   1.1005318e-02	   4.7738006e-13	
   7.1000000e-01	  -5.8427942e-01	   7.8797971e+01	   1.0874701e-02	   4.7643397e-13	
   7.2000000e-01	  -5.9287687e-01	   7.8892944e+01	   1.0747716e-02	   4.7549174e-13	
   7.3000000e-01	  -6.0153968e-01	   7.8870931e+01	   1.0624201e-02	   4.7454422e-13	
   7.4000000e-01	  -6.1027968e-01	   7.8708622e+01	   1.0503993e-02	   4.7359018e-13	
   7.5000000e-01	  -6.1898459e-01	   7.8609890e+01	   1.0386933e-02	   4.7264188e-13	
   7.6000000e-01	  -6.2760167e-01	   7.8678668e+01	   1.0272862e-02	   4.7170501e-13	
   7.7000000e-01	  -6.3620578e-01	   7.8771198e+01	   1.0161623e-02	   4.7077141e-13	
   7.8000000e-01	  -6.4485474e-01	   7.8781447e+01	   1.0053063e-02	   4.6983480e-13	
   7.9000000e-01	  -6.5354474e-01	   7.8717458e+01	   9.9470309e-03	   4.6889563e-13	
   8.0000000e-01	  -6.6225780e-01	   7.8610293e+01	   9.8433805e-03	   4.6795585e-13	
   8.1000000e-01	  -6.7094554e-01	   7.8550421e+01	   9.7419688e-03	   4.6702067e-13	
   8.2000000e-01	  -6.7956974e-01	   7.8612019e+01	   9.6426574e-03	   4.6609419e-13	
   8.3000000e-01	  -6.8818394e-01	   7.8691713e+01	   9.5453131e-03	   4.6517061e-13	
   8.4000000e-01	  -6.9685702e-01	   7.8662699e+01	   9.4498079e-03	   4.6424257e-13	
   8.5000000e-01	  -7.0556459e-01	   7.8569717e+01	   9.3560199e-03	   4.6331269e-13	
   8.6000000e-01	  -7.1425100e-01	   7.8516518e+01	   9.2638332e-03	   4.6238694e-13	
   8.7000000e-01	  -7.2290813e-01	   7.8519866e+01	   9.1731388e-03	   4.6146615e-13	
   8.8000000e-01	  -7.3154838e-01	   7.8555997e+01	   9.0838349e-03	   4.6054898e-13	
   8.9000000e-01	  -7.4019397e-01	   7.8582644e+01	   8.9958270e-03	   4.5963306e-13	
   9.0000000e-01	  -7.4887770e-01	   7.8538693e+01	   8.9090293e-03	   4.5871494e-13	
   9.1000000e-01	  -7.5758563e-01	   7.8449212e+01	   8.8233645e-03	   4.5779611e-13	
   9.2000000e-01	  -7.6626225e-01	   7.8419914e+01	   8.7387645e-03	   4.5688241e-13	
   9.3000000e-01	  -7.7490121e-01	   7.8463694e+01	   8.6551714e-03	   4.5597448e-13	
   9.4000000e-01	  -7.8354707e-01	   7.8494591e+01	   8.5725374e-03	   4.5506764e-13	
   9.5000000e-01	  -7.9221935e-01	   7.8476057e+01	   8.4908258e-03	   4.5415984e-13	
   9.6000000e-01	  -8.0090807e-01	   7.8426764e+01	   8.4100107e-03	   4.5325213e-13	
   9.7000000e-01	  -8.0960058e-01	   7.8370203e+01	   8.3300777e-03	   4.5234584e-13	
   9.8000000e-01	  -8.1827309e-01	   7.8352317e+01	   8.2510231e-03	   4.5144344e-13	
   9.9000000e-01	  -8.2691514e-01	   7.8393313e+01	   8.1728541e-03	   4.5054601e-13	
   1.0000000e+00	  -8.3556122e-01	   7.8426281e+01	   8.0955877e-03	   4.4964994e-13	
