   0.0000000e+00	   0.0000000e+00	   0.0000000e+00	   2.0988624e-01	   5.4504287e-13	
   1.0000000e-02	   2.5556274e-02	   8.8519035e+01	   1.5225138e-01	   5.4825965e-13	
   2.0000000e-02	   4.4817895e-02	   9.1192232e+01	   1.2388884e-01	   5.5069667e-13	
   3.0000000e-02	   4.4495898e-02	   9.1184198e+01	   1.0582039e-01	   5.5065584e-13	
   4.0000000e-02	   2.7536918e-02	   8.8924964e+01	   9.3045931e-02	   5.4850975e-13	
   5.0000000e-02	   1.5383151e-02	   8.6902706e+01	   8.3368793e-02	   5.4697689e-13	
   6.0000000e-02	   1.7461099e-02	   8.8870872e+01	   7.5802509e-02	   5.4723866e-13	
   7.0000000e-02	   1.6933284e-02	   8.9937941e+01	   6.9689174e-02	   5.4717215e-13	
   8.0000000e-02	   3.4628078e-02	   9.2777020e+01	   6.4582315e-02	   5.4940609e-13	
   9.0000000e-02	   7.0816181e-02	   9.5452379e+01	   6.0211041e-02	   5.5400321e-13	
   1.0000000e-01	   1.1755312e-01	   9.7436564e+01	   5.6425491e-02	   5.5999735e-13	
   1.1000000e-01	   1.7093660e-01	   9.8951962e+01	   5.3131858e-02	   5.6692332e-13	
   1.2000000e-01	   2.7226757e-01	   1.0081605e+02	   5.0249644e-02	   5.8030648e-13	
   1.3000000e-01	   4.4743186e-01	   1.0286820e+02	   4.7704363e-02	   6.0419043e-13	
   1.4000000e-01	   6.6827064e-01	   1.0460620e+02	   4.5433671e-02	   6.3570807e-13	
   1.5000000e-01	   8.9284157e-01	   1.0591724e+02	   4.3389443e-02	   6.6944487e-13	
   1.6000000e-01	   1.0951349e+00	   1.0687629e+02	   4.1535271e-02	   7.0136510e-13	
   1.7000000e-01	   1.2690296e+00	   1.0759040e+02	   3.9843241e-02	   7.3001809e-13	
   1.8000000e-01	   1.4301242e+00	   1.0818400e+02	   3.8291501e-02	   7.5760543e-13	
   1.9000000e-01	   1.6122183e+00	   1.0878977e+02	   3.6862520e-02	   7.9004621e-13	
   2.0000000e-01	   1.8513771e+00	   1.0950168e+02	   3.5541803e-02	   8.3477296e-13	
   2.1000000e-01	   2.1686253e+00	   1.1033845e+02	   3.4316980e-02	   8.9803485e-13	
   2.2000000e-01	   2.5683004e+00	   1.1126850e+02	   3.3177218e-02	   9.8460197e-13	
   2.3000000e-01	   3.0540870e+00	   1.1226781e+02	   3.2112867e-02	   1.1011319e-12	
   2.4000000e-01	   3.6430512e+00	   1.1334458e+02	   3.1115282e-02	   1.2610601e-12	
   2.5000000e-01	   4.3574488e+00	   1.1451361e+02	   3.0176779e-02	   1.4865364e-12	
   2.6000000e-01	   5.2041674e+00	   1.1576617e+02	   2.9290702e-02	   1.8065392e-12	
   2.7000000e-01	   6.1718657e+00	   1.1707761e+02	   2.8451525e-02	   2.2574452e-12	
   2.8000000e-01	   7.2440844e+00	   1.1842885e+02	   2.7654938e-02	   2.8896091e-12	
   2.9000000e-01	   8.3959600e+00	   1.1979872e+02	   2.6897832e-02	   3.7672692e-12	
   3.0000000e-01	   9.5773552e+00	   1.2114275e+02	   2.6178155e-02	   4.9449987e-12	
   3.1000000e-01	   1.0720550e+01	   1.2240184e+02	   2.5494619e-02	   6.4340677e-12	
   3.2000000e-01	   1.1774232e+01	   1.2353605e+02	   2.4846325e-02	   8.2007553e-12	
   3.3000000e-01	   1.2725983e+01	   1.2454420e+02	   2.4232390e-02	   1.0210075e-11	
   3.4000000e-01	   1.3594922e+01	   1.2545409e+02	   2.3651673e-02	   1.2471619e-11	
   3.5000000e-01	   1.4409756e+01	   1.2630002e+02	   2.3102644e-02	   1.5045488e-11	
   3.6000000e-01	   1.5192821e+01	   1.2710761e+02	   2.2583396e-02	   1.8018258e-11	
   3.7000000e-01	   1.5954173e+01	   1.2788872e+02	   2.2091750e-02	   2.1470786e-11	
   3.8000000e-01	   1.6688906e+01	   1.2863941e+02	   2.1625394e-02	   2.5428532e-11	
   3.9000000e-01	   1.7377654e+01	   1.2934081e+02	   2.1182011e-02	   2.9798611e-11	
   4.0000000e-01	   1.7995370e+01	   1.2996829e+02	   2.0759384e-02	   3.4353237e-11	
   4.1000000e-01	   1.8525031e+01	   1.3050529e+02	   2.0355455e-02	   3.8809121e-11	
   4.2000000e-01	   1.8965940e+01	   1.3095165e+02	   1.9968358e-02	   4.2956081e-11	
   4.3000000e-01	   1.9331649e+01	   1.3132144e+02	   1.9596434e-02	   4.6729979e-11	
   4.4000000e-01	   1.9641479e+01	   1.3163438e+02	   1.9238223e-02	   5.0185539e-11	
   4.5000000e-01	   1.9912556e+01	   1.3190787e+02	   1.8892461e-02	   5.3417828e-11	
   4.6000000e-01	   2.0155750e+01	   1.3215293e+02	   1.8558068e-02	   5.6494439e-11	
   4.7000000e-01	   2.0374812e+01	   1.3237339e+02	   1.8234139e-02	   5.9417162e-11	
   4.8000000e-01	   2.0567947e+01	   1.3256750e+02	   1.7919934e-02	   6.2119136e-11	
   4.9000000e-01	   2.0732143e+01	   1.3273230e+02	   1.7614872e-02	   6.4512661e-11	
   5.0000000e-01	   2.0868335e+01	   1.3286881e+02	   1.7318515e-02	   6.6567787e-11	
   5.1000000e-01	   2.0983111e+01	   1.3298376e+02	   1.7030554e-02	   6.8350514e-11	
   5.2000000e-01	   2.1085180e+01	   1.3308598e+02	   1.6750791e-02	   6.9975929e-11	
   5.3000000e-01	   2.1180175e+01	   1.3318121e+02	   1.6479107e-02	   7.1523405e-11	
   5.4000000e-01	   2.1268685e+01	   1.3327003e+02	   1.6215440e-02	   7.2996016e-11	
   5.5000000e-01	   2.1348109e+01	   1.3334982e+02	   1.5959747e-02	   7.4343253e-11	
   5.6000000e-01	   2.1415388e+01	   1.3341746e+02	   1.5711982e-02	   7.5503920e-11	
   5.7000000e-01	   2.1468813e+01	   1.3347121e+02	   1.5472068e-02	   7.6438464e-11	
   5.8000000e-01	   2.1509332e+01	   1.3351201e+02	   1.5239884e-02	   7.7154967e-11	
   5.9000000e-01	   2.1541450e+01	   1.3354436e+02	   1.5015254e-02	   7.7727673e-11	
   6.0000000e-01	   2.1572697e+01	   1.3357587e+02	   1.4797950e-02	   7.8288931e-11	
   6.1000000e-01	   2.1611456e+01	   1.3361497e+02	   1.4587695e-02	   7.8990762e-11	
   6.2000000e-01	   2.1664395e+01	   1.3366837e+02	   1.4384177e-02	   7.9959522e-11	
   6.3000000e-01	   2.1734779e+01	   1.3373937e+02	   1.4187056e-02	   8.1265942e-11	
   6.4000000e-01	   2.1821945e+01	   1.3382729e+02	   1.3995981e-02	   8.2913486e-11	
   6.5000000e-01	   2.1921810e+01	   1.3392798e+02	   1.3810595e-02	   8.4842144e-11	
   6.6000000e-01	   2.2028365e+01	   1.3403539e+02	   1.3630551e-02	   8.6949521e-11	
   6.7000000e-01	   2.2135700e+01	   1.3414355e+02	   1.3455511e-02	   8.9125222e-11	
   6.8000000e-01	   2.2239538e+01	   1.3424814e+02	   1.3285157e-02	   9.1281856e-11	
   6.9000000e-01	   2.2337593e+01	   1.3434687e+02	   1.3119192e-02	   9.3366258e-11	
   7.0000000e-01	   2.2428876e+01	   1.3443874e+02	   1.2957339e-02	   9.5349472e-11	
   7.1000000e-01	   2.2512677e+01	   1.3452305e+02	   1.2799345e-02	   9.7207187e-11	
   7.2000000e-01	   2.2587858e+01	   1.3459865e+02	   1.2644979e-02	   9.8904585e-11	
   7.3000000e-01	   2.2652804e+01	   1.3466393e+02	   1.2494032e-02	   1.0039476e-10	
   7.4000000e-01	   2.2705992e+01	   1.3471737e+02	   1.2346317e-02	   1.0163187e-10	
   7.5000000e-01	   2.2746779e+01	   1.3475832e+02	   1.2201666e-02	   1.0259083e-10	
   7.6000000e-01	   2.2775859e+01	   1.3478750e+02	   1.2059931e-02	   1.0328009e-10	
   7.7000000e-01	   2.2795110e+01	   1.3480680e+02	   1.1920983e-02	   1.0373889e-10	
   7.8000000e-01	   2.2806931e+01	   1.3481862e+02	   1.1784711e-02	   1.0402165e-10	
   7.9000000e-01	   2.2813532e+01	   1.3482521e+02	   1.1651019e-02	   1.0417989e-10	
   8.0000000e-01	   2.2816522e+01	   1.3482817e+02	   1.1519829e-02	   1.0425163e-10	
   8.1000000e-01	   2.2816912e+01	   1.3482852e+02	   1.1391073e-02	   1.0426099e-10	
   8.2000000e-01	   2.2815344e+01	   1.3482691e+02	   1.1264698e-02	   1.0422336e-10	
   8.3000000e-01	   2.2812244e+01	   1.3482376e+02	   1.1140662e-02	   1.0414900e-10	
   8.4000000e-01	   2.2807807e+01	   1.3481928e+02	   1.1018928e-02	   1.0404265e-10	
   8.5000000e-01	   2.2801962e+01	   1.3481338e+02	   1.0899468e-02	   1.0390271e-10	
   8.6000000e-01	   2.2794461e+01	   1.3480582e+02	   1.0782257e-02	   1.0372341e-10	
   8.7000000e-01	   2.2785045e+01	   1.3479634e+02	   1.0667275e-02	   1.0349876e-10	
   8.8000000e-01	   2.2773545e+01	   1.3478477e+02	   1.0554498e-02	   1.0322507e-10	
   8.9000000e-01	   2.2759913e+01	   1.3477107e+02	   1.0443906e-02	   1.0290155e-10	
   9.0000000e-01	   2.2744240e+01	   1.3475532e+02	   1.0335475e-02	   1.0253086e-10	
   9.1000000e-01	   2.2726792e+01	   1.3473779e+02	   1.0229178e-02	   1.0211978e-10	
   9.2000000e-01	   2.2708012e+01	   1.3471893e+02	   1.0124987e-02	   1.0167915e-10	
   9.3000000e-01	   2.2688463e+01	   1.3469929e+02	   1.0022869e-02	   1.0122248e-10	
   9.4000000e-01	   2.2668734e+01	   1.3467947e+02	   9.9227898e-03	   1.0076370e-10	
   9.5000000e-01	   2.2649343e+01	   1.3465998e+02	   9.8247119e-03	   1.0031479e-10	
   9.6000000e-01	   2.2630668e+01	   1.3464122e+02	   9.7285960e-03	   9.9884353e-11	
   9.7000000e-01	   2.2612963e+01	   1.3462344e+02	   9.6344011e-03	   9.9477976e-11	
   9.8000000e-01	   2.2596410e+01	   1.3460682e+02	   9.5420857e-03	   9.9099546e-11	
   9.9000000e-01	   2.2581137e+01	   1.3459149e+02	   9.4516077e-03	   9.8751657e-11	
   1.0000000e+00	   2.2567177e+01	   1.3457748e+02	   9.3629252e-03	   9.8434735e-11	
