   0.0000000e+00	   0.0000000e+00	   0.0000000e+00	   1.0494312e-01	   5.4504287e-13	
   1.0000000e-02	   1.6958422e-03	   8.2829464e+01	   8.8456638e-02	   5.4525574e-13	
   2.0000000e-02	   1.2677726e-02	   8.8876054e+01	   7.7158877e-02	   5.4663625e-13	
   3.0000000e-02	   3.7128568e-02	   9.2751789e+01	   6.8859543e-02	   5.4972250e-13	
   4.0000000e-02	   6.3319273e-02	   9.4897013e+01	   6.2395277e-02	   5.5304770e-13	
   5.0000000e-02	   1.0494302e-01	   9.6900817e+01	   5.7263884e-02	   5.5837371e-13	
   6.0000000e-02	   1.7472277e-01	   9.8928876e+01	   5.3080001e-02	   5.6741777e-13	
   7.0000000e-02	   2.4856311e-01	   1.0039302e+02	   4.9544675e-02	   5.7714770e-13	
   8.0000000e-02	   3.5054619e-01	   1.0183637e+02	   4.6493515e-02	   5.9086094e-13	
   9.0000000e-02	   5.1071776e-01	   1.0344025e+02	   4.3844159e-02	   6.1305923e-13	
   1.0000000e-01	   6.4313243e-01	   1.0446726e+02	   4.1536390e-02	   6.3203904e-13	
   1.1000000e-01	   7.8271567e-01	   1.0536156e+02	   3.9510630e-02	   6.5268289e-13	
   1.2000000e-01	   1.0224328e+00	   1.0658838e+02	   3.7711413e-02	   6.8972178e-13	
   1.3000000e-01	   1.3306878e+00	   1.0784109e+02	   3.6092767e-02	   7.4045631e-13	
   1.4000000e-01	   1.5980516e+00	   1.0874935e+02	   3.4619080e-02	   7.8747326e-13	
   1.5000000e-01	   1.7640350e+00	   1.0925966e+02	   3.3263979e-02	   8.1815230e-13	
   1.6000000e-01	   1.8573059e+00	   1.0953644e+02	   3.2009091e-02	   8.3591333e-13	
   1.7000000e-01	   1.9648258e+00	   1.0983863e+02	   3.0842765e-02	   8.5686664e-13	
   1.8000000e-01	   2.1685699e+00	   1.1036420e+02	   2.9758264e-02	   8.9802339e-13	
   1.9000000e-01	   2.4886250e+00	   1.1111287e+02	   2.8751426e-02	   9.6670322e-13	
   2.0000000e-01	   2.8832478e+00	   1.1194455e+02	   2.7818429e-02	   1.0586574e-12	
   2.1000000e-01	   3.2981961e+00	   1.1273894e+02	   2.6954462e-02	   1.1647971e-12	
   2.2000000e-01	   3.7047274e+00	   1.1345676e+02	   2.6153508e-02	   1.2790967e-12	
   2.3000000e-01	   4.1018714e+00	   1.1411265e+02	   2.5408888e-02	   1.4015797e-12	
   2.4000000e-01	   4.5029556e+00	   1.1473846e+02	   2.4713961e-02	   1.5371853e-12	
   2.5000000e-01	   4.9217703e+00	   1.1536002e+02	   2.4062645e-02	   1.6928079e-12	
   2.6000000e-01	   5.3588621e+00	   1.1598030e+02	   2.3449657e-02	   1.8720475e-12	
   2.7000000e-01	   5.7946486e+00	   1.1657494e+02	   2.2870540e-02	   2.0696434e-12	
   2.8000000e-01	   6.1990794e+00	   1.1710909e+02	   2.2321589e-02	   2.2716352e-12	
   2.9000000e-01	   6.5509650e+00	   1.1756211e+02	   2.1799731e-02	   2.4633559e-12	
   3.0000000e-01	   6.8509351e+00	   1.1794086e+02	   2.1302421e-02	   2.6395152e-12	
   3.1000000e-01	   7.1213380e+00	   1.1827694e+02	   2.0827540e-02	   2.8090823e-12	
   3.2000000e-01	   7.3951162e+00	   1.1861222e+02	   2.0373327e-02	   2.9918670e-12	
   3.3000000e-01	   7.6984351e+00	   1.1897803e+02	   1.9938304e-02	   3.2082941e-12	
   3.4000000e-01	   8.0368693e+00	   1.1937983e+02	   1.9521219e-02	   3.4683074e-12	
   3.5000000e-01	   8.3960369e+00	   1.1979979e+02	   1.9120992e-02	   3.7673359e-12	
   3.6000000e-01	   8.7550335e+00	   1.2021374e+02	   1.8736662e-02	   4.0919848e-12	
   3.7000000e-01	   9.0998213e+00	   1.2060651e+02	   1.8367356e-02	   4.4300924e-12	
   3.8000000e-01	   9.4285343e+00	   1.2097713e+02	   1.8012250e-02	   4.7784174e-12	
   3.9000000e-01	   9.7490967e+00	   1.2133540e+02	   1.7670562e-02	   5.1444664e-12	
   4.0000000e-01	   1.0070778e+01	   1.2169211e+02	   1.7341533e-02	   5.5399840e-12	
   4.1000000e-01	   1.0393257e+01	   1.2204714e+02	   1.7024430e-02	   5.9670042e-12	
   4.2000000e-01	   1.0702139e+01	   1.2238503e+02	   1.6718545e-02	   6.4068508e-12	
   4.3000000e-01	   1.0976348e+01	   1.2268340e+02	   1.6423195e-02	   6.8244151e-12	
   4.4000000e-01	   1.1199904e+01	   1.2292568e+02	   1.6137728e-02	   7.1849057e-12	
   4.5000000e-01	   1.1366934e+01	   1.2310626e+02	   1.5861526e-02	   7.4666193e-12	
   4.6000000e-01	   1.1478859e+01	   1.2322717e+02	   1.5594004e-02	   7.6615484e-12	
   4.7000000e-01	   1.1541246e+01	   1.2329469e+02	   1.5334620e-02	   7.7724014e-12	
   4.8000000e-01	   1.1564281e+01	   1.2331991e+02	   1.5082877e-02	   7.8137372e-12	
   4.9000000e-01	   1.1562777e+01	   1.2331877e+02	   1.4838326e-02	   7.8110311e-12	
   5.0000000e-01	   1.1551270e+01	   1.2330686e+02	   1.4600571e-02	   7.7903623e-12	
   5.1000000e-01	   1.1537462e+01	   1.2329249e+02	   1.4369271e-02	   7.7656325e-12	
   5.2000000e-01	   1.1521179e+01	   1.2327551e+02	   1.4144143e-02	   7.7365716e-12	
   5.3000000e-01	   1.1500090e+01	   1.2325344e+02	   1.3924960e-02	   7.6990952e-12	
   5.4000000e-01	   1.1475968e+01	   1.2322817e+02	   1.3711544e-02	   7.6564494e-12	
   5.5000000e-01	   1.1455750e+01	   1.2320709e+02	   1.3503763e-02	   7.6208895e-12	
   5.6000000e-01	   1.1447645e+01	   1.2319896e+02	   1.3301517e-02	   7.6066806e-12	
   5.7000000e-01	   1.1456702e+01	   1.2320917e+02	   1.3104732e-02	   7.6225594e-12	
   5.8000000e-01	   1.1483601e+01	   1.2323845e+02	   1.2913345e-02	   7.6699185e-12	
   5.9000000e-01	   1.1526276e+01	   1.2328455e+02	   1.2727299e-02	   7.7456568e-12	
   6.0000000e-01	   1.1580995e+01	   1.2334348e+02	   1.2546528e-02	   7.8438663e-12	
   6.1000000e-01	   1.1641502e+01	   1.2340852e+02	   1.2370958e-02	   7.9539135e-12	
   6.2000000e-01	   1.1698870e+01	   1.2347015e+02	   1.2200496e-02	   8.0596767e-12	
   6.3000000e-01	   1.1744506e+01	   1.2351924e+02	   1.2035038e-02	   8.1448164e-12	
   6.4000000e-01	   1.1774216e+01	   1.2355135e+02	   1.1874460e-02	   8.2007258e-12	
   6.5000000e-01	   1.1789307e+01	   1.2356789e+02	   1.1718627e-02	   8.2292701e-12	
   6.6000000e-01	   1.1794102e+01	   1.2357347e+02	   1.1567394e-02	   8.2383618e-12	
   6.7000000e-01	   1.1792733e+01	   1.2357250e+02	   1.1420608e-02	   8.2357645e-12	
   6.8000000e-01	   1.1787518e+01	   1.2356744e+02	   1.1278108e-02	   8.2258811e-12	
   6.9000000e-01	   1.1778932e+01	   1.2355882e+02	   1.1139732e-02	   8.2096355e-12	
   7.0000000e-01	   1.1766476e+01	   1.2354609e+02	   1.1005318e-02	   8.1861237e-12	
   7.1000000e-01	   1.1750054e+01	   1.2352916e+02	   1.0874701e-02	   8.1552268e-12	
   7.2000000e-01	   1.1730959e+01	   1.2350938e+02	   1.0747716e-02	   8.1194499e-12	
   7.3000000e-01	   1.1711486e+01	   1.2348920e+02	   1.0624201e-02	   8.0831250e-12	
   7.4000000e-01	   1.1693539e+01	   1.2347062e+02	   1.0503993e-02	   8.0497895e-12	
   7.5000000e-01	   1.1677698e+01	   1.2345429e+02	   1.0386933e-02	   8.0204825e-12	
   7.6000000e-01	   1.1663393e+01	   1.2343959e+02	   1.0272862e-02	   7.9941074e-12	
   7.7000000e-01	   1.1649547e+01	   1.2342539e+02	   1.0161623e-02	   7.9686616e-12	
   7.8000000e-01	   1.1635078e+01	   1.2341053e+02	   1.0053063e-02	   7.9421573e-12	
   7.9000000e-01	   1.1619248e+01	   1.2339424e+02	   9.9470308e-03	   7.9132605e-12	
   8.0000000e-01	   1.1601972e+01	   1.2337641e+02	   9.8433805e-03	   7.8818451e-12	
   8.1000000e-01	   1.1583895e+01	   1.2335773e+02	   9.7419688e-03	   7.8491049e-12	
   8.2000000e-01	   1.1566033e+01	   1.2333927e+02	   9.6426574e-03	   7.8168891e-12	
   8.3000000e-01	   1.1549166e+01	   1.2332186e+02	   9.5453131e-03	   7.7865895e-12	
   8.4000000e-01	   1.1533451e+01	   1.2330567e+02	   9.4498079e-03	   7.7584638e-12	
   8.5000000e-01	   1.1518629e+01	   1.2329044e+02	   9.3560199e-03	   7.7320296e-12	
   8.6000000e-01	   1.1504612e+01	   1.2327607e+02	   9.2638332e-03	   7.7071159e-12	
   8.7000000e-01	   1.1491770e+01	   1.2326295e+02	   9.1731388e-03	   7.6843588e-12	
   8.8000000e-01	   1.1480558e+01	   1.2325157e+02	   9.0838348e-03	   7.6645471e-12	
   8.9000000e-01	   1.1470963e+01	   1.2324191e+02	   8.9958270e-03	   7.6476313e-12	
   9.0000000e-01	   1.1462400e+01	   1.2323335e+02	   8.9090293e-03	   7.6325669e-12	
   9.1000000e-01	   1.1454133e+01	   1.2322512e+02	   8.8233644e-03	   7.6180529e-12	
   9.2000000e-01	   1.1445683e+01	   1.2321668e+02	   8.7387645e-03	   7.6032450e-12	
   9.3000000e-01	   1.1436877e+01	   1.2320786e+02	   8.6551714e-03	   7.5878429e-12	
   9.4000000e-01	   1.1427695e+01	   1.2319865e+02	   8.5725374e-03	   7.5718185e-12	
   9.5000000e-01	   1.1418213e+01	   1.2318912e+02	   8.4908258e-03	   7.5553051e-12	
   9.6000000e-01	   1.1408667e+01	   1.2317951e+02	   8.4100107e-03	   7.5387159e-12	
   9.7000000e-01	   1.1399453e+01	   1.2317027e+02	   8.3300777e-03	   7.5227385e-12	
   9.8000000e-01	   1.1390924e+01	   1.2316175e+02	   8.2510231e-03	   7.5079790e-12	
   9.9000000e-01	   1.1383141e+01	   1.2315402e+02	   8.1728541e-03	   7.4945365e-12	
   1.0000000e+00	   1.1375863e+01	   1.2314683e+02	   8.0955877e-03	   7.4819873e-12	
