   0.0000000e+00	   0.0000000e+00	   0.0000000e+00	   1.0494312e-01	   5.4504287e-13	
   1.0000000e-02	   2.8510148e-03	   8.3889149e+01	   8.8456638e-02	   5.4540079e-13	
   2.0000000e-02	  -4.5345810e-03	   8.1886844e+01	   7.7158877e-02	   5.4447407e-13	
   3.0000000e-02	  -1.0535036e-02	   8.1621089e+01	   6.8859543e-02	   5.4372231e-13	
   4.0000000e-02	  -1.5216949e-02	   8.3132677e+01	   6.2395277e-02	   5.4313647e-13	
   5.0000000e-02	  -2.3943051e-02	   8.1298967e+01	   5.7263884e-02	   5.4204626e-13	
   6.0000000e-02	  -2.9786210e-02	   8.2637260e+01	   5.3080001e-02	   5.4131746e-13	
   7.0000000e-02	  -3.9323525e-02	   8.0284010e+01	   4.9544675e-02	   5.4013001e-13	
   8.0000000e-02	  -4.8028972e-02	   7.8345159e+01	   4.6493515e-02	   5.3904840e-13	
   9.0000000e-02	  -5.2567077e-02	   8.2749084e+01	   4.3844159e-02	   5.3848542e-13	
   1.0000000e-01	  -6.2710543e-02	   8.0373829e+01	   4.1536390e-02	   5.3722919e-13	
   1.1000000e-01	  -7.1804143e-02	   7.8568670e+01	   3.9510630e-02	   5.3610548e-13	
   1.2000000e-01	  -7.7447632e-02	   8.2118087e+01	   3.7711413e-02	   5.3540928e-13	
   1.3000000e-01	  -8.7293259e-02	   8.0145958e+01	   3.6092767e-02	   5.3419686e-13	
   1.4000000e-01	  -9.5700462e-02	   7.9895977e+01	   3.4619080e-02	   5.3316375e-13	
   1.5000000e-01	  -1.0309850e-01	   8.1119169e+01	   3.3263979e-02	   5.3225630e-13	
   1.6000000e-01	  -1.1185711e-01	   8.0531688e+01	   3.2009091e-02	   5.3118395e-13	
   1.7000000e-01	  -1.2090214e-01	   7.9408537e+01	   3.0842765e-02	   5.3007881e-13	
   1.8000000e-01	  -1.2837914e-01	   8.0740345e+01	   2.9758264e-02	   5.2916699e-13	
   1.9000000e-01	  -1.3712934e-01	   8.0211837e+01	   2.8751426e-02	   5.2810190e-13	
   2.0000000e-01	  -1.4558532e-01	   8.0116824e+01	   2.7818429e-02	   5.2707465e-13	
   2.1000000e-01	  -1.5379483e-01	   8.0413717e+01	   2.6954462e-02	   5.2607925e-13	
   2.2000000e-01	  -1.6288726e-01	   7.9373656e+01	   2.6153508e-02	   5.2497900e-13	
   2.3000000e-01	  -1.7096126e-01	   8.0002822e+01	   2.5408888e-02	   5.2400392e-13	
   2.4000000e-01	  -1.7919394e-01	   8.0355027e+01	   2.4713961e-02	   5.2301153e-13	
   2.5000000e-01	  -1.8809342e-01	   7.9727854e+01	   2.4062645e-02	   5.2194088e-13	
   2.6000000e-01	  -1.9664258e-01	   7.9649077e+01	   2.3449657e-02	   5.2091445e-13	
   2.7000000e-01	  -2.0500075e-01	   7.9898811e+01	   2.2870540e-02	   5.1991289e-13	
   2.8000000e-01	  -2.1356594e-01	   7.9832613e+01	   2.2321589e-02	   5.1888852e-13	
   2.9000000e-01	  -2.2229515e-01	   7.9508698e+01	   2.1799731e-02	   5.1784662e-13	
   3.0000000e-01	  -2.3080536e-01	   7.9559171e+01	   2.1302421e-02	   5.1683287e-13	
   3.1000000e-01	  -2.3924829e-01	   7.9730022e+01	   2.0827541e-02	   5.1582909e-13	
   3.2000000e-01	  -2.4785894e-01	   7.9635290e+01	   2.0373327e-02	   5.1480738e-13	
   3.3000000e-01	  -2.5651266e-01	   7.9475190e+01	   1.9938304e-02	   5.1378260e-13	
   3.4000000e-01	  -2.6509420e-01	   7.9444165e+01	   1.9521219e-02	   5.1276838e-13	
   3.5000000e-01	  -2.7361567e-01	   7.9523458e+01	   1.9120992e-02	   5.1176325e-13	
   3.6000000e-01	  -2.8214957e-01	   7.9588160e+01	   1.8736662e-02	   5.1075862e-13	
   3.7000000e-01	  -2.9078143e-01	   7.9497060e+01	   1.8367356e-02	   5.0974446e-13	
   3.8000000e-01	  -2.9950368e-01	   7.9254153e+01	   1.8012250e-02	   5.0872173e-13	
   3.9000000e-01	  -3.0806646e-01	   7.9295267e+01	   1.7670562e-02	   5.0771970e-13	
   4.0000000e-01	  -3.1647257e-01	   7.9606207e+01	   1.7341533e-02	   5.0673792e-13	
   4.1000000e-01	  -3.2509652e-01	   7.9556091e+01	   1.7024431e-02	   5.0573267e-13	
   4.2000000e-01	  -3.3388641e-01	   7.9226562e+01	   1.6718545e-02	   5.0471013e-13	
   4.3000000e-01	  -3.4253244e-01	   7.9145159e+01	   1.6423195e-02	   5.0370634e-13	
   4.4000000e-01	  -3.5104431e-01	   7.9306961e+01	   1.6137728e-02	   5.0272008e-13	
   4.5000000e-01	  -3.5957997e-01	   7.9426779e+01	   1.5861526e-02	   5.0173300e-13	
   4.6000000e-01	  -3.6827758e-01	   7.9273611e+01	   1.5594004e-02	   5.0072918e-13	
   4.7000000e-01	  -3.7702350e-01	   7.9031493e+01	   1.5334620e-02	   4.9972182e-13	
   4.8000000e-01	  -3.8557226e-01	   7.9147020e+01	   1.5082878e-02	   4.9873912e-13	
   4.9000000e-01	  -3.9408260e-01	   7.9328525e+01	   1.4838326e-02	   4.9776276e-13	
   5.0000000e-01	  -4.0277101e-01	   7.9203265e+01	   1.4600571e-02	   4.9676794e-13	
   5.1000000e-01	  -4.1149232e-01	   7.9018430e+01	   1.4369271e-02	   4.9577135e-13	
   5.2000000e-01	  -4.2012300e-01	   7.8999095e+01	   1.4144143e-02	   4.9478709e-13	
   5.3000000e-01	  -4.2870543e-01	   7.9070906e+01	   1.3924960e-02	   4.9381027e-13	
   5.4000000e-01	  -4.3730171e-01	   7.9120150e+01	   1.3711544e-02	   4.9283380e-13	
   5.5000000e-01	  -4.4594744e-01	   7.9084555e+01	   1.3503763e-02	   4.9185367e-13	
   5.6000000e-01	  -4.5461328e-01	   7.9015874e+01	   1.3301517e-02	   4.9087321e-13	
   5.7000000e-01	  -4.6328021e-01	   7.8947615e+01	   1.3104732e-02	   4.8989458e-13	
   5.8000000e-01	  -4.7194204e-01	   7.8891153e+01	   1.2913345e-02	   4.8891848e-13	
   5.9000000e-01	  -4.8056170e-01	   7.8915502e+01	   1.2727299e-02	   4.8794906e-13	
   6.0000000e-01	  -4.8915588e-01	   7.8988616e+01	   1.2546528e-02	   4.8698443e-13	
   6.1000000e-01	  -4.9777518e-01	   7.9017886e+01	   1.2370958e-02	   4.8601888e-13	
   6.2000000e-01	  -5.0644686e-01	   7.8955205e+01	   1.2200496e-02	   4.8504940e-13	
   6.3000000e-01	  -5.1515882e-01	   7.8819645e+01	   1.2035038e-02	   4.8407737e-13	
   6.4000000e-01	  -5.2381830e-01	   7.8782606e+01	   1.1874460e-02	   4.8311312e-13	
   6.5000000e-01	  -5.3239269e-01	   7.8905920e+01	   1.1718627e-02	   4.8216024e-13	
   6.6000000e-01	  -5.4100719e-01	   7.8956062e+01	   1.1567394e-02	   4.8120479e-13	
   6.7000000e-01	  -5.4971594e-01	   7.8837147e+01	   1.1420608e-02	   4.8024081e-13	
   6.8000000e-01	  -5.5842081e-01	   7.8725181e+01	   1.1278108e-02	   4.7927920e-13	
   6.9000000e-01	  -5.6706652e-01	   7.8726255e+01	   1.1139732e-02	   4.7832602e-13	
   7.0000000e-01	  -5.7567552e-01	   7.8798141e+01	   1.1005318e-02	   4.7737878e-13	
   7.1000000e-01	  -5.8429042e-01	   7.8859949e+01	   1.0874701e-02	   4.7643276e-13	
   7.2000000e-01	  -5.9297488e-01	   7.8796167e+01	   1.0747716e-02	   4.7548100e-13	
   7.3000000e-01	  -6.0171266e-01	   7.8632821e+01	   1.0624201e-02	   4.7452532e-13	
   7.4000000e-01	  -6.1038827e-01	   7.8587212e+01	   1.0503993e-02	   4.7357834e-13	
   7.5000000e-01	  -6.1898141e-01	   7.8700405e+01	   1.0386933e-02	   4.7264223e-13	
   7.6000000e-01	  -6.2759466e-01	   7.8774818e+01	   1.0272862e-02	   4.7170577e-13	
   7.7000000e-01	  -6.3627260e-01	   7.8730575e+01	   1.0161623e-02	   4.7076417e-13	
   7.8000000e-01	  -6.4497956e-01	   7.8632551e+01	   1.0053063e-02	   4.6982130e-13	
   7.9000000e-01	  -6.5368092e-01	   7.8544528e+01	   9.9470309e-03	   4.6888093e-13	
   8.0000000e-01	  -6.6233802e-01	   7.8542069e+01	   9.8433805e-03	   4.6794721e-13	
   8.1000000e-01	  -6.7094625e-01	   7.8633399e+01	   9.7419688e-03	   4.6702060e-13	
   8.2000000e-01	  -6.7958003e-01	   7.8676040e+01	   9.6426574e-03	   4.6609308e-13	
   8.3000000e-01	  -6.8828142e-01	   7.8592818e+01	   9.5453131e-03	   4.6516017e-13	
   8.4000000e-01	  -6.9698949e-01	   7.8496260e+01	   9.4498079e-03	   4.6422840e-13	
   8.5000000e-01	  -7.0565346e-01	   7.8484823e+01	   9.3560199e-03	   4.6330321e-13	
   8.6000000e-01	  -7.1429292e-01	   7.8521386e+01	   9.2638332e-03	   4.6238248e-13	
   8.7000000e-01	  -7.2293581e-01	   7.8551925e+01	   9.1731388e-03	   4.6146321e-13	
   8.8000000e-01	  -7.3160237e-01	   7.8538401e+01	   9.0838349e-03	   4.6054325e-13	
   8.9000000e-01	  -7.4030229e-01	   7.8462074e+01	   8.9958270e-03	   4.5962160e-13	
   9.0000000e-01	  -7.4899658e-01	   7.8396657e+01	   8.9090293e-03	   4.5870239e-13	
   9.1000000e-01	  -7.5764516e-01	   7.8420921e+01	   8.8233645e-03	   4.5778983e-13	
   9.2000000e-01	  -7.6627973e-01	   7.8472658e+01	   8.7387645e-03	   4.5688057e-13	
   9.3000000e-01	  -7.7494706e-01	   7.8462224e+01	   8.6551714e-03	   4.5596967e-13	
   9.4000000e-01	  -7.8363880e-01	   7.8405594e+01	   8.5725374e-03	   4.5505803e-13	
   9.5000000e-01	  -7.9232857e-01	   7.8352895e+01	   8.4908258e-03	   4.5414841e-13	
   9.6000000e-01	  -8.0100271e-01	   7.8330975e+01	   8.4100107e-03	   4.5324225e-13	
   9.7000000e-01	  -8.0965132e-01	   7.8359266e+01	   8.3300777e-03	   4.5234056e-13	
   9.8000000e-01	  -8.1829265e-01	   7.8401494e+01	   8.2510231e-03	   4.5144141e-13	
   9.9000000e-01	  -8.2696516e-01	   7.8383814e+01	   8.1728541e-03	   4.5054082e-13	
   1.0000000e+00	  -8.3566277e-01	   7.8317632e+01	   8.0955877e-03	   4.4963942e-13	
