   0.0000000e+00	   0.0000000e+00	   0.0000000e+00	   1.0494312e-01	   5.4504287e-13	
   1.0000000e-02	   1.6686754e-03	   8.2824319e+01	   8.8456638e-02	   5.4525233e-13	
   2.0000000e-02	   1.3006708e-02	   8.8961008e+01	   7.7158877e-02	   5.4667766e-13	
   3.0000000e-02	   3.7877505e-02	   9.2832380e+01	   6.8859543e-02	   5.4981731e-13	
   4.0000000e-02	   6.4695861e-02	   9.4985645e+01	   6.2395277e-02	   5.5322302e-13	
   5.0000000e-02	   1.0813792e-01	   9.7023432e+01	   5.7263884e-02	   5.5878463e-13	
   6.0000000e-02	   1.7979049e-01	   9.9052632e+01	   5.3080001e-02	   5.6808027e-13	
   7.0000000e-02	   2.5758731e-01	   1.0054776e+02	   4.9544675e-02	   5.7834820e-13	
   8.0000000e-02	   3.5765976e-01	   1.0193399e+02	   4.6493515e-02	   5.9182954e-13	
   9.0000000e-02	   5.1861714e-01	   1.0352179e+02	   4.3844159e-02	   6.1417534e-13	
   1.0000000e-01	   6.5460838e-01	   1.0456048e+02	   4.1536390e-02	   6.3371137e-13	
   1.1000000e-01	   7.8342436e-01	   1.0538332e+02	   3.9510630e-02	   6.5278940e-13	
   1.2000000e-01	   1.0015680e+00	   1.0651282e+02	   3.7711413e-02	   6.8641610e-13	
   1.3000000e-01	   1.2989206e+00	   1.0774430e+02	   3.6092767e-02	   7.3505988e-13	
   1.4000000e-01	   1.5744816e+00	   1.0869390e+02	   3.4619080e-02	   7.8321108e-13	
   1.5000000e-01	   1.7569499e+00	   1.0925675e+02	   3.3263979e-02	   8.1681865e-13	
   1.6000000e-01	   1.8556278e+00	   1.0954858e+02	   3.2009091e-02	   8.3559039e-13	
   1.7000000e-01	   1.9401488e+00	   1.0978980e+02	   3.0842765e-02	   8.5201166e-13	
   1.8000000e-01	   2.0874216e+00	   1.1017984e+02	   2.9758264e-02	   8.8139953e-13	
   1.9000000e-01	   2.3276065e+00	   1.1076555e+02	   2.8751426e-02	   9.3151812e-13	
   2.0000000e-01	   2.6341111e+00	   1.1144941e+02	   2.7818429e-02	   9.9963572e-13	
   2.1000000e-01	   2.9623093e+00	   1.1212184e+02	   2.6954462e-02	   1.0781063e-12	
   2.2000000e-01	   3.2864136e+00	   1.1273828e+02	   2.6153508e-02	   1.1616412e-12	
   2.3000000e-01	   3.6047946e+00	   1.1330658e+02	   2.5408888e-02	   1.2500003e-12	
   2.4000000e-01	   3.9285906e+00	   1.1385322e+02	   2.4713961e-02	   1.3467585e-12	
   2.5000000e-01	   4.2694729e+00	   1.1440030e+02	   2.4062645e-02	   1.4567263e-12	
   2.6000000e-01	   4.6272228e+00	   1.1494841e+02	   2.3449657e-02	   1.5818050e-12	
   2.7000000e-01	   4.9831042e+00	   1.1547162e+02	   2.2870540e-02	   1.7168845e-12	
   2.8000000e-01	   5.3096320e+00	   1.1593545e+02	   2.2321589e-02	   1.8509465e-12	
   2.9000000e-01	   5.5904053e+00	   1.1632373e+02	   2.1799731e-02	   1.9745639e-12	
   3.0000000e-01	   5.8322801e+00	   1.1665139e+02	   2.1302421e-02	   2.0876547e-12	
   3.1000000e-01	   6.0617750e+00	   1.1695677e+02	   2.0827541e-02	   2.2009398e-12	
   3.2000000e-01	   6.3096327e+00	   1.1728056e+02	   2.0373327e-02	   2.3302039e-12	
   3.3000000e-01	   6.5929978e+00	   1.1764357e+02	   1.9938304e-02	   2.4873130e-12	
   3.4000000e-01	   6.9072708e+00	   1.1803822e+02	   1.9521219e-02	   2.6739775e-12	
   3.5000000e-01	   7.2337934e+00	   1.1844051e+02	   1.9120992e-02	   2.8827700e-12	
   3.6000000e-01	   7.5551553e+00	   1.1882969e+02	   1.8736662e-02	   3.1041749e-12	
   3.7000000e-01	   7.8649771e+00	   1.1919931e+02	   1.8367356e-02	   3.3337142e-12	
   3.8000000e-01	   8.1680400e+00	   1.1955619e+02	   1.8012250e-02	   3.5746593e-12	
   3.9000000e-01	   8.4737213e+00	   1.1991197e+02	   1.7670562e-02	   3.8353304e-12	
   4.0000000e-01	   8.7860270e+00	   1.2027158e+02	   1.7341533e-02	   4.1212917e-12	
   4.1000000e-01	   9.0958926e+00	   1.2062486e+02	   1.7024430e-02	   4.4260867e-12	
   4.2000000e-01	   9.3832912e+00	   1.2094972e+02	   1.6718545e-02	   4.7288962e-12	
   4.3000000e-01	   9.6282116e+00	   1.2122469e+02	   1.6423195e-02	   5.0032456e-12	
   4.4000000e-01	   9.8196641e+00	   1.2143859e+02	   1.6137728e-02	   5.2287403e-12	
   4.5000000e-01	   9.9558203e+00	   1.2159032e+02	   1.5861526e-02	   5.3952639e-12	
   4.6000000e-01	   1.0039845e+01	   1.2168397e+02	   1.5594004e-02	   5.5006648e-12	
   4.7000000e-01	   1.0078556e+01	   1.2172741e+02	   1.5334620e-02	   5.5499137e-12	
   4.8000000e-01	   1.0083286e+01	   1.2173331e+02	   1.5082878e-02	   5.5559614e-12	
   4.9000000e-01	   1.0067481e+01	   1.2171653e+02	   1.4838326e-02	   5.5357797e-12	
   5.0000000e-01	   1.0040853e+01	   1.2168783e+02	   1.4600571e-02	   5.5019419e-12	
   5.1000000e-01	   1.0006399e+01	   1.2165055e+02	   1.4369271e-02	   5.4584648e-12	
   5.2000000e-01	   9.9638091e+00	   1.2160435e+02	   1.4144143e-02	   5.4051976e-12	
   5.3000000e-01	   9.9150730e+00	   1.2155142e+02	   1.3924960e-02	   5.3448800e-12	
   5.4000000e-01	   9.8664887e+00	   1.2149866e+02	   1.3711544e-02	   5.2854204e-12	
   5.5000000e-01	   9.8261897e+00	   1.2145502e+02	   1.3503763e-02	   5.2366028e-12	
   5.6000000e-01	   9.8003331e+00	   1.2142731e+02	   1.3301517e-02	   5.2055182e-12	
   5.7000000e-01	   9.7912024e+00	   1.2141807e+02	   1.3104732e-02	   5.1945855e-12	
   5.8000000e-01	   9.7979215e+00	   1.2142633e+02	   1.2913345e-02	   5.2026284e-12	
   5.9000000e-01	   9.8177096e+00	   1.2144903e+02	   1.2727299e-02	   5.2263876e-12	
   6.0000000e-01	   9.8457150e+00	   1.2148078e+02	   1.2546528e-02	   5.2601988e-12	
   6.1000000e-01	   9.8747019e+00	   1.2151359e+02	   1.2370958e-02	   5.2954254e-12	
   6.2000000e-01	   9.8971887e+00	   1.2153922e+02	   1.2200496e-02	   5.3229149e-12	
   6.3000000e-01	   9.9091657e+00	   1.2155326e+02	   1.2035038e-02	   5.3376148e-12	
   6.4000000e-01	   9.9115690e+00	   1.2155675e+02	   1.1874460e-02	   5.3405694e-12	
   6.5000000e-01	   9.9081171e+00	   1.2155379e+02	   1.1718627e-02	   5.3363262e-12	
   6.6000000e-01	   9.9021654e+00	   1.2154807e+02	   1.1567394e-02	   5.3290182e-12	
   6.7000000e-01	   9.8952374e+00	   1.2154128e+02	   1.1420608e-02	   5.3205239e-12	
   6.8000000e-01	   9.8871734e+00	   1.2153324e+02	   1.1278108e-02	   5.3106539e-12	
   6.9000000e-01	   9.8768999e+00	   1.2152279e+02	   1.1139732e-02	   5.2981060e-12	
   7.0000000e-01	   9.8635291e+00	   1.2150892e+02	   1.1005318e-02	   5.2818196e-12	
   7.1000000e-01	   9.8473373e+00	   1.2149196e+02	   1.0874701e-02	   5.2621642e-12	
   7.2000000e-01	   9.8297529e+00	   1.2147345e+02	   1.0747716e-02	   5.2409009e-12	
   7.3000000e-01	   9.8123621e+00	   1.2145514e+02	   1.0624201e-02	   5.2199564e-12	
   7.4000000e-01	   9.7959496e+00	   1.2143791e+02	   1.0503993e-02	   5.2002667e-12	
   7.5000000e-01	   9.7802838e+00	   1.2142150e+02	   1.0386933e-02	   5.1815422e-12	
   7.6000000e-01	   9.7645471e+00	   1.2140502e+02	   1.0272862e-02	   5.1628008e-12	
   7.7000000e-01	   9.7480456e+00	   1.2138771e+02	   1.0161623e-02	   5.1432214e-12	
   7.8000000e-01	   9.7308169e+00	   1.2136959e+02	   1.0053063e-02	   5.1228584e-12	
   7.9000000e-01	   9.7137238e+00	   1.2135163e+02	   9.9470309e-03	   5.1027353e-12	
   8.0000000e-01	   9.6979356e+00	   1.2133511e+02	   9.8433805e-03	   5.0842187e-12	
   8.1000000e-01	   9.6842064e+00	   1.2132085e+02	   9.7419688e-03	   5.0681715e-12	
   8.2000000e-01	   9.6725004e+00	   1.2130881e+02	   9.6426574e-03	   5.0545291e-12	
   8.3000000e-01	   9.6622250e+00	   1.2129834e+02	   9.5453131e-03	   5.0425842e-12	
   8.4000000e-01	   9.6528596e+00	   1.2128889e+02	   9.4498079e-03	   5.0317218e-12	
   8.5000000e-01	   9.6443867e+00	   1.2128041e+02	   9.3560199e-03	   5.0219147e-12	
   8.6000000e-01	   9.6370652e+00	   1.2127322e+02	   9.2638332e-03	   5.0134557e-12	
   8.7000000e-01	   9.6308261e+00	   1.2126722e+02	   9.1731388e-03	   5.0062584e-12	
   8.8000000e-01	   9.6250534e+00	   1.2126174e+02	   9.0838348e-03	   4.9996086e-12	
   8.9000000e-01	   9.6190050e+00	   1.2125596e+02	   8.9958270e-03	   4.9926504e-12	
   9.0000000e-01	   9.6123186e+00	   1.2124947e+02	   8.9090293e-03	   4.9849697e-12	
   9.1000000e-01	   9.6050691e+00	   1.2124237e+02	   8.8233645e-03	   4.9766554e-12	
   9.2000000e-01	   9.5975038e+00	   1.2123492e+02	   8.7387645e-03	   4.9679937e-12	
   9.3000000e-01	   9.5898876e+00	   1.2122741e+02	   8.6551714e-03	   4.9592890e-12	
   9.4000000e-01	   9.5825523e+00	   1.2122021e+02	   8.5725374e-03	   4.9509198e-12	
   9.5000000e-01	   9.5758915e+00	   1.2121375e+02	   8.4908258e-03	   4.9433324e-12	
   9.6000000e-01	   9.5701333e+00	   1.2120829e+02	   8.4100107e-03	   4.9367825e-12	
   9.7000000e-01	   9.5650905e+00	   1.2120361e+02	   8.3300777e-03	   4.9310534e-12	
   9.8000000e-01	   9.5602301e+00	   1.2119913e+02	   8.2510231e-03	   4.9255380e-12	
   9.9000000e-01	   9.5550759e+00	   1.2119433e+02	   8.1728541e-03	   4.9196958e-12	
   1.0000000e+00	   9.5495450e+00	   1.2118911e+02	   8.0955877e-03	   4.9134343e-12	
