   0.0000000e+00	   0.0000000e+00	   0.0000000e+00	   2.0988624e-01	   5.4504287e-13	
   1.0000000e-02	   2.6397938e-02	   8.8736821e+01	   1.5225138e-01	   5.4836592e-13	
   2.0000000e-02	   4.7223463e-02	   9.1511665e+01	   1.2388884e-01	   5.5100179e-13	
   3.0000000e-02	   5.1182316e-02	   9.1972373e+01	   1.0582039e-01	   5.5150429e-13	
   4.0000000e-02	   3.8145301e-02	   9.0733680e+01	   9.3045931e-02	   5.4985122e-13	
   5.0000000e-02	   2.6674058e-02	   8.9621597e+01	   8.3368793e-02	   5.4840078e-13	
   6.0000000e-02	   2.5486327e-02	   9.0332155e+01	   7.5802509e-02	   5.4825082e-13	
   7.0000000e-02	   1.8328357e-02	   9.0212127e+01	   6.9689174e-02	   5.4734795e-13	
   8.0000000e-02	   2.9975120e-02	   9.2409918e+01	   6.4582315e-02	   5.4881778e-13	
   9.0000000e-02	   6.6105268e-02	   9.5269224e+01	   6.0211041e-02	   5.5340259e-13	
   1.0000000e-01	   1.1329135e-01	   9.7345682e+01	   5.6425491e-02	   5.5944809e-13	
   1.1000000e-01	   1.7300520e-01	   9.9031816e+01	   5.3131858e-02	   5.6719341e-13	
   1.2000000e-01	   2.8531095e-01	   1.0103320e+02	   5.0249644e-02	   5.8205196e-13	
   1.3000000e-01	   4.8819158e-01	   1.0326531e+02	   4.7704363e-02	   6.0988762e-13	
   1.4000000e-01	   7.6479113e-01	   1.0523275e+02	   4.5433671e-02	   6.4999464e-13	
   1.5000000e-01	   1.0672810e+00	   1.0676950e+02	   4.3389443e-02	   6.9688122e-13	
   1.6000000e-01	   1.3548177e+00	   1.0791998e+02	   4.1535271e-02	   7.4458182e-13	
   1.7000000e-01	   1.6105080e+00	   1.0878653e+02	   3.9843241e-02	   7.8973513e-13	
   1.8000000e-01	   1.8461609e+00	   1.0949360e+02	   3.8291501e-02	   8.3377093e-13	
   1.9000000e-01	   2.0920748e+00	   1.1015929e+02	   3.6862520e-02	   8.8234440e-13	
   2.0000000e-01	   2.3784727e+00	   1.1086137e+02	   3.5541803e-02	   9.4249256e-13	
   2.1000000e-01	   2.7252847e+00	   1.1163065e+02	   3.4316980e-02	   1.0208434e-12	
   2.2000000e-01	   3.1447396e+00	   1.1247227e+02	   3.3177218e-02	   1.1243580e-12	
   2.3000000e-01	   3.6498088e+00	   1.1339029e+02	   3.2112867e-02	   1.2630238e-12	
   2.4000000e-01	   4.2580976e+00	   1.1439503e+02	   3.1115282e-02	   1.4529157e-12	
   2.5000000e-01	   4.9840458e+00	   1.1549044e+02	   3.0176779e-02	   1.7172568e-12	
   2.6000000e-01	   5.8277017e+00	   1.1666303e+02	   2.9290702e-02	   2.0854550e-12	
   2.7000000e-01	   6.7752877e+00	   1.1788940e+02	   2.8451525e-02	   2.5939370e-12	
   2.8000000e-01	   7.8058774e+00	   1.1914649e+02	   2.7654938e-02	   3.2886556e-12	
   2.9000000e-01	   8.8872691e+00	   1.2040464e+02	   2.6897832e-02	   4.2184953e-12	
   3.0000000e-01	   9.9697115e+00	   1.2161919e+02	   2.6178155e-02	   5.4125486e-12	
   3.1000000e-01	   1.0998988e+01	   1.2274363e+02	   2.5494619e-02	   6.8600841e-12	
   3.2000000e-01	   1.1941728e+01	   1.2375387e+02	   2.4846325e-02	   8.5232160e-12	
   3.3000000e-01	   1.2796962e+01	   1.2465765e+02	   2.4232390e-02	   1.0378315e-11	
   3.4000000e-01	   1.3585840e+01	   1.2548278e+02	   2.3651673e-02	   1.2445567e-11	
   3.5000000e-01	   1.4332924e+01	   1.2625810e+02	   2.3102644e-02	   1.4781656e-11	
   3.6000000e-01	   1.5052914e+01	   1.2700078e+02	   2.2583396e-02	   1.7447054e-11	
   3.7000000e-01	   1.5745204e+01	   1.2771150e+02	   2.2091750e-02	   2.0462142e-11	
   3.8000000e-01	   1.6394375e+01	   1.2837547e+02	   2.1625394e-02	   2.3761187e-11	
   3.9000000e-01	   1.6977679e+01	   1.2897034e+02	   2.1182011e-02	   2.7176817e-11	
   4.0000000e-01	   1.7477423e+01	   1.2947885e+02	   2.0759384e-02	   3.0491092e-11	
   4.1000000e-01	   1.7889995e+01	   1.2989792e+02	   2.0355455e-02	   3.3529741e-11	
   4.2000000e-01	   1.8225567e+01	   1.3023827e+02	   1.9968359e-02	   3.6223246e-11	
   4.3000000e-01	   1.8500826e+01	   1.3051703e+02	   1.9596434e-02	   3.8593423e-11	
   4.4000000e-01	   1.8731595e+01	   1.3075036e+02	   1.9238223e-02	   4.0699602e-11	
   4.5000000e-01	   1.8929082e+01	   1.3094969e+02	   1.8892461e-02	   4.2593062e-11	
   4.6000000e-01	   1.9098667e+01	   1.3112052e+02	   1.8558068e-02	   4.4289153e-11	
   4.7000000e-01	   1.9240185e+01	   1.3126276e+02	   1.8234139e-02	   4.5756115e-11	
   4.8000000e-01	   1.9351056e+01	   1.3137392e+02	   1.7919934e-02	   4.6939261e-11	
   4.9000000e-01	   1.9431660e+01	   1.3145445e+02	   1.7614872e-02	   4.7818583e-11	
   5.0000000e-01	   1.9488370e+01	   1.3151089e+02	   1.7318515e-02	   4.8447087e-11	
   5.1000000e-01	   1.9531080e+01	   1.3155330e+02	   1.7030555e-02	   4.8925878e-11	
   5.2000000e-01	   1.9568098e+01	   1.3159012e+02	   1.6750791e-02	   4.9344696e-11	
   5.3000000e-01	   1.9603560e+01	   1.3162552e+02	   1.6479107e-02	   4.9749263e-11	
   5.4000000e-01	   1.9638290e+01	   1.3166034e+02	   1.6215440e-02	   5.0148700e-11	
   5.5000000e-01	   1.9671303e+01	   1.3169354e+02	   1.5959747e-02	   5.0531357e-11	
   5.6000000e-01	   1.9700710e+01	   1.3172317e+02	   1.5711982e-02	   5.0874672e-11	
   5.7000000e-01	   1.9725203e+01	   1.3174788e+02	   1.5472069e-02	   5.1162410e-11	
   5.8000000e-01	   1.9746079e+01	   1.3176896e+02	   1.5239884e-02	   5.1408928e-11	
   5.9000000e-01	   1.9767842e+01	   1.3179097e+02	   1.5015254e-02	   5.1667196e-11	
   6.0000000e-01	   1.9796451e+01	   1.3181992e+02	   1.4797950e-02	   5.2008674e-11	
   6.1000000e-01	   1.9836504e+01	   1.3186048e+02	   1.4587695e-02	   5.2490545e-11	
   6.2000000e-01	   1.9889333e+01	   1.3191399e+02	   1.4384177e-02	   5.3132956e-11	
   6.3000000e-01	   1.9952903e+01	   1.3197838e+02	   1.4187057e-02	   5.3916411e-11	
   6.4000000e-01	   2.0023193e+01	   1.3204956e+02	   1.3995981e-02	   5.4796136e-11	
   6.5000000e-01	   2.0096045e+01	   1.3212333e+02	   1.3810596e-02	   5.5723086e-11	
   6.6000000e-01	   2.0168417e+01	   1.3219659e+02	   1.3630551e-02	   5.6659455e-11	
   6.7000000e-01	   2.0238529e+01	   1.3226753e+02	   1.3455511e-02	   5.7581577e-11	
   6.8000000e-01	   2.0305162e+01	   1.3233492e+02	   1.3285157e-02	   5.8471854e-11	
   6.9000000e-01	   2.0366773e+01	   1.3239719e+02	   1.3119192e-02	   5.9307274e-11	
   7.0000000e-01	   2.0421041e+01	   1.3245202e+02	   1.2957339e-02	   6.0053005e-11	
   7.1000000e-01	   2.0465206e+01	   1.3249662e+02	   1.2799345e-02	   6.0666825e-11	
   7.2000000e-01	   2.0497061e+01	   1.3252877e+02	   1.2644979e-02	   6.1113449e-11	
   7.3000000e-01	   2.0515938e+01	   1.3254782e+02	   1.2494032e-02	   6.1379657e-11	
   7.4000000e-01	   2.0522989e+01	   1.3255493e+02	   1.2346317e-02	   6.1479384e-11	
   7.5000000e-01	   2.0520609e+01	   1.3255252e+02	   1.2201666e-02	   6.1445706e-11	
   7.6000000e-01	   2.0511468e+01	   1.3254330e+02	   1.2059931e-02	   6.1316519e-11	
   7.7000000e-01	   2.0497773e+01	   1.3252949e+02	   1.1920983e-02	   6.1123463e-11	
   7.8000000e-01	   2.0481072e+01	   1.3251265e+02	   1.1784711e-02	   6.0888867e-11	
   7.9000000e-01	   2.0462494e+01	   1.3249392e+02	   1.1651019e-02	   6.0628958e-11	
   8.0000000e-01	   2.0443022e+01	   1.3247428e+02	   1.1519829e-02	   6.0357721e-11	
   8.1000000e-01	   2.0423502e+01	   1.3245459e+02	   1.1391073e-02	   6.0087049e-11	
   8.2000000e-01	   2.0404434e+01	   1.3243536e+02	   1.1264698e-02	   5.9823802e-11	
   8.3000000e-01	   2.0385826e+01	   1.3241660e+02	   1.1140662e-02	   5.9568035e-11	
   8.4000000e-01	   2.0367337e+01	   1.3239796e+02	   1.1018928e-02	   5.9314981e-11	
   8.5000000e-01	   2.0348578e+01	   1.3237905e+02	   1.0899468e-02	   5.9059321e-11	
   8.6000000e-01	   2.0329359e+01	   1.3235969e+02	   1.0782258e-02	   5.8798544e-11	
   8.7000000e-01	   2.0309748e+01	   1.3233994e+02	   1.0667275e-02	   5.8533632e-11	
   8.8000000e-01	   2.0289954e+01	   1.3232001e+02	   1.0554498e-02	   5.8267452e-11	
   8.9000000e-01	   2.0270189e+01	   1.3230012e+02	   1.0443906e-02	   5.8002886e-11	
   9.0000000e-01	   2.0250664e+01	   1.3228046e+02	   1.0335475e-02	   5.7742690e-11	
   9.1000000e-01	   2.0231693e+01	   1.3226136e+02	   1.0229178e-02	   5.7491007e-11	
   9.2000000e-01	   2.0213784e+01	   1.3224333e+02	   1.0124987e-02	   5.7254425e-11	
   9.3000000e-01	   2.0197577e+01	   1.3222702e+02	   1.0022869e-02	   5.7041158e-11	
   9.4000000e-01	   2.0183669e+01	   1.3221304e+02	   9.9227899e-03	   5.6858788e-11	
   9.5000000e-01	   2.0172420e+01	   1.3220174e+02	   9.8247121e-03	   5.6711705e-11	
   9.6000000e-01	   2.0163798e+01	   1.3219310e+02	   9.7285961e-03	   5.6599220e-11	
   9.7000000e-01	   2.0157363e+01	   1.3218667e+02	   9.6344013e-03	   5.6515423e-11	
   9.8000000e-01	   2.0152433e+01	   1.3218177e+02	   9.5420859e-03	   5.6451298e-11	
   9.9000000e-01	   2.0148325e+01	   1.3217770e+02	   9.4516079e-03	   5.6397926e-11	
   1.0000000e+00	   2.0144532e+01	   1.3217395e+02	   9.3629254e-03	   5.6348689e-11	
