   0.0000000e+00	   0.0000000e+00	   0.0000000e+00	   1.0494312e-01	   5.4504287e-13	
   1.0000000e-02	   2.7447147e-03	   8.3857688e+01	   8.8456638e-02	   5.4538744e-13	
   2.0000000e-02	  -4.9793957e-03	   8.1458434e+01	   7.7158877e-02	   5.4441831e-13	
   3.0000000e-02	  -1.0794566e-02	   8.1396230e+01	   6.8859543e-02	   5.4368982e-13	
   4.0000000e-02	  -1.6035836e-02	   8.2513494e+01	   6.2395277e-02	   5.4303407e-13	
   5.0000000e-02	  -2.4231299e-02	   8.1037491e+01	   5.7263884e-02	   5.4201029e-13	
   6.0000000e-02	  -2.9341461e-02	   8.3080957e+01	   5.3080001e-02	   5.4137290e-13	
   7.0000000e-02	  -3.9739916e-02	   7.9751357e+01	   4.9544675e-02	   5.4007823e-13	
   8.0000000e-02	  -4.8069387e-02	   7.8435995e+01	   4.6493515e-02	   5.3904338e-13	
   9.0000000e-02	  -5.2705188e-02	   8.2721334e+01	   4.3844159e-02	   5.3846830e-13	
   1.0000000e-01	  -6.3406460e-02	   7.9391953e+01	   4.1536390e-02	   5.3714312e-13	
   1.1000000e-01	  -7.1467752e-02	   7.9418416e+01	   3.9510630e-02	   5.3614700e-13	
   1.2000000e-01	  -7.7493022e-02	   8.2177040e+01	   3.7711413e-02	   5.3540369e-13	
   1.3000000e-01	  -8.8070944e-02	   7.8953411e+01	   3.6092767e-02	   5.3410121e-13	
   1.4000000e-01	  -9.5451067e-02	   8.0419584e+01	   3.4619080e-02	   5.3319437e-13	
   1.5000000e-01	  -1.0332033e-01	   8.0968694e+01	   3.3263979e-02	   5.3222911e-13	
   1.6000000e-01	  -1.1248182e-01	   7.9727542e+01	   3.2009091e-02	   5.3110755e-13	
   1.7000000e-01	  -1.2059970e-01	   8.0066417e+01	   3.0842765e-02	   5.3011573e-13	
   1.8000000e-01	  -1.2849416e-01	   8.0718217e+01	   2.9758264e-02	   5.2915298e-13	
   1.9000000e-01	  -1.3753207e-01	   7.9729653e+01	   2.8751426e-02	   5.2805292e-13	
   2.0000000e-01	  -1.4563687e-01	   8.0184624e+01	   2.7818429e-02	   5.2706839e-13	
   2.1000000e-01	  -1.5435797e-01	   7.9700621e+01	   2.6954462e-02	   5.2601104e-13	
   2.2000000e-01	  -1.6288368e-01	   7.9547653e+01	   2.6153508e-02	   5.2497944e-13	
   2.3000000e-01	  -1.7077048e-01	   8.0430041e+01	   2.5408888e-02	   5.2402694e-13	
   2.4000000e-01	  -1.7964357e-01	   7.9827031e+01	   2.4713961e-02	   5.2295739e-13	
   2.5000000e-01	  -1.8836156e-01	   7.9440744e+01	   2.4062645e-02	   5.2190866e-13	
   2.6000000e-01	  -1.9667198e-01	   7.9764778e+01	   2.3449657e-02	   5.2091092e-13	
   2.7000000e-01	  -2.0516432e-01	   7.9799085e+01	   2.2870540e-02	   5.1989331e-13	
   2.8000000e-01	  -2.1389551e-01	   7.9451579e+01	   2.2321589e-02	   5.1884915e-13	
   2.9000000e-01	  -2.2242342e-01	   7.9459953e+01	   2.1799731e-02	   5.1783132e-13	
   3.0000000e-01	  -2.3083182e-01	   7.9682690e+01	   2.1302421e-02	   5.1682972e-13	
   3.1000000e-01	  -2.3945969e-01	   7.9547281e+01	   2.0827541e-02	   5.1580398e-13	
   3.2000000e-01	  -2.4811749e-01	   7.9366033e+01	   2.0373327e-02	   5.1477673e-13	
   3.3000000e-01	  -2.5667064e-01	   7.9375514e+01	   1.9938304e-02	   5.1376391e-13	
   3.4000000e-01	  -2.6519223e-01	   7.9448607e+01	   1.9521219e-02	   5.1275681e-13	
   3.5000000e-01	  -2.7375727e-01	   7.9454360e+01	   1.9120992e-02	   5.1174656e-13	
   3.6000000e-01	  -2.8239757e-01	   7.9337457e+01	   1.8736662e-02	   5.1072945e-13	
   3.7000000e-01	  -2.9106141e-01	   7.9183265e+01	   1.8367356e-02	   5.0971160e-13	
   3.8000000e-01	  -2.9957035e-01	   7.9314389e+01	   1.8012250e-02	   5.0871392e-13	
   3.9000000e-01	  -3.0803317e-01	   7.9526344e+01	   1.7670562e-02	   5.0772359e-13	
   4.0000000e-01	  -3.1674647e-01	   7.9314849e+01	   1.7341533e-02	   5.0670596e-13	
   4.1000000e-01	  -3.2549398e-01	   7.9036855e+01	   1.7024431e-02	   5.0568639e-13	
   4.2000000e-01	  -3.3402985e-01	   7.9150671e+01	   1.6718545e-02	   5.0469346e-13	
   4.3000000e-01	  -3.4252510e-01	   7.9337840e+01	   1.6423195e-02	   5.0370719e-13	
   4.4000000e-01	  -3.5114519e-01	   7.9308751e+01	   1.6137728e-02	   5.0270840e-13	
   4.5000000e-01	  -3.5989359e-01	   7.9053352e+01	   1.5861526e-02	   5.0169677e-13	
   4.6000000e-01	  -3.6854904e-01	   7.8966110e+01	   1.5594004e-02	   5.0069788e-13	
   4.7000000e-01	  -3.7703411e-01	   7.9195979e+01	   1.5334620e-02	   4.9972059e-13	
   4.8000000e-01	  -3.8564869e-01	   7.9192379e+01	   1.5082878e-02	   4.9873034e-13	
   4.9000000e-01	  -3.9439785e-01	   7.8946472e+01	   1.4838326e-02	   4.9772663e-13	
   5.0000000e-01	  -4.0303320e-01	   7.8911230e+01	   1.4600571e-02	   4.9673795e-13	
   5.1000000e-01	  -4.1158587e-01	   7.9033725e+01	   1.4369271e-02	   4.9576067e-13	
   5.2000000e-01	  -4.2017778e-01	   7.9085405e+01	   1.4144143e-02	   4.9478085e-13	
   5.3000000e-01	  -4.2884317e-01	   7.9006756e+01	   1.3924960e-02	   4.9379461e-13	
   5.4000000e-01	  -4.3753664e-01	   7.8877866e+01	   1.3711544e-02	   4.9280714e-13	
   5.5000000e-01	  -4.4618325e-01	   7.8839311e+01	   1.3503763e-02	   4.9182696e-13	
   5.6000000e-01	  -4.5480056e-01	   7.8859798e+01	   1.3301517e-02	   4.9085204e-13	
   5.7000000e-01	  -4.6341431e-01	   7.8890045e+01	   1.3104732e-02	   4.8987946e-13	
   5.8000000e-01	  -4.7203059e-01	   7.8918291e+01	   1.2913345e-02	   4.8890851e-13	
   5.9000000e-01	  -4.8068007e-01	   7.8887543e+01	   1.2727299e-02	   4.8793577e-13	
   6.0000000e-01	  -4.8935982e-01	   7.8802262e+01	   1.2546528e-02	   4.8696156e-13	
   6.1000000e-01	  -4.9803655e-01	   7.8724106e+01	   1.2370958e-02	   4.8598963e-13	
   6.2000000e-01	  -5.0665694e-01	   7.8756535e+01	   1.2200496e-02	   4.8502594e-13	
   6.3000000e-01	  -5.1523255e-01	   7.8875022e+01	   1.2035038e-02	   4.8406915e-13	
   6.4000000e-01	  -5.2388325e-01	   7.8854643e+01	   1.1874460e-02	   4.8310589e-13	
   6.5000000e-01	  -5.3260931e-01	   7.8693753e+01	   1.1718627e-02	   4.8213619e-13	
   6.6000000e-01	  -5.4127787e-01	   7.8643432e+01	   1.1567394e-02	   4.8117480e-13	
   6.7000000e-01	  -5.4988089e-01	   7.8722185e+01	   1.1420608e-02	   4.8022257e-13	
   6.8000000e-01	  -5.5850122e-01	   7.8769187e+01	   1.1278108e-02	   4.7927032e-13	
   6.9000000e-01	  -5.6717082e-01	   7.8725248e+01	   1.1139732e-02	   4.7831453e-13	
   7.0000000e-01	  -5.7588274e-01	   7.8601638e+01	   1.1005318e-02	   4.7735600e-13	
   7.1000000e-01	  -5.8456653e-01	   7.8533210e+01	   1.0874701e-02	   4.7640247e-13	
   7.2000000e-01	  -5.9316408e-01	   7.8635612e+01	   1.0747716e-02	   4.7546029e-13	
   7.3000000e-01	  -6.0176607e-01	   7.8728791e+01	   1.0624201e-02	   4.7451949e-13	
   7.4000000e-01	  -6.1046086e-01	   7.8647166e+01	   1.0503993e-02	   4.7357043e-13	
   7.5000000e-01	  -6.1918191e-01	   7.8514507e+01	   1.0386933e-02	   4.7262041e-13	
   7.6000000e-01	  -6.2785419e-01	   7.8477494e+01	   1.0272862e-02	   4.7167759e-13	
   7.7000000e-01	  -6.3648445e-01	   7.8524672e+01	   1.0161623e-02	   4.7074120e-13	
   7.8000000e-01	  -6.4509992e-01	   7.8600774e+01	   1.0053063e-02	   4.6980828e-13	
   7.9000000e-01	  -6.5375189e-01	   7.8606984e+01	   9.9470309e-03	   4.6887327e-13	
   8.0000000e-01	  -6.6246761e-01	   7.8490859e+01	   9.8433805e-03	   4.6793324e-13	
   8.1000000e-01	  -6.7117255e-01	   7.8394588e+01	   9.7419688e-03	   4.6699626e-13	
   8.2000000e-01	  -6.7980781e-01	   7.8437499e+01	   9.6426574e-03	   4.6606864e-13	
   8.3000000e-01	  -6.8842945e-01	   7.8507226e+01	   9.5453131e-03	   4.6514431e-13	
   8.4000000e-01	  -6.9709230e-01	   7.8497159e+01	   9.4498079e-03	   4.6421742e-13	
   8.5000000e-01	  -7.0578258e-01	   7.8434447e+01	   9.3560199e-03	   4.6328944e-13	
   8.6000000e-01	  -7.1447552e-01	   7.8366772e+01	   9.2638332e-03	   4.6236304e-13	
   8.7000000e-01	  -7.2314387e-01	   7.8348773e+01	   9.1731388e-03	   4.6144110e-13	
   8.8000000e-01	  -7.3177768e-01	   7.8400405e+01	   9.0838349e-03	   4.6052466e-13	
   8.9000000e-01	  -7.4042595e-01	   7.8424064e+01	   8.9958270e-03	   4.5960851e-13	
   9.0000000e-01	  -7.4912080e-01	   7.8357093e+01	   8.9090293e-03	   4.5868927e-13	
   9.1000000e-01	  -7.5781730e-01	   7.8286974e+01	   8.8233645e-03	   4.5777169e-13	
   9.2000000e-01	  -7.6647962e-01	   7.8286041e+01	   8.7387645e-03	   4.5685954e-13	
   9.3000000e-01	  -7.7512634e-01	   7.8316997e+01	   8.6551714e-03	   4.5595085e-13	
   9.4000000e-01	  -7.8377922e-01	   7.8336081e+01	   8.5725374e-03	   4.5504331e-13	
   9.5000000e-01	  -7.9245323e-01	   7.8313830e+01	   8.4908258e-03	   4.5413538e-13	
   9.6000000e-01	  -8.0115053e-01	   7.8245397e+01	   8.4100107e-03	   4.5322683e-13	
   9.7000000e-01	  -8.0983367e-01	   7.8205192e+01	   8.3300777e-03	   4.5232156e-13	
   9.8000000e-01	  -8.1847893e-01	   7.8241556e+01	   8.2510231e-03	   4.5142205e-13	
   9.9000000e-01	  -8.2712319e-01	   7.8279570e+01	   8.1728541e-03	   4.5052442e-13	
   1.0000000e+00	  -8.3579698e-01	   7.8258881e+01	   8.0955877e-03	   4.4962553e-13	
