   0.0000000e+00	   0.0000000e+00	   0.0000000e+00	   1.0494312e-01	   5.4504287e-13	
   1.0000000e-02	   1.6230942e-03	   8.2820957e+01	   8.8456638e-02	   5.4524660e-13	
   2.0000000e-02	   1.3676505e-02	   8.9129956e+01	   7.7158877e-02	   5.4676198e-13	
   3.0000000e-02	   3.9093031e-02	   9.2967426e+01	   6.8859543e-02	   5.4997122e-13	
   4.0000000e-02	   6.6986124e-02	   9.5136057e+01	   6.2395277e-02	   5.5351484e-13	
   5.0000000e-02	   1.1304114e-01	   9.7214602e+01	   5.7263884e-02	   5.5941586e-13	
   6.0000000e-02	   1.8655997e-01	   9.9225285e+01	   5.3080001e-02	   5.6896645e-13	
   7.0000000e-02	   2.7018801e-01	   1.0076737e+02	   4.9544675e-02	   5.8002867e-13	
   8.0000000e-02	   3.6263829e-01	   1.0202403e+02	   4.6493515e-02	   5.9250837e-13	
   9.0000000e-02	   5.1601030e-01	   1.0353577e+02	   4.3844159e-02	   6.1380679e-13	
   1.0000000e-01	   6.5313869e-01	   1.0458592e+02	   4.1536390e-02	   6.3349695e-13	
   1.1000000e-01	   7.5817882e-01	   1.0527603e+02	   3.9510630e-02	   6.4900574e-13	
   1.2000000e-01	   9.2195507e-01	   1.0617646e+02	   3.7711413e-02	   6.7394765e-13	
   1.3000000e-01	   1.1744803e+00	   1.0730804e+02	   3.6092767e-02	   7.1429677e-13	
   1.4000000e-01	   1.4445996e+00	   1.0831012e+02	   3.4619080e-02	   7.6013481e-13	
   1.5000000e-01	   1.6523409e+00	   1.0898502e+02	   3.3263979e-02	   7.9737892e-13	
   1.6000000e-01	   1.7744569e+00	   1.0935598e+02	   3.2009091e-02	   8.2011802e-13	
   1.7000000e-01	   1.8452381e+00	   1.0956627e+02	   3.0842765e-02	   8.3359378e-13	
   1.8000000e-01	   1.9220348e+00	   1.0978469e+02	   2.9758264e-02	   8.4846541e-13	
   1.9000000e-01	   2.0407940e+00	   1.1010263e+02	   2.8751426e-02	   8.7198711e-13	
   2.0000000e-01	   2.1980767e+00	   1.1049972e+02	   2.7818429e-02	   9.0414550e-13	
   2.1000000e-01	   2.3743952e+00	   1.1092008e+02	   2.6954462e-02	   9.4160810e-13	
   2.2000000e-01	   2.5630182e+00	   1.1134538e+02	   2.6153508e-02	   9.8340516e-13	
   2.3000000e-01	   2.7729113e+00	   1.1179255e+02	   2.5408888e-02	   1.0321000e-12	
   2.4000000e-01	   3.0151304e+00	   1.1227893e+02	   2.4713961e-02	   1.0912989e-12	
   2.5000000e-01	   3.2900542e+00	   1.1279883e+02	   2.4062645e-02	   1.1626154e-12	
   2.6000000e-01	   3.5796509e+00	   1.1331620e+02	   2.3449657e-02	   1.2427843e-12	
   2.7000000e-01	   3.8507584e+00	   1.1377745e+02	   2.2870540e-02	   1.3228375e-12	
   2.8000000e-01	   4.0738789e+00	   1.1414323e+02	   2.2321589e-02	   1.3925748e-12	
   2.9000000e-01	   4.2439212e+00	   1.1441516e+02	   2.1799731e-02	   1.4481808e-12	
   3.0000000e-01	   4.3843669e+00	   1.1463586e+02	   2.1302421e-02	   1.4957787e-12	
   3.1000000e-01	   4.5315711e+00	   1.1486288e+02	   2.0827541e-02	   1.5473472e-12	
   3.2000000e-01	   4.7106992e+00	   1.1513289e+02	   2.0373327e-02	   1.6125032e-12	
   3.3000000e-01	   4.9204832e+00	   1.1544141e+02	   1.9938304e-02	   1.6923063e-12	
   3.4000000e-01	   5.1384848e+00	   1.1575447e+02	   1.9521219e-02	   1.7794227e-12	
   3.5000000e-01	   5.3412211e+00	   1.1603957e+02	   1.9120992e-02	   1.8644587e-12	
   3.6000000e-01	   5.5207934e+00	   1.1628774e+02	   1.8736662e-02	   1.9431664e-12	
   3.7000000e-01	   5.6866667e+00	   1.1651358e+02	   1.8367356e-02	   2.0188188e-12	
   3.8000000e-01	   5.8556925e+00	   1.1674050e+02	   1.8012250e-02	   2.0989395e-12	
   3.9000000e-01	   6.0389387e+00	   1.1698309e+02	   1.7670562e-02	   2.1893971e-12	
   4.0000000e-01	   6.2332769e+00	   1.1723687e+02	   1.7341533e-02	   2.2895933e-12	
   4.1000000e-01	   6.4241035e+00	   1.1748295e+02	   1.7024430e-02	   2.3924397e-12	
   4.2000000e-01	   6.5968966e+00	   1.1770343e+02	   1.6718545e-02	   2.4895469e-12	
   4.3000000e-01	   6.7449010e+00	   1.1789066e+02	   1.6423195e-02	   2.5758511e-12	
   4.4000000e-01	   6.8657826e+00	   1.1804259e+02	   1.6137728e-02	   2.6485545e-12	
   4.5000000e-01	   6.9559916e+00	   1.1815556e+02	   1.5861526e-02	   2.7041440e-12	
   4.6000000e-01	   7.0128048e+00	   1.1822684e+02	   1.5594004e-02	   2.7397513e-12	
   4.7000000e-01	   7.0393220e+00	   1.1826070e+02	   1.5334620e-02	   2.7565308e-12	
   4.8000000e-01	   7.0427372e+00	   1.1826620e+02	   1.5082878e-02	   2.7586994e-12	
   4.9000000e-01	   7.0282049e+00	   1.1824980e+02	   1.4838326e-02	   2.7494837e-12	
   5.0000000e-01	   6.9975272e+00	   1.1821374e+02	   1.4600571e-02	   2.7301303e-12	
   5.1000000e-01	   6.9530367e+00	   1.1816086e+02	   1.4369271e-02	   2.7023048e-12	
   5.2000000e-01	   6.8996808e+00	   1.1809711e+02	   1.4144143e-02	   2.6693083e-12	
   5.3000000e-01	   6.8435860e+00	   1.1802993e+02	   1.3924960e-02	   2.6350524e-12	
   5.4000000e-01	   6.7907745e+00	   1.1796669e+02	   1.3711544e-02	   2.6032034e-12	
   5.5000000e-01	   6.7466359e+00	   1.1791406e+02	   1.3503763e-02	   2.5768803e-12	
   5.6000000e-01	   6.7143091e+00	   1.1787596e+02	   1.3301517e-02	   2.5577705e-12	
   5.7000000e-01	   6.6931746e+00	   1.1785170e+02	   1.3104732e-02	   2.5453536e-12	
   5.8000000e-01	   6.6796349e+00	   1.1783686e+02	   1.2913345e-02	   2.5374305e-12	
   5.9000000e-01	   6.6692839e+00	   1.1782599e+02	   1.2727299e-02	   2.5313899e-12	
   6.0000000e-01	   6.6587018e+00	   1.1781485e+02	   1.2546528e-02	   2.5252294e-12	
   6.1000000e-01	   6.6465306e+00	   1.1780175e+02	   1.2370958e-02	   2.5181623e-12	
   6.2000000e-01	   6.6334685e+00	   1.1778756e+02	   1.2200496e-02	   2.5105999e-12	
   6.3000000e-01	   6.6209775e+00	   1.1777409e+02	   1.2035038e-02	   2.5033894e-12	
   6.4000000e-01	   6.6099860e+00	   1.1776248e+02	   1.1874460e-02	   2.4970616e-12	
   6.5000000e-01	   6.6006048e+00	   1.1775288e+02	   1.1718627e-02	   2.4916735e-12	
   6.6000000e-01	   6.5921605e+00	   1.1774444e+02	   1.1567394e-02	   2.4868335e-12	
   6.7000000e-01	   6.5831634e+00	   1.1773533e+02	   1.1420608e-02	   2.4816870e-12	
   6.8000000e-01	   6.5719656e+00	   1.1772349e+02	   1.1278108e-02	   2.4752964e-12	
   6.9000000e-01	   6.5579815e+00	   1.1770819e+02	   1.1139732e-02	   2.4673389e-12	
   7.0000000e-01	   6.5422027e+00	   1.1769066e+02	   1.1005318e-02	   2.4583909e-12	
   7.1000000e-01	   6.5264777e+00	   1.1767318e+02	   1.0874701e-02	   2.4495056e-12	
   7.2000000e-01	   6.5121791e+00	   1.1765747e+02	   1.0747716e-02	   2.4414542e-12	
   7.3000000e-01	   6.4993229e+00	   1.1764356e+02	   1.0624201e-02	   2.4342375e-12	
   7.4000000e-01	   6.4871022e+00	   1.1763044e+02	   1.0503993e-02	   2.4273974e-12	
   7.5000000e-01	   6.4754739e+00	   1.1761807e+02	   1.0386933e-02	   2.4209067e-12	
   7.6000000e-01	   6.4657680e+00	   1.1760809e+02	   1.0272862e-02	   2.4155023e-12	
   7.7000000e-01	   6.4592386e+00	   1.1760206e+02	   1.0161623e-02	   2.4118735e-12	
   7.8000000e-01	   6.4553696e+00	   1.1759935e+02	   1.0053063e-02	   2.4097257e-12	
   7.9000000e-01	   6.4521547e+00	   1.1759743e+02	   9.9470309e-03	   2.4079426e-12	
   8.0000000e-01	   6.4478618e+00	   1.1759418e+02	   9.8433805e-03	   2.4055636e-12	
   8.1000000e-01	   6.4421483e+00	   1.1758915e+02	   9.7419688e-03	   2.4024009e-12	
   8.2000000e-01	   6.4356302e+00	   1.1758313e+02	   9.6426574e-03	   2.3987980e-12	
   8.3000000e-01	   6.4287892e+00	   1.1757671e+02	   9.5453131e-03	   2.3950224e-12	
   8.4000000e-01	   6.4214830e+00	   1.1756972e+02	   9.4498079e-03	   2.3909966e-12	
   8.5000000e-01	   6.4134302e+00	   1.1756181e+02	   9.3560199e-03	   2.3865673e-12	
   8.6000000e-01	   6.4048611e+00	   1.1755326e+02	   9.2638332e-03	   2.3818629e-12	
   8.7000000e-01	   6.3963897e+00	   1.1754484e+02	   9.1731388e-03	   2.3772214e-12	
   8.8000000e-01	   6.3883517e+00	   1.1753696e+02	   9.0838349e-03	   2.3728257e-12	
   8.9000000e-01	   6.3806319e+00	   1.1752947e+02	   8.9958270e-03	   2.3686116e-12	
   9.0000000e-01	   6.3731340e+00	   1.1752225e+02	   8.9090293e-03	   2.3645258e-12	
   9.1000000e-01	   6.3660002e+00	   1.1751548e+02	   8.8233645e-03	   2.3606450e-12	
   9.2000000e-01	   6.3591716e+00	   1.1750910e+02	   8.7387645e-03	   2.3569362e-12	
   9.3000000e-01	   6.3519787e+00	   1.1750225e+02	   8.6551714e-03	   2.3530358e-12	
   9.4000000e-01	   6.3434823e+00	   1.1749379e+02	   8.5725374e-03	   2.3484369e-12	
   9.5000000e-01	   6.3333106e+00	   1.1748325e+02	   8.4908258e-03	   2.3429430e-12	
   9.6000000e-01	   6.3220577e+00	   1.1747137e+02	   8.4100107e-03	   2.3368801e-12	
   9.7000000e-01	   6.3107326e+00	   1.1745939e+02	   8.3300777e-03	   2.3307942e-12	
   9.8000000e-01	   6.2998386e+00	   1.1744794e+02	   8.2510231e-03	   2.3249549e-12	
   9.9000000e-01	   6.2891027e+00	   1.1743669e+02	   8.1728541e-03	   2.3192145e-12	
   1.0000000e+00	   6.2780584e+00	   1.1742506e+02	   8.0955877e-03	   2.3133242e-12	
