   0.0000000e+00	   0.0000000e+00	   0.0000000e+00	   1.0494312e-01	   5.4504287e-13	
   1.0000000e-02	   2.6808727e-03	   8.3837191e+01	   8.8456638e-02	   5.4537942e-13	
   2.0000000e-02	  -5.2273230e-03	   8.1197939e+01	   7.7158877e-02	   5.4438723e-13	
   3.0000000e-02	  -1.0945293e-02	   8.1257859e+01	   6.8859543e-02	   5.4367095e-13	
   4.0000000e-02	  -1.6516460e-02	   8.2098471e+01	   6.2395277e-02	   5.4297397e-13	
   5.0000000e-02	  -2.4394910e-02	   8.0880378e+01	   5.7263884e-02	   5.4198987e-13	
   6.0000000e-02	  -2.9212184e-02	   8.3223170e+01	   5.3080001e-02	   5.4138902e-13	
   7.0000000e-02	  -3.9911974e-02	   7.9530452e+01	   4.9544675e-02	   5.4005683e-13	
   8.0000000e-02	  -4.7959280e-02	   7.8779617e+01	   4.6493515e-02	   5.3905705e-13	
   9.0000000e-02	  -5.3002476e-02	   8.2513329e+01	   4.3844159e-02	   5.3843144e-13	
   1.0000000e-01	  -6.3679842e-02	   7.8963182e+01	   4.1536390e-02	   5.3710930e-13	
   1.1000000e-01	  -7.1141610e-02	   8.0058053e+01	   3.9510630e-02	   5.3618727e-13	
   1.2000000e-01	  -7.7818497e-02	   8.1913920e+01	   3.7711413e-02	   5.3536356e-13	
   1.3000000e-01	  -8.8295895e-02	   7.8588839e+01	   3.6092767e-02	   5.3407355e-13	
   1.4000000e-01	  -9.5329124e-02	   8.0667148e+01	   3.4619080e-02	   5.3320934e-13	
   1.5000000e-01	  -1.0357008e-01	   8.0717004e+01	   3.3263979e-02	   5.3219851e-13	
   1.6000000e-01	  -1.1266716e-01	   7.9499651e+01	   3.2009091e-02	   5.3108489e-13	
   1.7000000e-01	  -1.2040271e-01	   8.0439514e+01	   3.0842765e-02	   5.3013977e-13	
   1.8000000e-01	  -1.2874563e-01	   8.0449330e+01	   2.9758264e-02	   5.2912234e-13	
   1.9000000e-01	  -1.3766891e-01	   7.9588494e+01	   2.8751426e-02	   5.2803629e-13	
   2.0000000e-01	  -1.4574051e-01	   8.0111212e+01	   2.7818429e-02	   5.2705581e-13	
   2.1000000e-01	  -1.5458972e-01	   7.9393073e+01	   2.6954462e-02	   5.2598298e-13	
   2.2000000e-01	  -1.6270734e-01	   7.9930313e+01	   2.6153508e-02	   5.2500075e-13	
   2.3000000e-01	  -1.7089820e-01	   8.0329640e+01	   2.5408888e-02	   5.2401153e-13	
   2.4000000e-01	  -1.7992072e-01	   7.9454373e+01	   2.4713961e-02	   5.2292402e-13	
   2.5000000e-01	  -1.8838868e-01	   7.9491218e+01	   2.4062645e-02	   5.2190540e-13	
   2.6000000e-01	  -1.9670233e-01	   7.9807987e+01	   2.3449657e-02	   5.2090728e-13	
   2.7000000e-01	  -2.0533851e-01	   7.9605634e+01	   2.2870540e-02	   5.1987246e-13	
   2.8000000e-01	  -2.1402218e-01	   7.9327376e+01	   2.2321589e-02	   5.1883402e-13	
   2.9000000e-01	  -2.2241655e-01	   7.9569606e+01	   2.1799731e-02	   5.1783214e-13	
   3.0000000e-01	  -2.3092883e-01	   7.9616839e+01	   2.1302421e-02	   5.1681817e-13	
   3.1000000e-01	  -2.3962369e-01	   7.9361757e+01	   2.0827541e-02	   5.1578450e-13	
   3.2000000e-01	  -2.4821000e-01	   7.9302635e+01	   2.0373327e-02	   5.1476577e-13	
   3.3000000e-01	  -2.5672412e-01	   7.9381829e+01	   1.9938304e-02	   5.1375759e-13	
   3.4000000e-01	  -2.6527425e-01	   7.9405647e+01	   1.9521219e-02	   5.1274713e-13	
   3.5000000e-01	  -2.7388674e-01	   7.9328278e+01	   1.9120992e-02	   5.1173130e-13	
   3.6000000e-01	  -2.8253823e-01	   7.9187452e+01	   1.8736662e-02	   5.1071291e-13	
   3.7000000e-01	  -2.9110600e-01	   7.9205989e+01	   1.8367356e-02	   5.0970637e-13	
   3.8000000e-01	  -2.9956472e-01	   7.9424666e+01	   1.8012250e-02	   5.0871458e-13	
   3.9000000e-01	  -3.0820206e-01	   7.9335650e+01	   1.7670562e-02	   5.0770385e-13	
   4.0000000e-01	  -3.1696942e-01	   7.9013238e+01	   1.7341533e-02	   5.0667995e-13	
   4.1000000e-01	  -3.2553420e-01	   7.9068694e+01	   1.7024431e-02	   5.0568170e-13	
   4.2000000e-01	  -3.3401017e-01	   7.9289359e+01	   1.6718545e-02	   5.0469574e-13	
   4.3000000e-01	  -3.4261340e-01	   7.9284827e+01	   1.6423195e-02	   5.0369695e-13	
   4.4000000e-01	  -3.5134619e-01	   7.9050931e+01	   1.6137728e-02	   5.0268513e-13	
   4.5000000e-01	  -3.6002925e-01	   7.8906269e+01	   1.5861526e-02	   5.0168109e-13	
   4.6000000e-01	  -3.6852633e-01	   7.9115054e+01	   1.5594004e-02	   5.0070050e-13	
   4.7000000e-01	  -3.7710561e-01	   7.9171933e+01	   1.5334620e-02	   4.9971237e-13	
   4.8000000e-01	  -3.8585791e-01	   7.8913956e+01	   1.5082878e-02	   4.9870632e-13	
   4.9000000e-01	  -3.9450072e-01	   7.8860549e+01	   1.4838326e-02	   4.9771484e-13	
   5.0000000e-01	  -4.0303803e-01	   7.9010509e+01	   1.4600571e-02	   4.9673740e-13	
   5.1000000e-01	  -4.1163490e-01	   7.9050461e+01	   1.4369271e-02	   4.9575508e-13	
   5.2000000e-01	  -4.2031271e-01	   7.8944236e+01	   1.4144143e-02	   4.9476548e-13	
   5.3000000e-01	  -4.2900800e-01	   7.8805870e+01	   1.3924960e-02	   4.9377587e-13	
   5.4000000e-01	  -4.3763602e-01	   7.8799257e+01	   1.3711544e-02	   4.9279587e-13	
   5.5000000e-01	  -4.4623073e-01	   7.8860062e+01	   1.3503763e-02	   4.9182159e-13	
   5.6000000e-01	  -4.5485249e-01	   7.8872322e+01	   1.3301517e-02	   4.9084617e-13	
   5.7000000e-01	  -4.6349194e-01	   7.8854343e+01	   1.3104732e-02	   4.8987070e-13	
   5.8000000e-01	  -4.7215323e-01	   7.8797761e+01	   1.2913345e-02	   4.8889471e-13	
   5.9000000e-01	  -4.8082483e-01	   7.8723576e+01	   1.2727299e-02	   4.8791950e-13	
   6.0000000e-01	  -4.8947509e-01	   7.8693157e+01	   1.2546528e-02	   4.8694863e-13	
   6.1000000e-01	  -4.9807795e-01	   7.8757409e+01	   1.2370958e-02	   4.8598500e-13	
   6.2000000e-01	  -5.0667070e-01	   7.8842054e+01	   1.2200496e-02	   4.8502440e-13	
   6.3000000e-01	  -5.1535096e-01	   7.8762933e+01	   1.2035038e-02	   4.8405595e-13	
   6.4000000e-01	  -5.2407027e-01	   7.8608658e+01	   1.1874460e-02	   4.8308509e-13	
   6.5000000e-01	  -5.3270275e-01	   7.8626223e+01	   1.1718627e-02	   4.8212581e-13	
   6.6000000e-01	  -5.4129571e-01	   7.8722729e+01	   1.1567394e-02	   4.8117282e-13	
   6.7000000e-01	  -5.4994235e-01	   7.8717504e+01	   1.1420608e-02	   4.8021578e-13	
   6.8000000e-01	  -5.5863543e-01	   7.8624933e+01	   1.1278108e-02	   4.7925551e-13	
   6.9000000e-01	  -5.6733217e-01	   7.8525959e+01	   1.1139732e-02	   4.7829676e-13	
   7.0000000e-01	  -5.7597030e-01	   7.8545365e+01	   1.1005318e-02	   4.7734638e-13	
   7.1000000e-01	  -5.8455848e-01	   7.8664126e+01	   1.0874701e-02	   4.7640336e-13	
   7.2000000e-01	  -5.9321293e-01	   7.8655502e+01	   1.0747716e-02	   4.7545494e-13	
   7.3000000e-01	  -6.0194213e-01	   7.8502448e+01	   1.0624201e-02	   4.7450025e-13	
   7.4000000e-01	  -6.1062987e-01	   7.8430874e+01	   1.0503993e-02	   4.7355200e-13	
   7.5000000e-01	  -6.1925307e-01	   7.8490287e+01	   1.0386933e-02	   4.7261266e-13	
   7.6000000e-01	  -6.2787038e-01	   7.8561623e+01	   1.0272862e-02	   4.7167583e-13	
   7.7000000e-01	  -6.3651884e-01	   7.8572632e+01	   1.0161623e-02	   4.7073748e-13	
   7.8000000e-01	  -6.4522076e-01	   7.8480049e+01	   1.0053063e-02	   4.6979521e-13	
   7.9000000e-01	  -6.5393452e-01	   7.8362928e+01	   9.9470309e-03	   4.6885355e-13	
   8.0000000e-01	  -6.6257979e-01	   7.8384491e+01	   9.8433805e-03	   4.6792116e-13	
   8.1000000e-01	  -6.7118710e-01	   7.8482209e+01	   9.7419688e-03	   4.6699470e-13	
   8.2000000e-01	  -6.7984458e-01	   7.8480821e+01	   9.6426574e-03	   4.6606469e-13	
   8.3000000e-01	  -6.8854428e-01	   7.8396773e+01	   9.5453131e-03	   4.6513201e-13	
   8.4000000e-01	  -6.9723414e-01	   7.8332408e+01	   9.4498079e-03	   4.6420226e-13	
   8.5000000e-01	  -7.0589742e-01	   7.8322569e+01	   9.3560199e-03	   4.6327719e-13	
   8.6000000e-01	  -7.1453471e-01	   7.8366156e+01	   9.2638332e-03	   4.6235674e-13	
   8.7000000e-01	  -7.2318052e-01	   7.8393311e+01	   9.1731388e-03	   4.6143720e-13	
   8.8000000e-01	  -7.3187268e-01	   7.8329016e+01	   9.0838349e-03	   4.6051459e-13	
   8.9000000e-01	  -7.4057251e-01	   7.8249446e+01	   8.9958270e-03	   4.5959300e-13	
   9.0000000e-01	  -7.4923010e-01	   7.8256640e+01	   8.9090293e-03	   4.5867772e-13	
   9.1000000e-01	  -7.5787105e-01	   7.8298345e+01	   8.8233645e-03	   4.5776602e-13	
   9.2000000e-01	  -7.6653248e-01	   7.8299370e+01	   8.7387645e-03	   4.5685398e-13	
   9.3000000e-01	  -7.7521469e-01	   7.8259258e+01	   8.6551714e-03	   4.5594157e-13	
   9.4000000e-01	  -7.8390676e-01	   7.8199405e+01	   8.5725374e-03	   4.5502995e-13	
   9.5000000e-01	  -7.9258117e-01	   7.8175869e+01	   8.4908258e-03	   4.5412200e-13	
   9.6000000e-01	  -8.0122193e-01	   7.8221444e+01	   8.4100107e-03	   4.5321937e-13	
   9.7000000e-01	  -8.0986929e-01	   7.8253362e+01	   8.3300777e-03	   4.5231785e-13	
   9.8000000e-01	  -8.1855428e-01	   7.8209479e+01	   8.2510231e-03	   4.5141422e-13	
   9.9000000e-01	  -8.2724565e-01	   7.8152387e+01	   8.1728541e-03	   4.5051172e-13	
   1.0000000e+00	  -8.3591520e-01	   7.8139824e+01	   8.0955877e-03	   4.4961329e-13	
