   0.0000000e+00	   0.0000000e+00	   0.0000000e+00	   1.0494312e-01	   5.4504287e-13	
   1.0000000e-02	   2.6645650e-03	   8.3831777e+01	   8.8456638e-02	   5.4537737e-13	
   2.0000000e-02	  -5.2885122e-03	   8.1130956e+01	   7.7158877e-02	   5.4437956e-13	
   3.0000000e-02	  -1.0983085e-02	   8.1222254e+01	   6.8859543e-02	   5.4366622e-13	
   4.0000000e-02	  -1.6636968e-02	   8.1987316e+01	   6.2395277e-02	   5.4295891e-13	
   5.0000000e-02	  -2.4435354e-02	   8.0840603e+01	   5.7263884e-02	   5.4198482e-13	
   6.0000000e-02	  -2.9195063e-02	   8.3246578e+01	   5.3080001e-02	   5.4139115e-13	
   7.0000000e-02	  -3.9947323e-02	   7.9487020e+01	   4.9544675e-02	   5.4005243e-13	
   8.0000000e-02	  -4.7918933e-02	   7.8888434e+01	   4.6493515e-02	   5.3906206e-13	
   9.0000000e-02	  -5.3098470e-02	   8.2439700e+01	   4.3844159e-02	   5.3841954e-13	
   1.0000000e-01	  -6.3731819e-02	   7.8882401e+01	   4.1536390e-02	   5.3710288e-13	
   1.1000000e-01	  -7.1053215e-02	   8.0215315e+01	   3.9510630e-02	   5.3619818e-13	
   1.2000000e-01	  -7.7928400e-02	   8.1815387e+01	   3.7711413e-02	   5.3535002e-13	
   1.3000000e-01	  -8.8324281e-02	   7.8554347e+01	   3.6092767e-02	   5.3407006e-13	
   1.4000000e-01	  -9.5308133e-02	   8.0714368e+01	   3.4619080e-02	   5.3321192e-13	
   1.5000000e-01	  -1.0364079e-01	   8.0640088e+01	   3.3263979e-02	   5.3218984e-13	
   1.6000000e-01	  -1.1269056e-01	   7.9481451e+01	   3.2009091e-02	   5.3108203e-13	
   1.7000000e-01	  -1.2036501e-01	   8.0512208e+01	   3.0842765e-02	   5.3014438e-13	
   1.8000000e-01	  -1.2882138e-01	   8.0360437e+01	   2.9758264e-02	   5.2911311e-13	
   1.9000000e-01	  -1.3769047e-01	   7.9574232e+01	   2.8751426e-02	   5.2803367e-13	
   2.0000000e-01	  -1.4577574e-01	   8.0078228e+01	   2.7818429e-02	   5.2705154e-13	
   2.1000000e-01	  -1.5462654e-01	   7.9350789e+01	   2.6954462e-02	   5.2597852e-13	
   2.2000000e-01	  -1.6266327e-01	   8.0021317e+01	   2.6153508e-02	   5.2500608e-13	
   2.3000000e-01	  -1.7095766e-01	   8.0263819e+01	   2.5408888e-02	   5.2400435e-13	
   2.4000000e-01	  -1.7997647e-01	   7.9379849e+01	   2.4713961e-02	   5.2291730e-13	
   2.5000000e-01	  -1.8838513e-01	   7.9521708e+01	   2.4062645e-02	   5.2190583e-13	
   2.6000000e-01	  -1.9671869e-01	   7.9804534e+01	   2.3449657e-02	   5.2090532e-13	
   2.7000000e-01	  -2.0538654e-01	   7.9547941e+01	   2.2870540e-02	   5.1986671e-13	
   2.8000000e-01	  -2.1404011e-01	   7.9320442e+01	   2.2321589e-02	   5.1883187e-13	
   2.9000000e-01	  -2.2241617e-01	   7.9594415e+01	   2.1799731e-02	   5.1783219e-13	
   3.0000000e-01	  -2.3096515e-01	   7.9579716e+01	   2.1302421e-02	   5.1681385e-13	
   3.1000000e-01	  -2.3966070e-01	   7.9321022e+01	   2.0827541e-02	   5.1578011e-13	
   3.2000000e-01	  -2.4822584e-01	   7.9299648e+01	   2.0373327e-02	   5.1476389e-13	
   3.3000000e-01	  -2.5673869e-01	   7.9381261e+01	   1.9938304e-02	   5.1375586e-13	
   3.4000000e-01	  -2.6529988e-01	   7.9385753e+01	   1.9521219e-02	   5.1274410e-13	
   3.5000000e-01	  -2.7392092e-01	   7.9292756e+01	   1.9120992e-02	   5.1172728e-13	
   3.6000000e-01	  -2.8256509e-01	   7.9164245e+01	   1.8736662e-02	   5.1070975e-13	
   3.7000000e-01	  -2.9110722e-01	   7.9229672e+01	   1.8367356e-02	   5.0970623e-13	
   3.8000000e-01	  -2.9957940e-01	   7.9424187e+01	   1.8012250e-02	   5.0871286e-13	
   3.9000000e-01	  -3.0826016e-01	   7.9258029e+01	   1.7670562e-02	   5.0769705e-13	
   4.0000000e-01	  -3.1700390e-01	   7.8974791e+01	   1.7341533e-02	   5.0667593e-13	
   4.1000000e-01	  -3.2552673e-01	   7.9109105e+01	   1.7024431e-02	   5.0568257e-13	
   4.2000000e-01	  -3.3401697e-01	   7.9302872e+01	   1.6718545e-02	   5.0469495e-13	
   4.3000000e-01	  -3.4265459e-01	   7.9237373e+01	   1.6423195e-02	   5.0369217e-13	
   4.4000000e-01	  -3.5139583e-01	   7.8984830e+01	   1.6137728e-02	   5.0267939e-13	
   4.5000000e-01	  -3.6003807e-01	   7.8916819e+01	   1.5861526e-02	   5.0168007e-13	
   4.6000000e-01	  -3.6852206e-01	   7.9149100e+01	   1.5594004e-02	   5.0070099e-13	
   4.7000000e-01	  -3.7714964e-01	   7.9118465e+01	   1.5334620e-02	   4.9970730e-13	
   4.8000000e-01	  -3.8590153e-01	   7.8857895e+01	   1.5082878e-02	   4.9870131e-13	
   4.9000000e-01	  -3.9450413e-01	   7.8881611e+01	   1.4838326e-02	   4.9771445e-13	
   5.0000000e-01	  -4.0304253e-01	   7.9029008e+01	   1.4600571e-02	   4.9673688e-13	
   5.1000000e-01	  -4.1166393e-01	   7.9023778e+01	   1.4369271e-02	   4.9575176e-13	
   5.2000000e-01	  -4.2035642e-01	   7.8889100e+01	   1.4144143e-02	   4.9476050e-13	
   5.3000000e-01	  -4.2903845e-01	   7.8774896e+01	   1.3924960e-02	   4.9377240e-13	
   5.4000000e-01	  -4.3764467e-01	   7.8810598e+01	   1.3711544e-02	   4.9279489e-13	
   5.5000000e-01	  -4.4624104e-01	   7.8868196e+01	   1.3503763e-02	   4.9182042e-13	
   5.6000000e-01	  -4.5487357e-01	   7.8860111e+01	   1.3301517e-02	   4.9084379e-13	
   5.7000000e-01	  -4.6352247e-01	   7.8824128e+01	   1.3104732e-02	   4.8986726e-13	
   5.8000000e-01	  -4.7218863e-01	   7.8757768e+01	   1.2913345e-02	   4.8889072e-13	
   5.9000000e-01	  -4.8085320e-01	   7.8696731e+01	   1.2727299e-02	   4.8791631e-13	
   6.0000000e-01	  -4.8948767e-01	   7.8697148e+01	   1.2546528e-02	   4.8694722e-13	
   6.1000000e-01	  -4.9808019e-01	   7.8781268e+01	   1.2370958e-02	   4.8598475e-13	
   6.2000000e-01	  -5.0669453e-01	   7.8824854e+01	   1.2200496e-02	   4.8502174e-13	
   6.3000000e-01	  -5.1540089e-01	   7.8694949e+01	   1.2035038e-02	   4.8405039e-13	
   6.4000000e-01	  -5.2409925e-01	   7.8580169e+01	   1.1874460e-02	   4.8308187e-13	
   6.5000000e-01	  -5.3270349e-01	   7.8653515e+01	   1.1718627e-02	   4.8212573e-13	
   6.6000000e-01	  -5.4130784e-01	   7.8727698e+01	   1.1567394e-02	   4.8117148e-13	
   6.7000000e-01	  -5.4997651e-01	   7.8680053e+01	   1.1420608e-02	   4.8021200e-13	
   6.8000000e-01	  -5.5867579e-01	   7.8574447e+01	   1.1278108e-02	   4.7925106e-13	
   6.9000000e-01	  -5.6735527e-01	   7.8509097e+01	   1.1139732e-02	   4.7829422e-13	
   7.0000000e-01	  -5.7596715e-01	   7.8580649e+01	   1.1005318e-02	   4.7734672e-13	
   7.1000000e-01	  -5.8456846e-01	   7.8673357e+01	   1.0874701e-02	   4.7640226e-13	
   7.2000000e-01	  -5.9326123e-01	   7.8590395e+01	   1.0747716e-02	   4.7544965e-13	
   7.3000000e-01	  -6.0198709e-01	   7.8441752e+01	   1.0624201e-02	   4.7449534e-13	
   7.4000000e-01	  -6.1064132e-01	   7.8437391e+01	   1.0503993e-02	   4.7355075e-13	
   7.5000000e-01	  -6.1925229e-01	   7.8521018e+01	   1.0386933e-02	   4.7261275e-13	
   7.6000000e-01	  -6.2788147e-01	   7.8568730e+01	   1.0272862e-02	   4.7167462e-13	
   7.7000000e-01	  -6.3655421e-01	   7.8532306e+01	   1.0161623e-02	   4.7073364e-13	
   7.8000000e-01	  -6.4527007e-01	   7.8410835e+01	   1.0053063e-02	   4.6978988e-13	
   7.9000000e-01	  -6.5395894e-01	   7.8342957e+01	   9.9470309e-03	   4.6885091e-13	
   8.0000000e-01	  -6.6257480e-01	   7.8423939e+01	   9.8433805e-03	   4.6792169e-13	
   8.1000000e-01	  -6.7119589e-01	   7.8493791e+01	   9.7419688e-03	   4.6699375e-13	
   8.2000000e-01	  -6.7988120e-01	   7.8437449e+01	   9.6426574e-03	   4.6606076e-13	
   8.3000000e-01	  -6.8858298e-01	   7.8348385e+01	   9.5453131e-03	   4.6512787e-13	
   8.4000000e-01	  -6.9725876e-01	   7.8312123e+01	   9.4498079e-03	   4.6419962e-13	
   8.5000000e-01	  -7.0590691e-01	   7.8333045e+01	   9.3560199e-03	   4.6327618e-13	
   8.6000000e-01	  -7.1454244e-01	   7.8380110e+01	   9.2638332e-03	   4.6235591e-13	
   8.7000000e-01	  -7.2320930e-01	   7.8365355e+01	   9.1731388e-03	   4.6143415e-13	
   8.8000000e-01	  -7.3191385e-01	   7.8275541e+01	   9.0838349e-03	   4.6051022e-13	
   8.9000000e-01	  -7.4059527e-01	   7.8233045e+01	   8.9958270e-03	   4.5959059e-13	
   9.0000000e-01	  -7.4923681e-01	   7.8273095e+01	   8.9090293e-03	   4.5867702e-13	
   9.1000000e-01	  -7.5788564e-01	   7.8298860e+01	   8.8233645e-03	   4.5776449e-13	
   9.2000000e-01	  -7.6656088e-01	   7.8272077e+01	   8.7387645e-03	   4.5685099e-13	
   9.3000000e-01	  -7.7525009e-01	   7.8217476e+01	   8.6551714e-03	   4.5593785e-13	
   9.4000000e-01	  -7.8393529e-01	   7.8171286e+01	   8.5725374e-03	   4.5502696e-13	
   9.5000000e-01	  -7.9259035e-01	   7.8187495e+01	   8.4908258e-03	   4.5412104e-13	
   9.6000000e-01	  -8.0122800e-01	   7.8239258e+01	   8.4100107e-03	   4.5321874e-13	
   9.7000000e-01	  -8.0989645e-01	   7.8228552e+01	   8.3300777e-03	   4.5231502e-13	
   9.8000000e-01	  -8.1859224e-01	   7.8162326e+01	   8.2510231e-03	   4.5141027e-13	
   9.9000000e-01	  -8.2727212e-01	   7.8128371e+01	   8.1728541e-03	   4.5050898e-13	
   1.0000000e+00	  -8.3592954e-01	   7.8140693e+01	   8.0955877e-03	   4.4961181e-13	
