   0.0000000e+00	   0.0000000e+00	   0.0000000e+00	   1.0494312e-01	   5.4504287e-13	
   1.0000000e-02	   2.6315366e-03	   8.3820600e+01	   8.8456638e-02	   5.4537323e-13	
   2.0000000e-02	  -5.4098827e-03	   8.0994705e+01	   7.7158877e-02	   5.4436434e-13	
   3.0000000e-02	  -1.1058682e-02	   8.1149920e+01	   6.8859543e-02	   5.4365676e-13	
   4.0000000e-02	  -1.6877649e-02	   8.1755771e+01	   6.2395277e-02	   5.4292882e-13	
   5.0000000e-02	  -2.4515450e-02	   8.0760777e+01	   5.7263884e-02	   5.4197483e-13	
   6.0000000e-02	  -2.9179396e-02	   8.3279065e+01	   5.3080001e-02	   5.4139310e-13	
   7.0000000e-02	  -4.0008909e-02	   7.9415366e+01	   4.9544675e-02	   5.4004477e-13	
   8.0000000e-02	  -4.7825013e-02	   7.9124835e+01	   4.6493515e-02	   5.3907372e-13	
   9.0000000e-02	  -5.3313162e-02	   8.2266552e+01	   4.3844159e-02	   5.3839292e-13	
   1.0000000e-01	  -6.3815490e-02	   7.8759073e+01	   4.1536390e-02	   5.3709253e-13	
   1.1000000e-01	  -7.0874616e-02	   8.0517057e+01	   3.9510630e-02	   5.3622023e-13	
   1.2000000e-01	  -7.8175930e-02	   8.1580076e+01	   3.7711413e-02	   5.3531950e-13	
   1.3000000e-01	  -8.8348632e-02	   7.8556800e+01	   3.6092767e-02	   5.3406706e-13	
   1.4000000e-01	  -9.5281183e-02	   8.0787610e+01	   3.4619080e-02	   5.3321522e-13	
   1.5000000e-01	  -1.0378686e-01	   8.0474920e+01	   3.3263979e-02	   5.3217194e-13	
   1.6000000e-01	  -1.1271141e-01	   7.9491101e+01	   3.2009091e-02	   5.3107948e-13	
   1.7000000e-01	  -1.2031095e-01	   8.0625291e+01	   3.0842765e-02	   5.3015098e-13	
   1.8000000e-01	  -1.2898017e-01	   8.0165378e+01	   2.9758264e-02	   5.2909376e-13	
   1.9000000e-01	  -1.3771987e-01	   7.9569398e+01	   2.8751426e-02	   5.2803009e-13	
   2.0000000e-01	  -1.4585530e-01	   7.9996960e+01	   2.7818429e-02	   5.2704188e-13	
   2.1000000e-01	  -1.5467250e-01	   7.9315790e+01	   2.6954462e-02	   5.2597295e-13	
   2.2000000e-01	  -1.6258981e-01	   8.0176250e+01	   2.6153508e-02	   5.2501496e-13	
   2.3000000e-01	  -1.7110096e-01	   8.0091576e+01	   2.5408888e-02	   5.2398706e-13	
   2.4000000e-01	  -1.8006459e-01	   7.9269699e+01	   2.4713961e-02	   5.2290669e-13	
   2.5000000e-01	  -1.8837221e-01	   7.9592128e+01	   2.4062645e-02	   5.2190738e-13	
   2.6000000e-01	  -1.9676485e-01	   7.9775655e+01	   2.3449657e-02	   5.2089978e-13	
   2.7000000e-01	  -2.0548141e-01	   7.9431910e+01	   2.2870540e-02	   5.1985535e-13	
   2.8000000e-01	  -2.1405977e-01	   7.9335728e+01	   2.2321589e-02	   5.1882953e-13	
   2.9000000e-01	  -2.2242543e-01	   7.9626873e+01	   2.1799731e-02	   5.1783108e-13	
   3.0000000e-01	  -2.3104799e-01	   7.9486600e+01	   2.1302421e-02	   5.1680399e-13	
   3.1000000e-01	  -2.3972481e-01	   7.9256209e+01	   2.0827541e-02	   5.1577250e-13	
   3.2000000e-01	  -2.4825196e-01	   7.9303652e+01	   2.0373327e-02	   5.1476080e-13	
   3.3000000e-01	  -2.5677240e-01	   7.9372017e+01	   1.9938304e-02	   5.1375187e-13	
   3.4000000e-01	  -2.6535609e-01	   7.9336729e+01	   1.9521219e-02	   5.1273746e-13	
   3.5000000e-01	  -2.7398740e-01	   7.9224007e+01	   1.9120992e-02	   5.1171944e-13	
   3.6000000e-01	  -2.8260647e-01	   7.9140231e+01	   1.8736662e-02	   5.1070489e-13	
   3.7000000e-01	  -2.9110836e-01	   7.9279059e+01	   1.8367356e-02	   5.0970609e-13	
   3.8000000e-01	  -2.9963441e-01	   7.9378546e+01	   1.8012250e-02	   5.0870642e-13	
   3.9000000e-01	  -3.0837559e-01	   7.9099438e+01	   1.7670562e-02	   5.0768356e-13	
   4.0000000e-01	  -3.1704055e-01	   7.8959092e+01	   1.7341533e-02	   5.0667165e-13	
   4.1000000e-01	  -3.2550962e-01	   7.9192956e+01	   1.7024431e-02	   5.0568456e-13	
   4.2000000e-01	  -3.3405430e-01	   7.9287957e+01	   1.6718545e-02	   5.0469062e-13	
   4.3000000e-01	  -3.4275119e-01	   7.9114487e+01	   1.6423195e-02	   5.0368097e-13	
   4.4000000e-01	  -3.5147577e-01	   7.8886714e+01	   1.6137728e-02	   5.0267013e-13	
   4.5000000e-01	  -3.6003225e-01	   7.8982468e+01	   1.5861526e-02	   5.0168075e-13	
   4.6000000e-01	  -3.6853872e-01	   7.9171285e+01	   1.5594004e-02	   5.0069907e-13	
   4.7000000e-01	  -3.7725415e-01	   7.8978323e+01	   1.5334620e-02	   4.9969528e-13	
   4.8000000e-01	  -3.8595950e-01	   7.8800946e+01	   1.5082878e-02	   4.9869465e-13	
   4.9000000e-01	  -3.9450024e-01	   7.8943834e+01	   1.4838326e-02	   4.9771489e-13	
   5.0000000e-01	  -4.0307073e-01	   7.9030420e+01	   1.4600571e-02	   4.9673366e-13	
   5.1000000e-01	  -4.1173920e-01	   7.8937388e+01	   1.4369271e-02	   4.9574317e-13	
   5.2000000e-01	  -4.2043855e-01	   7.8786656e+01	   1.4144143e-02	   4.9475114e-13	
   5.3000000e-01	  -4.2907553e-01	   7.8758978e+01	   1.3924960e-02	   4.9376819e-13	
   5.4000000e-01	  -4.3765494e-01	   7.8846712e+01	   1.3711544e-02	   4.9279372e-13	
   5.5000000e-01	  -4.4627423e-01	   7.8860559e+01	   1.3503763e-02	   4.9181666e-13	
   5.6000000e-01	  -4.5492873e-01	   7.8810513e+01	   1.3301517e-02	   4.9083756e-13	
   5.7000000e-01	  -4.6358910e-01	   7.8751990e+01	   1.3104732e-02	   4.8985974e-13	
   5.8000000e-01	  -4.7225130e-01	   7.8692431e+01	   1.2913345e-02	   4.8888367e-13	
   5.9000000e-01	  -4.8089319e-01	   7.8675514e+01	   1.2727299e-02	   4.8791182e-13	
   6.0000000e-01	  -4.8950099e-01	   7.8728211e+01	   1.2546528e-02	   4.8694573e-13	
   6.1000000e-01	  -4.9810063e-01	   7.8798290e+01	   1.2370958e-02	   4.8598246e-13	
   6.2000000e-01	  -5.0677297e-01	   7.8730945e+01	   1.2200496e-02	   4.8501298e-13	
   6.3000000e-01	  -5.1548955e-01	   7.8577731e+01	   1.2035038e-02	   4.8404050e-13	
   6.4000000e-01	  -5.2412153e-01	   7.8594017e+01	   1.1874460e-02	   4.8307939e-13	
   6.5000000e-01	  -5.3270770e-01	   7.8702448e+01	   1.1718627e-02	   4.8212526e-13	
   6.6000000e-01	  -5.4135832e-01	   7.8687041e+01	   1.1567394e-02	   4.8116588e-13	
   6.7000000e-01	  -5.5005480e-01	   7.8584227e+01	   1.1420608e-02	   4.8020334e-13	
   6.8000000e-01	  -5.5874017e-01	   7.8504437e+01	   1.1278108e-02	   4.7924395e-13	
   6.9000000e-01	  -5.6737143e-01	   7.8535481e+01	   1.1139732e-02	   4.7829244e-13	
   7.0000000e-01	  -5.7596751e-01	   7.8637622e+01	   1.1005318e-02	   4.7734668e-13	
   7.1000000e-01	  -5.8463414e-01	   7.8603154e+01	   1.0874701e-02	   4.7639506e-13	
   7.2000000e-01	  -5.9336417e-01	   7.8443952e+01	   1.0747716e-02	   4.7543839e-13	
   7.3000000e-01	  -6.0203381e-01	   7.8406444e+01	   1.0624201e-02	   4.7449023e-13	
   7.4000000e-01	  -6.1064032e-01	   7.8498343e+01	   1.0503993e-02	   4.7355086e-13	
   7.5000000e-01	  -6.1926594e-01	   7.8552135e+01	   1.0386933e-02	   4.7261126e-13	
   7.6000000e-01	  -6.2793687e-01	   7.8517737e+01	   1.0272862e-02	   4.7166861e-13	
   7.7000000e-01	  -6.3664602e-01	   7.8407805e+01	   1.0161623e-02	   4.7072369e-13	
   7.8000000e-01	  -6.4534047e-01	   7.8327031e+01	   1.0053063e-02	   4.6978226e-13	
   7.9000000e-01	  -6.5396278e-01	   7.8394599e+01	   9.9470309e-03	   4.6885050e-13	
   8.0000000e-01	  -6.6257466e-01	   7.8482532e+01	   9.8433805e-03	   4.6792171e-13	
   8.1000000e-01	  -6.7125614e-01	   7.8432546e+01	   9.7419688e-03	   4.6698727e-13	
   8.2000000e-01	  -6.7996422e-01	   7.8329215e+01	   9.6426574e-03	   4.6605185e-13	
   8.3000000e-01	  -6.8863874e-01	   7.8294324e+01	   9.5453131e-03	   4.6512190e-13	
   8.4000000e-01	  -6.9728408e-01	   7.8320170e+01	   9.4498079e-03	   4.6419692e-13	
   8.5000000e-01	  -7.0592132e-01	   7.8363175e+01	   9.3560199e-03	   4.6327464e-13	
   8.6000000e-01	  -7.1458561e-01	   7.8352539e+01	   9.2638332e-03	   4.6235132e-13	
   8.7000000e-01	  -7.2328843e-01	   7.8264719e+01	   9.1731388e-03	   4.6142574e-13	
   8.8000000e-01	  -7.3197275e-01	   7.8215047e+01	   9.0838349e-03	   4.6050398e-13	
   8.9000000e-01	  -7.4061273e-01	   7.8257742e+01	   8.9958270e-03	   4.5958875e-13	
   9.0000000e-01	  -7.4925964e-01	   7.8286832e+01	   8.9090293e-03	   4.5867460e-13	
   9.1000000e-01	  -7.5793872e-01	   7.8251353e+01	   8.8233645e-03	   4.5775889e-13	
   9.2000000e-01	  -7.6662821e-01	   7.8195112e+01	   8.7387645e-03	   4.5684391e-13	
   9.3000000e-01	  -7.7530860e-01	   7.8158025e+01	   8.6551714e-03	   4.5593171e-13	
   9.4000000e-01	  -7.8396246e-01	   7.8176403e+01	   8.5725374e-03	   4.5502411e-13	
   9.5000000e-01	  -7.9260232e-01	   7.8223696e+01	   8.4908258e-03	   4.5411979e-13	
   9.6000000e-01	  -8.0127369e-01	   7.8206752e+01	   8.4100107e-03	   4.5321397e-13	
   9.7000000e-01	  -8.0997205e-01	   7.8134469e+01	   8.3300777e-03	   4.5230715e-13	
   9.8000000e-01	  -8.1864912e-01	   7.8105893e+01	   8.2510231e-03	   4.5140436e-13	
   9.9000000e-01	  -8.2730056e-01	   7.8130594e+01	   8.1728541e-03	   4.5050602e-13	
   1.0000000e+00	  -8.3595292e-01	   7.8153243e+01	   8.0955877e-03	   4.4960938e-13	
