   0.0000000e+00	   0.0000000e+00	   0.0000000e+00	   1.0494312e-01	   5.4504287e-13	
   1.0000000e-02	   2.6148170e-03	   8.3814837e+01	   8.8456638e-02	   5.4537113e-13	
   2.0000000e-02	  -5.4700480e-03	   8.0925421e+01	   7.7158877e-02	   5.4435680e-13	
   3.0000000e-02	  -1.1096455e-02	   8.1113220e+01	   6.8859543e-02	   5.4365203e-13	
   4.0000000e-02	  -1.6997608e-02	   8.1635275e+01	   6.2395277e-02	   5.4291382e-13	
   5.0000000e-02	  -2.4555033e-02	   8.0720824e+01	   5.7263884e-02	   5.4196989e-13	
   6.0000000e-02	  -2.9180882e-02	   8.3288197e+01	   5.3080001e-02	   5.4139292e-13	
   7.0000000e-02	  -4.0035207e-02	   7.9387326e+01	   4.9544675e-02	   5.4004150e-13	
   8.0000000e-02	  -4.7772131e-02	   7.9250017e+01	   4.6493515e-02	   5.3908028e-13	
   9.0000000e-02	  -5.3430771e-02	   8.2167052e+01	   4.3844159e-02	   5.3837834e-13	
   1.0000000e-01	  -6.3847159e-02	   7.8717801e+01	   4.1536390e-02	   5.3708861e-13	
   1.1000000e-01	  -7.0786252e-02	   8.0659503e+01	   3.9510630e-02	   5.3623114e-13	
   1.2000000e-01	  -7.8311369e-02	   8.1443736e+01	   3.7711413e-02	   5.3530281e-13	
   1.3000000e-01	  -8.8345351e-02	   7.8592180e+01	   3.6092767e-02	   5.3406747e-13	
   1.4000000e-01	  -9.5275966e-02	   8.0812966e+01	   3.4619080e-02	   5.3321587e-13	
   1.5000000e-01	  -1.0386065e-01	   8.0388550e+01	   3.3263979e-02	   5.3216290e-13	
   1.6000000e-01	  -1.1270990e-01	   7.9517096e+01	   3.2009091e-02	   5.3107966e-13	
   1.7000000e-01	  -1.2029607e-01	   8.0664407e+01	   3.0842765e-02	   5.3015279e-13	
   1.8000000e-01	  -1.2906079e-01	   8.0062254e+01	   2.9758264e-02	   5.2908394e-13	
   1.9000000e-01	  -1.3772849e-01	   7.9577510e+01	   2.8751426e-02	   5.2802904e-13	
   2.0000000e-01	  -1.4589869e-01	   7.9949879e+01	   2.7818429e-02	   5.2703662e-13	
   2.1000000e-01	  -1.5468201e-01	   7.9322895e+01	   2.6954462e-02	   5.2597180e-13	
   2.2000000e-01	  -1.6256395e-01	   8.0235782e+01	   2.6153508e-02	   5.2501809e-13	
   2.3000000e-01	  -1.7118128e-01	   7.9989000e+01	   2.5408888e-02	   5.2397737e-13	
   2.4000000e-01	  -1.8009602e-01	   7.9236932e+01	   2.4713961e-02	   5.2290291e-13	
   2.5000000e-01	  -1.8836499e-01	   7.9628276e+01	   2.4062645e-02	   5.2190825e-13	
   2.6000000e-01	  -1.9679484e-01	   7.9749716e+01	   2.3449657e-02	   5.2089618e-13	
   2.7000000e-01	  -2.0552621e-01	   7.9377241e+01	   2.2870540e-02	   5.1984999e-13	
   2.8000000e-01	  -2.1406261e-01	   7.9355912e+01	   2.2321589e-02	   5.1882919e-13	
   2.9000000e-01	  -2.2243694e-01	   7.9631496e+01	   2.1799731e-02	   5.1782971e-13	
   3.0000000e-01	  -2.3109250e-01	   7.9433695e+01	   2.1302421e-02	   5.1679870e-13	
   3.1000000e-01	  -2.3975116e-01	   7.9233797e+01	   2.0827541e-02	   5.1576937e-13	
   3.2000000e-01	  -2.4826350e-01	   7.9308380e+01	   2.0373327e-02	   5.1475943e-13	
   3.3000000e-01	  -2.5679201e-01	   7.9362453e+01	   1.9938304e-02	   5.1374955e-13	
   3.4000000e-01	  -2.6538601e-01	   7.9308673e+01	   1.9521219e-02	   5.1273393e-13	
   3.5000000e-01	  -2.7401862e-01	   7.9192813e+01	   1.9120992e-02	   5.1171577e-13	
   3.6000000e-01	  -2.8262130e-01	   7.9139009e+01	   1.8736662e-02	   5.1070314e-13	
   3.7000000e-01	  -2.9111170e-01	   7.9298650e+01	   1.8367356e-02	   5.0970570e-13	
   3.8000000e-01	  -2.9967379e-01	   7.9334507e+01	   1.8012250e-02	   5.0870181e-13	
   3.9000000e-01	  -3.0842708e-01	   7.9029466e+01	   1.7670562e-02	   5.0767754e-13	
   4.0000000e-01	  -3.1704454e-01	   7.8978682e+01	   1.7341533e-02	   5.0667118e-13	
   4.1000000e-01	  -3.2550547e-01	   7.9226447e+01	   1.7024431e-02	   5.0568505e-13	
   4.2000000e-01	  -3.3408500e-01	   7.9259007e+01	   1.6718545e-02	   5.0468705e-13	
   4.3000000e-01	  -3.4280221e-01	   7.9046441e+01	   1.6423195e-02	   5.0367505e-13	
   4.4000000e-01	  -3.5150251e-01	   7.8862514e+01	   1.6137728e-02	   5.0266704e-13	
   4.5000000e-01	  -3.6002339e-01	   7.9026135e+01	   1.5861526e-02	   5.0168177e-13	
   4.6000000e-01	  -3.6856303e-01	   7.9153450e+01	   1.5594004e-02	   5.0069627e-13	
   4.7000000e-01	  -3.7730704e-01	   7.8905072e+01	   1.5334620e-02	   4.9968919e-13	
   4.8000000e-01	  -3.8597314e-01	   7.8802267e+01	   1.5082878e-02	   4.9869308e-13	
   4.9000000e-01	  -3.9449936e-01	   7.8972690e+01	   1.4838326e-02	   4.9771499e-13	
   5.0000000e-01	  -4.0309582e-01	   7.9010706e+01	   1.4600571e-02	   4.9673079e-13	
   5.1000000e-01	  -4.1178180e-01	   7.8883926e+01	   1.4369271e-02	   4.9573831e-13	
   5.2000000e-01	  -4.2047194e-01	   7.8749509e+01	   1.4144143e-02	   4.9474734e-13	
   5.3000000e-01	  -4.2908332e-01	   7.8772025e+01	   1.3924960e-02	   4.9376730e-13	
   5.4000000e-01	  -4.3766229e-01	   7.8860466e+01	   1.3711544e-02	   4.9279289e-13	
   5.5000000e-01	  -4.4629888e-01	   7.8841313e+01	   1.3503763e-02	   4.9181387e-13	
   5.6000000e-01	  -4.5496081e-01	   7.8776717e+01	   1.3301517e-02	   4.9083393e-13	
   5.7000000e-01	  -4.6362149e-01	   7.8717166e+01	   1.3104732e-02	   4.8985609e-13	
   5.8000000e-01	  -4.7227613e-01	   7.8672184e+01	   1.2913345e-02	   4.8888087e-13	
   5.9000000e-01	  -4.8090590e-01	   7.8679230e+01	   1.2727299e-02	   4.8791039e-13	
   6.0000000e-01	  -4.8950723e-01	   7.8744516e+01	   1.2546528e-02	   4.8694503e-13	
   6.1000000e-01	  -4.9812399e-01	   7.8781642e+01	   1.2370958e-02	   4.8597985e-13	
   6.2000000e-01	  -5.0682064e-01	   7.8666480e+01	   1.2200496e-02	   4.8500766e-13	
   6.3000000e-01	  -5.1551900e-01	   7.8547863e+01	   1.2035038e-02	   4.8403722e-13	
   6.4000000e-01	  -5.2412096e-01	   7.8624141e+01	   1.1874460e-02	   4.8307945e-13	
   6.5000000e-01	  -5.3271991e-01	   7.8707238e+01	   1.1718627e-02	   4.8212391e-13	
   6.6000000e-01	  -5.4139438e-01	   7.8645343e+01	   1.1567394e-02	   4.8116189e-13	
   6.7000000e-01	  -5.5009212e-01	   7.8539014e+01	   1.1420608e-02	   4.8019922e-13	
   6.8000000e-01	  -5.5875978e-01	   7.8494386e+01	   1.1278108e-02	   4.7924179e-13	
   6.9000000e-01	  -5.6737113e-01	   7.8565302e+01	   1.1139732e-02	   4.7829247e-13	
   7.0000000e-01	  -5.7598303e-01	   7.8636080e+01	   1.1005318e-02	   4.7734498e-13	
   7.1000000e-01	  -5.8468370e-01	   7.8534332e+01	   1.0874701e-02	   4.7638962e-13	
   7.2000000e-01	  -5.9340247e-01	   7.8395715e+01	   1.0747716e-02	   4.7543419e-13	
   7.3000000e-01	  -6.0203688e-01	   7.8430046e+01	   1.0624201e-02	   4.7448990e-13	
   7.4000000e-01	  -6.1064097e-01	   7.8526294e+01	   1.0503993e-02	   4.7355079e-13	
   7.5000000e-01	  -6.1928759e-01	   7.8538460e+01	   1.0386933e-02	   4.7260890e-13	
   7.6000000e-01	  -6.2797848e-01	   7.8464126e+01	   1.0272862e-02	   4.7166409e-13	
   7.7000000e-01	  -6.3668854e-01	   7.8350945e+01	   1.0161623e-02	   4.7071908e-13	
   7.8000000e-01	  -6.4535261e-01	   7.8332087e+01	   1.0053063e-02	   4.6978095e-13	
   7.9000000e-01	  -6.5395616e-01	   7.8437386e+01	   9.9470309e-03	   4.6885121e-13	
   8.0000000e-01	  -6.6259450e-01	   7.8472274e+01	   9.8433805e-03	   4.6791957e-13	
   8.1000000e-01	  -6.7130039e-01	   7.8372957e+01	   9.7419688e-03	   4.6698252e-13	
   8.2000000e-01	  -6.7999761e-01	   7.8290669e+01	   9.6426574e-03	   4.6604827e-13	
   8.3000000e-01	  -6.8865322e-01	   7.8294573e+01	   9.5453131e-03	   4.6512035e-13	
   8.4000000e-01	  -6.9729078e-01	   7.8336314e+01	   9.4498079e-03	   4.6419620e-13	
   8.5000000e-01	  -7.0593695e-01	   7.8361260e+01	   9.3560199e-03	   4.6327297e-13	
   8.6000000e-01	  -7.1462210e-01	   7.8308397e+01	   9.2638332e-03	   4.6234743e-13	
   8.7000000e-01	  -7.2332455e-01	   7.8220504e+01	   9.1731388e-03	   4.6142190e-13	
   8.8000000e-01	  -7.3198497e-01	   7.8220190e+01	   9.0838349e-03	   4.6050268e-13	
   8.9000000e-01	  -7.4061957e-01	   7.8273928e+01	   8.9958270e-03	   4.5958802e-13	
   9.0000000e-01	  -7.4928361e-01	   7.8268186e+01	   8.9090293e-03	   4.5867207e-13	
   9.1000000e-01	  -7.5797264e-01	   7.8212142e+01	   8.8233645e-03	   4.5775531e-13	
   9.2000000e-01	  -7.6665839e-01	   7.8163248e+01	   8.7387645e-03	   4.5684073e-13	
   9.3000000e-01	  -7.7532530e-01	   7.8154071e+01	   8.6551714e-03	   4.5592996e-13	
   9.4000000e-01	  -7.8396807e-01	   7.8195386e+01	   8.5725374e-03	   4.5502353e-13	
   9.5000000e-01	  -7.9262055e-01	   7.8216781e+01	   8.4908258e-03	   4.5411788e-13	
   9.6000000e-01	  -8.0131185e-01	   7.8158816e+01	   8.4100107e-03	   4.5320999e-13	
   9.7000000e-01	  -8.1000415e-01	   7.8098418e+01	   8.3300777e-03	   4.5230381e-13	
   9.8000000e-01	  -8.1866285e-01	   7.8108034e+01	   8.2510231e-03	   4.5140293e-13	
   9.9000000e-01	  -8.2731054e-01	   7.8140440e+01	   8.1728541e-03	   4.5050499e-13	
   1.0000000e+00	  -8.3597074e-01	   7.8146921e+01	   8.0955877e-03	   4.4960754e-13	
