   0.0000000e+00	   0.0000000e+00	   0.0000000e+00	   2.0988624e-01	   5.4504287e-13	
   1.0000000e-02	   2.7452783e-02	   8.8998319e+01	   1.5225138e-01	   5.4849912e-13	
   2.0000000e-02	   5.0412107e-02	   9.1905163e+01	   1.2388884e-01	   5.5140649e-13	
   3.0000000e-02	   6.0983704e-02	   9.2928311e+01	   1.0582039e-01	   5.5275035e-13	
   4.0000000e-02	   5.6328544e-02	   9.2754937e+01	   9.3045931e-02	   5.5215818e-13	
   5.0000000e-02	   5.0867257e-02	   9.2656384e+01	   8.3368793e-02	   5.5146428e-13	
   6.0000000e-02	   5.4340940e-02	   9.3398899e+01	   7.5802509e-02	   5.5190554e-13	
   7.0000000e-02	   4.9496873e-02	   9.3514756e+01	   6.9689174e-02	   5.5129029e-13	
   8.0000000e-02	   6.1998724e-02	   9.4747286e+01	   6.4582315e-02	   5.5287956e-13	
   9.0000000e-02	   1.1500590e-01	   9.7227811e+01	   6.0211041e-02	   5.5966900e-13	
   1.0000000e-01	   1.7352449e-01	   9.8935579e+01	   5.6425491e-02	   5.6726124e-13	
   1.1000000e-01	   2.4965913e-01	   1.0045775e+02	   5.3131858e-02	   5.7729337e-13	
   1.2000000e-01	   3.9967035e-01	   1.0242347e+02	   5.0249644e-02	   5.9758226e-13	
   1.3000000e-01	   6.7414282e-01	   1.0468756e+02	   4.7704363e-02	   6.3656820e-13	
   1.4000000e-01	   1.0649938e+00	   1.0678134e+02	   4.5433671e-02	   6.9651430e-13	
   1.5000000e-01	   1.5196381e+00	   1.0851040e+02	   4.3389443e-02	   7.7338273e-13	
   1.6000000e-01	   1.9840142e+00	   1.0988610e+02	   4.1535271e-02	   8.6066092e-13	
   1.7000000e-01	   2.4353857e+00	   1.1100322e+02	   3.9843241e-02	   9.5492493e-13	
   1.8000000e-01	   2.8913086e+00	   1.1198732e+02	   3.8291501e-02	   1.0606242e-12	
   1.9000000e-01	   3.3878794e+00	   1.1294323e+02	   3.6862520e-02	   1.1891006e-12	
   2.0000000e-01	   3.9568662e+00	   1.1393161e+02	   3.5541803e-02	   1.3555554e-12	
   2.1000000e-01	   4.6216310e+00	   1.1498227e+02	   3.4316980e-02	   1.5797696e-12	
   2.2000000e-01	   5.3975634e+00	   1.1610724e+02	   3.3177218e-02	   1.8888044e-12	
   2.3000000e-01	   6.2905743e+00	   1.1730615e+02	   3.2112867e-02	   2.3200006e-12	
   2.4000000e-01	   7.2955137e+00	   1.1856901e+02	   3.1115282e-02	   2.9240314e-12	
   2.5000000e-01	   8.3905708e+00	   1.1987206e+02	   3.0176779e-02	   3.7625973e-12	
   2.6000000e-01	   9.5333879e+00	   1.2117477e+02	   2.9290702e-02	   4.8951889e-12	
   2.7000000e-01	   1.0666930e+01	   1.2242585e+02	   2.8451525e-02	   6.3551183e-12	
   2.8000000e-01	   1.1730442e+01	   1.2357259e+02	   2.7654937e-02	   8.1184818e-12	
   2.9000000e-01	   1.2671069e+01	   1.2457043e+02	   2.6897832e-02	   1.0081788e-11	
   3.0000000e-01	   1.3457036e+01	   1.2539493e+02	   2.6178155e-02	   1.2081872e-11	
   3.1000000e-01	   1.4087628e+01	   1.2605137e+02	   2.5494619e-02	   1.3969904e-11	
   3.2000000e-01	   1.4591739e+01	   1.2657320e+02	   2.4846325e-02	   1.5689336e-11	
   3.3000000e-01	   1.5014936e+01	   1.2700932e+02	   2.4232390e-02	   1.7295147e-11	
   3.4000000e-01	   1.5402931e+01	   1.2740768e+02	   2.3651673e-02	   1.8911402e-11	
   3.5000000e-01	   1.5786223e+01	   1.2780003e+02	   2.3102644e-02	   2.0656320e-11	
   3.6000000e-01	   1.6168552e+01	   1.2819048e+02	   2.2583396e-02	   2.2557234e-11	
   3.7000000e-01	   1.6529633e+01	   1.2855857e+02	   2.2091750e-02	   2.4512861e-11	
   3.8000000e-01	   1.6846182e+01	   1.2888077e+02	   2.1625394e-02	   2.6366280e-11	
   3.9000000e-01	   1.7111761e+01	   1.2915077e+02	   2.1182011e-02	   2.8028948e-11	
   4.0000000e-01	   1.7335325e+01	   1.2937781e+02	   2.0759384e-02	   2.9509589e-11	
   4.1000000e-01	   1.7525514e+01	   1.2957070e+02	   2.0355455e-02	   3.0830608e-11	
   4.2000000e-01	   1.7683441e+01	   1.2973057e+02	   1.9968359e-02	   3.1972366e-11	
   4.3000000e-01	   1.7809792e+01	   1.2985813e+02	   1.9596434e-02	   3.2916214e-11	
   4.4000000e-01	   1.7910817e+01	   1.2995976e+02	   1.9238223e-02	   3.3690883e-11	
   4.5000000e-01	   1.7993524e+01	   1.3004262e+02	   1.8892461e-02	   3.4338636e-11	
   4.6000000e-01	   1.8058562e+01	   1.3010747e+02	   1.8558068e-02	   3.4856751e-11	
   4.7000000e-01	   1.8101092e+01	   1.3014947e+02	   1.8234139e-02	   3.5199775e-11	
   4.8000000e-01	   1.8117685e+01	   1.3016520e+02	   1.7919934e-02	   3.5334514e-11	
   4.9000000e-01	   1.8111393e+01	   1.3015781e+02	   1.7614872e-02	   3.5283365e-11	
   5.0000000e-01	   1.8091286e+01	   1.3013656e+02	   1.7318515e-02	   3.5120381e-11	
   5.1000000e-01	   1.8067920e+01	   1.3011218e+02	   1.7030555e-02	   3.4931937e-11	
   5.2000000e-01	   1.8048877e+01	   1.3009239e+02	   1.6750791e-02	   3.4779098e-11	
   5.3000000e-01	   1.8037526e+01	   1.3008059e+02	   1.6479107e-02	   3.4688321e-11	
   5.4000000e-01	   1.8033913e+01	   1.3007678e+02	   1.6215440e-02	   3.4659477e-11	
   5.5000000e-01	   1.8035187e+01	   1.3007803e+02	   1.5959747e-02	   3.4669644e-11	
   5.6000000e-01	   1.8036784e+01	   1.3007963e+02	   1.5711982e-02	   3.4682395e-11	
   5.7000000e-01	   1.8035928e+01	   1.3007874e+02	   1.5472069e-02	   3.4675562e-11	
   5.8000000e-01	   1.8034087e+01	   1.3007686e+02	   1.5239884e-02	   3.4660863e-11	
   5.9000000e-01	   1.8034955e+01	   1.3007774e+02	   1.5015254e-02	   3.4667786e-11	
   6.0000000e-01	   1.8040694e+01	   1.3008361e+02	   1.4797950e-02	   3.4713629e-11	
   6.1000000e-01	   1.8050907e+01	   1.3009407e+02	   1.4587695e-02	   3.4795358e-11	
   6.2000000e-01	   1.8064038e+01	   1.3010755e+02	   1.4384177e-02	   3.4900726e-11	
   6.3000000e-01	   1.8078507e+01	   1.3012241e+02	   1.4187057e-02	   3.5017196e-11	
   6.4000000e-01	   1.8093038e+01	   1.3013736e+02	   1.3995981e-02	   3.5134558e-11	
   6.5000000e-01	   1.8106770e+01	   1.3015149e+02	   1.3810596e-02	   3.5245825e-11	
   6.6000000e-01	   1.8118943e+01	   1.3016401e+02	   1.3630551e-02	   3.5344758e-11	
   6.7000000e-01	   1.8128279e+01	   1.3017362e+02	   1.3455511e-02	   3.5420814e-11	
   6.8000000e-01	   1.8132830e+01	   1.3017833e+02	   1.3285157e-02	   3.5457951e-11	
   6.9000000e-01	   1.8130511e+01	   1.3017605e+02	   1.3119192e-02	   3.5439027e-11	
   7.0000000e-01	   1.8119915e+01	   1.3016534e+02	   1.2957339e-02	   3.5352662e-11	
   7.1000000e-01	   1.8101177e+01	   1.3014636e+02	   1.2799345e-02	   3.5200460e-11	
   7.2000000e-01	   1.8076428e+01	   1.3012128e+02	   1.2644979e-02	   3.5000434e-11	
   7.3000000e-01	   1.8049076e+01	   1.3009357e+02	   1.2494032e-02	   3.4780694e-11	
   7.4000000e-01	   1.8022190e+01	   1.3006634e+02	   1.2346317e-02	   3.4566045e-11	
   7.5000000e-01	   1.7997354e+01	   1.3004121e+02	   1.2201666e-02	   3.4368932e-11	
   7.6000000e-01	   1.7974780e+01	   1.3001838e+02	   1.2059931e-02	   3.4190751e-11	
   7.7000000e-01	   1.7954125e+01	   1.2999750e+02	   1.1920983e-02	   3.4028525e-11	
   7.8000000e-01	   1.7935119e+01	   1.2997828e+02	   1.1784711e-02	   3.3879931e-11	
   7.9000000e-01	   1.7917702e+01	   1.2996068e+02	   1.1651020e-02	   3.3744334e-11	
   8.0000000e-01	   1.7901820e+01	   1.2994464e+02	   1.1519829e-02	   3.3621157e-11	
   8.1000000e-01	   1.7887249e+01	   1.2992993e+02	   1.1391073e-02	   3.3508547e-11	
   8.2000000e-01	   1.7873707e+01	   1.2991627e+02	   1.1264699e-02	   3.3404219e-11	
   8.3000000e-01	   1.7861036e+01	   1.2990351e+02	   1.1140662e-02	   3.3306904e-11	
   8.4000000e-01	   1.7849186e+01	   1.2989158e+02	   1.1018928e-02	   3.3216149e-11	
   8.5000000e-01	   1.7838063e+01	   1.2988040e+02	   1.0899468e-02	   3.3131185e-11	
   8.6000000e-01	   1.7827515e+01	   1.2986981e+02	   1.0782258e-02	   3.3050816e-11	
   8.7000000e-01	   1.7817515e+01	   1.2985978e+02	   1.0667275e-02	   3.2974800e-11	
   8.8000000e-01	   1.7808382e+01	   1.2985063e+02	   1.0554498e-02	   3.2905526e-11	
   8.9000000e-01	   1.7800736e+01	   1.2984299e+02	   1.0443906e-02	   3.2847648e-11	
   9.0000000e-01	   1.7795006e+01	   1.2983730e+02	   1.0335475e-02	   3.2804335e-11	
   9.1000000e-01	   1.7790888e+01	   1.2983325e+02	   1.0229178e-02	   3.2773245e-11	
   9.2000000e-01	   1.7787394e+01	   1.2982983e+02	   1.0124987e-02	   3.2746893e-11	
   9.3000000e-01	   1.7783418e+01	   1.2982592e+02	   1.0022869e-02	   3.2716921e-11	
   9.4000000e-01	   1.7778193e+01	   1.2982074e+02	   9.9227900e-03	   3.2677584e-11	
   9.5000000e-01	   1.7771417e+01	   1.2981399e+02	   9.8247121e-03	   3.2626638e-11	
   9.6000000e-01	   1.7763205e+01	   1.2980578e+02	   9.7285962e-03	   3.2565007e-11	
   9.7000000e-01	   1.7753954e+01	   1.2979652e+02	   9.6344013e-03	   3.2495713e-11	
   9.8000000e-01	   1.7744090e+01	   1.2978663e+02	   9.5420859e-03	   3.2421987e-11	
   9.9000000e-01	   1.7733884e+01	   1.2977640e+02	   9.4516079e-03	   3.2345887e-11	
   1.0000000e+00	   1.7723469e+01	   1.2976594e+02	   9.3629254e-03	   3.2268406e-11	
