   0.0000000e+00	   0.0000000e+00	   0.0000000e+00	   1.0494312e-01	   5.4504287e-13	
   1.0000000e-02	   2.5809701e-03	   8.3802956e+01	   8.8456638e-02	   5.4536688e-13	
   2.0000000e-02	  -5.5892992e-03	   8.0784494e+01	   7.7158877e-02	   5.4434186e-13	
   3.0000000e-02	  -1.1171863e-02	   8.1038826e+01	   6.8859543e-02	   5.4364259e-13	
   4.0000000e-02	  -1.7236235e-02	   8.1384554e+01	   6.2395277e-02	   5.4288399e-13	
   5.0000000e-02	  -2.4633096e-02	   8.0641097e+01	   5.7263884e-02	   5.4196014e-13	
   6.0000000e-02	  -2.9202467e-02	   8.3292347e+01	   5.3080001e-02	   5.4139023e-13	
   7.0000000e-02	  -4.0079019e-02	   7.9347025e+01	   4.9544675e-02	   5.4003606e-13	
   8.0000000e-02	  -4.7656358e-02	   7.9508775e+01	   4.6493515e-02	   5.3909465e-13	
   9.0000000e-02	  -5.3683559e-02	   8.1942272e+01	   4.3844159e-02	   5.3834701e-13	
   1.0000000e-01	  -6.3890390e-02	   7.8677750e+01	   4.1536390e-02	   5.3708327e-13	
   1.1000000e-01	  -7.0615897e-02	   8.0923547e+01	   3.9510630e-02	   5.3625218e-13	
   1.2000000e-01	  -7.8599684e-02	   8.1135194e+01	   3.7711413e-02	   5.3526727e-13	
   1.3000000e-01	  -8.8310544e-02	   7.8723121e+01	   3.6092767e-02	   5.3407175e-13	
   1.4000000e-01	  -9.5283280e-02	   8.0840069e+01	   3.4619080e-02	   5.3321497e-13	
   1.5000000e-01	  -1.0400589e-01	   8.0213462e+01	   3.3263979e-02	   5.3214510e-13	
   1.6000000e-01	  -1.1268652e-01	   7.9604250e+01	   3.2009091e-02	   5.3108252e-13	
   1.7000000e-01	  -1.2029299e-01	   8.0705994e+01	   3.0842765e-02	   5.3015317e-13	
   1.8000000e-01	  -1.2921862e-01	   7.9853284e+01	   2.9758264e-02	   5.2906471e-13	
   1.9000000e-01	  -1.3773614e-01	   7.9610302e+01	   2.8751426e-02	   5.2802811e-13	
   2.0000000e-01	  -1.4598984e-01	   7.9846739e+01	   2.7818429e-02	   5.2702556e-13	
   2.1000000e-01	  -1.5467685e-01	   7.9381112e+01	   2.6954462e-02	   5.2597242e-13	
   2.2000000e-01	  -1.6254082e-01	   8.0311210e+01	   2.6153508e-02	   5.2502088e-13	
   2.3000000e-01	  -1.7134940e-01	   7.9763263e+01	   2.5408888e-02	   5.2395709e-13	
   2.4000000e-01	  -1.8013349e-01	   7.9218198e+01	   2.4713961e-02	   5.2289840e-13	
   2.5000000e-01	  -1.8835438e-01	   7.9693441e+01	   2.4062645e-02	   5.2190952e-13	
   2.6000000e-01	  -1.9686782e-01	   7.9675448e+01	   2.3449657e-02	   5.2088743e-13	
   2.7000000e-01	  -2.0560577e-01	   7.9283860e+01	   2.2870540e-02	   5.1984046e-13	
   2.8000000e-01	  -2.1405875e-01	   7.9413032e+01	   2.2321589e-02	   5.1882965e-13	
   2.9000000e-01	  -2.2247655e-01	   7.9612715e+01	   2.1799731e-02	   5.1782499e-13	
   3.0000000e-01	  -2.3118201e-01	   7.9324672e+01	   2.1302421e-02	   5.1678804e-13	
   3.1000000e-01	  -2.3979220e-01	   7.9210079e+01	   2.0827541e-02	   5.1576449e-13	
   3.2000000e-01	  -2.4828679e-01	   7.9317413e+01	   2.0373327e-02	   5.1475667e-13	
   3.3000000e-01	  -2.5683709e-01	   7.9332693e+01	   1.9938304e-02	   5.1374422e-13	
   3.4000000e-01	  -2.6544749e-01	   7.9248812e+01	   1.9521219e-02	   5.1272667e-13	
   3.5000000e-01	  -2.7407486e-01	   7.9141107e+01	   1.9120992e-02	   5.1170914e-13	
   3.6000000e-01	  -2.8264191e-01	   7.9153353e+01	   1.8736662e-02	   5.1070072e-13	
   3.7000000e-01	  -2.9113122e-01	   7.9314778e+01	   1.8367356e-02	   5.0970341e-13	
   3.8000000e-01	  -2.9976914e-01	   7.9214664e+01	   1.8012250e-02	   5.0869064e-13	
   3.9000000e-01	  -3.0850650e-01	   7.8931579e+01	   1.7670562e-02	   5.0766826e-13	
   4.0000000e-01	  -3.1703407e-01	   7.9052562e+01	   1.7341533e-02	   5.0667241e-13	
   4.1000000e-01	  -3.2551645e-01	   7.9258388e+01	   1.7024431e-02	   5.0568377e-13	
   4.2000000e-01	  -3.3416617e-01	   7.9164326e+01	   1.6718545e-02	   5.0467762e-13	
   4.3000000e-01	  -3.4289752e-01	   7.8919633e+01	   1.6423195e-02	   5.0366400e-13	
   4.4000000e-01	  -3.5152714e-01	   7.8870120e+01	   1.6137728e-02	   5.0266419e-13	
   4.5000000e-01	  -3.6001146e-01	   7.9101760e+01	   1.5861526e-02	   5.0168315e-13	
   4.6000000e-01	  -3.6864213e-01	   7.9061160e+01	   1.5594004e-02	   5.0068715e-13	
   4.7000000e-01	  -3.7739590e-01	   7.8787843e+01	   1.5334620e-02	   4.9967897e-13	
   4.8000000e-01	  -3.8597744e-01	   7.8849763e+01	   1.5082878e-02	   4.9869259e-13	
   4.9000000e-01	  -3.9451320e-01	   7.9000836e+01	   1.4838326e-02	   4.9771341e-13	
   5.0000000e-01	  -4.0316508e-01	   7.8934847e+01	   1.4600571e-02	   4.9672286e-13	
   5.1000000e-01	  -4.1186511e-01	   7.8778344e+01	   1.4369271e-02	   4.9572880e-13	
   5.2000000e-01	  -4.2051568e-01	   7.8719978e+01	   1.4144143e-02	   4.9474235e-13	
   5.3000000e-01	  -4.2908827e-01	   7.8818697e+01	   1.3924960e-02	   4.9376674e-13	
   5.4000000e-01	  -4.3769325e-01	   7.8856856e+01	   1.3711544e-02	   4.9278937e-13	
   5.5000000e-01	  -4.4636178e-01	   7.8776020e+01	   1.3503763e-02	   4.9180675e-13	
   5.6000000e-01	  -4.5502568e-01	   7.8706670e+01	   1.3301517e-02	   4.9082660e-13	
   5.7000000e-01	  -4.6367689e-01	   7.8665183e+01	   1.3104732e-02	   4.8984984e-13	
   5.8000000e-01	  -4.7231213e-01	   7.8658526e+01	   1.2913345e-02	   4.8887682e-13	
   5.9000000e-01	  -4.8092455e-01	   7.8699956e+01	   1.2727299e-02	   4.8790830e-13	
   6.0000000e-01	  -4.8953301e-01	   7.8751254e+01	   1.2546528e-02	   4.8694214e-13	
   6.1000000e-01	  -4.9819695e-01	   7.8696878e+01	   1.2370958e-02	   4.8597168e-13	
   6.2000000e-01	  -5.0690730e-01	   7.8551795e+01	   1.2200496e-02	   4.8499798e-13	
   6.3000000e-01	  -5.1554218e-01	   7.8559875e+01	   1.2035038e-02	   4.8403464e-13	
   6.4000000e-01	  -5.2412221e-01	   7.8679265e+01	   1.1874460e-02	   4.8307931e-13	
   6.5000000e-01	  -5.3277274e-01	   7.8661415e+01	   1.1718627e-02	   4.8211804e-13	
   6.6000000e-01	  -5.4147288e-01	   7.8547631e+01	   1.1567394e-02	   4.8115319e-13	
   6.7000000e-01	  -5.5014905e-01	   7.8483061e+01	   1.1420608e-02	   4.8019292e-13	
   6.8000000e-01	  -5.5877601e-01	   7.8520696e+01	   1.1278108e-02	   4.7924000e-13	
   6.9000000e-01	  -5.6738056e-01	   7.8604754e+01	   1.1139732e-02	   4.7829143e-13	
   7.0000000e-01	  -5.7605383e-01	   7.8554543e+01	   1.1005318e-02	   4.7733719e-13	
   7.1000000e-01	  -5.8477980e-01	   7.8399097e+01	   1.0874701e-02	   4.7637908e-13	
   7.2000000e-01	  -5.9343386e-01	   7.8391321e+01	   1.0747716e-02	   4.7543076e-13	
   7.3000000e-01	  -6.0203095e-01	   7.8501174e+01	   1.0624201e-02	   4.7449055e-13	
   7.4000000e-01	  -6.1067014e-01	   7.8526733e+01	   1.0503993e-02	   4.7354761e-13	
   7.5000000e-01	  -6.1935948e-01	   7.8453615e+01	   1.0386933e-02	   4.7260108e-13	
   7.6000000e-01	  -6.2806497e-01	   7.8347801e+01	   1.0272862e-02	   4.7165470e-13	
   7.7000000e-01	  -6.3673654e-01	   7.8312115e+01	   1.0161623e-02	   4.7071388e-13	
   7.8000000e-01	  -6.4534516e-01	   7.8406957e+01	   1.0053063e-02	   4.6978175e-13	
   7.9000000e-01	  -6.5397155e-01	   7.8465161e+01	   9.9470309e-03	   4.6884955e-13	
   8.0000000e-01	  -6.6267472e-01	   7.8369826e+01	   9.8433805e-03	   4.6791093e-13	
   8.1000000e-01	  -6.7137999e-01	   7.8269463e+01	   9.7419688e-03	   4.6697396e-13	
   8.2000000e-01	  -6.8003356e-01	   7.8276619e+01	   9.6426574e-03	   4.6604441e-13	
   8.3000000e-01	  -6.8866805e-01	   7.8324027e+01	   9.5453131e-03	   4.6511876e-13	
   8.4000000e-01	  -6.9731549e-01	   7.8345584e+01	   9.4498079e-03	   4.6419356e-13	
   8.5000000e-01	  -7.0599727e-01	   7.8298236e+01	   9.3560199e-03	   4.6326654e-13	
   8.6000000e-01	  -7.1469940e-01	   7.8209467e+01	   9.2638332e-03	   4.6233920e-13	
   8.7000000e-01	  -7.2336359e-01	   7.8200312e+01	   9.1731388e-03	   4.6141775e-13	
   8.8000000e-01	  -7.3199555e-01	   7.8259041e+01	   9.0838349e-03	   4.6050156e-13	
   8.9000000e-01	  -7.4065764e-01	   7.8256419e+01	   8.9958270e-03	   4.5958399e-13	
   9.0000000e-01	  -7.4934981e-01	   7.8192720e+01	   8.9090293e-03	   4.5866508e-13	
   9.1000000e-01	  -7.5803378e-01	   7.8146476e+01	   8.8233645e-03	   4.5774887e-13	
   9.2000000e-01	  -7.6669723e-01	   7.8143906e+01	   8.7387645e-03	   4.5683665e-13	
   9.3000000e-01	  -7.7534226e-01	   7.8180323e+01	   8.6551714e-03	   4.5592818e-13	
   9.4000000e-01	  -7.8399737e-01	   7.8196098e+01	   8.5725374e-03	   4.5502046e-13	
   9.5000000e-01	  -7.9268939e-01	   7.8135845e+01	   8.4908258e-03	   4.5411068e-13	
   9.6000000e-01	  -8.0138126e-01	   7.8075616e+01	   8.4100107e-03	   4.5320275e-13	
   9.7000000e-01	  -8.1003573e-01	   7.8094077e+01	   8.3300777e-03	   4.5230052e-13	
   9.8000000e-01	  -8.1868090e-01	   7.8131830e+01	   8.2510231e-03	   4.5140106e-13	
   9.9000000e-01	  -8.2734560e-01	   7.8128910e+01	   8.1728541e-03	   4.5050135e-13	
   1.0000000e+00	  -8.3602608e-01	   7.8093306e+01	   8.0955877e-03	   4.4960181e-13	
