   0.0000000e+00	   0.0000000e+00	   0.0000000e+00	   1.0494312e-01	   5.4504287e-13	
   1.0000000e-02	   1.5793858e-03	   8.2836030e+01	   8.8456638e-02	   5.4524112e-13	
   2.0000000e-02	   1.4699631e-02	   8.9378814e+01	   7.7158877e-02	   5.4689081e-13	
   3.0000000e-02	   4.0159624e-02	   9.3104489e+01	   6.8859543e-02	   5.5010630e-13	
   4.0000000e-02	   6.9199491e-02	   9.5295992e+01	   6.2395277e-02	   5.5379701e-13	
   5.0000000e-02	   1.1644618e-01	   9.7370912e+01	   5.7263884e-02	   5.5985463e-13	
   6.0000000e-02	   1.8771840e-01	   9.9299091e+01	   5.3080001e-02	   5.6911823e-13	
   7.0000000e-02	   2.7450685e-01	   1.0087991e+02	   4.9544675e-02	   5.8060577e-13	
   8.0000000e-02	   3.4898519e-01	   1.0192255e+02	   4.6493515e-02	   5.9064860e-13	
   9.0000000e-02	   4.7079303e-01	   1.0320875e+02	   4.3844159e-02	   6.0744920e-13	
   1.0000000e-01	   5.9405256e-01	   1.0423595e+02	   4.1536390e-02	   6.2493654e-13	
   1.1000000e-01	   6.6617008e-01	   1.0477316e+02	   3.9510630e-02	   6.3540067e-13	
   1.2000000e-01	   7.4258576e-01	   1.0528414e+02	   3.7711413e-02	   6.4667971e-13	
   1.3000000e-01	   8.8649654e-01	   1.0609235e+02	   3.6092767e-02	   6.6846753e-13	
   1.4000000e-01	   1.0842099e+00	   1.0702169e+02	   3.4619080e-02	   6.9960298e-13	
   1.5000000e-01	   1.2755223e+00	   1.0779323e+02	   3.3263979e-02	   7.3111027e-13	
   1.6000000e-01	   1.4167520e+00	   1.0830684e+02	   3.2009091e-02	   7.5527630e-13	
   1.7000000e-01	   1.5089031e+00	   1.0862336e+02	   3.0842765e-02	   7.7147342e-13	
   1.8000000e-01	   1.5863113e+00	   1.0887760e+02	   2.9758264e-02	   7.8534736e-13	
   1.9000000e-01	   1.6836559e+00	   1.0917974e+02	   2.8751426e-02	   8.0314923e-13	
   2.0000000e-01	   1.8184494e+00	   1.0957288e+02	   2.7818429e-02	   8.2846773e-13	
   2.1000000e-01	   2.0052159e+00	   1.1007975e+02	   2.6954462e-02	   8.6487282e-13	
   2.2000000e-01	   2.2693955e+00	   1.1073650e+02	   2.6153508e-02	   9.1911576e-13	
   2.3000000e-01	   2.6344318e+00	   1.1155510e+02	   2.5408888e-02	   9.9970954e-13	
   2.4000000e-01	   3.0946906e+00	   1.1247971e+02	   2.4713961e-02	   1.1114750e-12	
   2.5000000e-01	   3.6025283e+00	   1.1339956e+02	   2.4062645e-02	   1.2493482e-12	
   2.6000000e-01	   4.0859205e+00	   1.1420337e+02	   2.3449657e-02	   1.3964414e-12	
   2.7000000e-01	   4.4848678e+00	   1.1482637e+02	   2.2870540e-02	   1.5307964e-12	
   2.8000000e-01	   4.7771086e+00	   1.1526411e+02	   2.2321589e-02	   1.6373500e-12	
   2.9000000e-01	   4.9782525e+00	   1.1555794e+02	   2.1799731e-02	   1.7149675e-12	
   3.0000000e-01	   5.1239441e+00	   1.1576777e+02	   2.1302421e-02	   1.7734750e-12	
   3.1000000e-01	   5.2464531e+00	   1.1594248e+02	   2.0827541e-02	   1.8242148e-12	
   3.2000000e-01	   5.3550059e+00	   1.1609603e+02	   2.0373327e-02	   1.8703860e-12	
   3.3000000e-01	   5.4328383e+00	   1.1620595e+02	   1.9938304e-02	   1.9042084e-12	
   3.4000000e-01	   5.4576197e+00	   1.1624255e+02	   1.9521219e-02	   1.9151052e-12	
   3.5000000e-01	   5.4273398e+00	   1.1620358e+02	   1.9120992e-02	   1.9017991e-12	
   3.6000000e-01	   5.3659070e+00	   1.1612148e+02	   1.8736662e-02	   1.8750867e-12	
   3.7000000e-01	   5.3050414e+00	   1.1603962e+02	   1.8367356e-02	   1.8489910e-12	
   3.8000000e-01	   5.2623874e+00	   1.1598263e+02	   1.8012250e-02	   1.8309201e-12	
   3.9000000e-01	   5.2371796e+00	   1.1594982e+02	   1.7670562e-02	   1.8203237e-12	
   4.0000000e-01	   5.2254279e+00	   1.1593584e+02	   1.7341533e-02	   1.8154047e-12	
   4.1000000e-01	   5.2339399e+00	   1.1595019e+02	   1.7024431e-02	   1.8189663e-12	
   4.2000000e-01	   5.2721283e+00	   1.1600574e+02	   1.6718545e-02	   1.8350313e-12	
   4.3000000e-01	   5.3322445e+00	   1.1609129e+02	   1.6423195e-02	   1.8606090e-12	
   4.4000000e-01	   5.3904400e+00	   1.1617370e+02	   1.6137728e-02	   1.8857090e-12	
   4.5000000e-01	   5.4292352e+00	   1.1622923e+02	   1.5861526e-02	   1.9026293e-12	
   4.6000000e-01	   5.4486490e+00	   1.1625822e+02	   1.5594004e-02	   1.9111534e-12	
   4.7000000e-01	   5.4559148e+00	   1.1627068e+02	   1.5334620e-02	   1.9143535e-12	
   4.8000000e-01	   5.4552441e+00	   1.1627244e+02	   1.5082878e-02	   1.9140579e-12	
   4.9000000e-01	   5.4484235e+00	   1.1626596e+02	   1.4838326e-02	   1.9110542e-12	
   5.0000000e-01	   5.4361084e+00	   1.1625213e+02	   1.4600571e-02	   1.9056428e-12	
   5.1000000e-01	   5.4172017e+00	   1.1622943e+02	   1.4369271e-02	   1.8973647e-12	
   5.2000000e-01	   5.3928250e+00	   1.1619932e+02	   1.4144143e-02	   1.8867448e-12	
   5.3000000e-01	   5.3696849e+00	   1.1617087e+02	   1.3924960e-02	   1.8767186e-12	
   5.4000000e-01	   5.3544338e+00	   1.1615313e+02	   1.3711544e-02	   1.8701397e-12	
   5.5000000e-01	   5.3466451e+00	   1.1614553e+02	   1.3503763e-02	   1.8667887e-12	
   5.6000000e-01	   5.3413942e+00	   1.1614138e+02	   1.3301517e-02	   1.8645330e-12	
   5.7000000e-01	   5.3362761e+00	   1.1613742e+02	   1.3104732e-02	   1.8623370e-12	
   5.8000000e-01	   5.3322578e+00	   1.1613496e+02	   1.2913345e-02	   1.8606147e-12	
   5.9000000e-01	   5.3295372e+00	   1.1613429e+02	   1.2727299e-02	   1.8594495e-12	
   6.0000000e-01	   5.3261273e+00	   1.1613271e+02	   1.2546528e-02	   1.8579901e-12	
   6.1000000e-01	   5.3205555e+00	   1.1612821e+02	   1.2370958e-02	   1.8556079e-12	
   6.2000000e-01	   5.3136159e+00	   1.1612186e+02	   1.2200496e-02	   1.8526452e-12	
   6.3000000e-01	   5.3066132e+00	   1.1611542e+02	   1.2035038e-02	   1.8496603e-12	
   6.4000000e-01	   5.2995911e+00	   1.1610896e+02	   1.1874460e-02	   1.8466720e-12	
   6.5000000e-01	   5.2924685e+00	   1.1610237e+02	   1.1718627e-02	   1.8436459e-12	
   6.6000000e-01	   5.2862482e+00	   1.1609700e+02	   1.1567394e-02	   1.8410072e-12	
   6.7000000e-01	   5.2815290e+00	   1.1609367e+02	   1.1420608e-02	   1.8390078e-12	
   6.8000000e-01	   5.2770229e+00	   1.1609063e+02	   1.1278108e-02	   1.8371006e-12	
   6.9000000e-01	   5.2707991e+00	   1.1608526e+02	   1.1139732e-02	   1.8344698e-12	
   7.0000000e-01	   5.2622835e+00	   1.1607678e+02	   1.1005318e-02	   1.8308763e-12	
   7.1000000e-01	   5.2525209e+00	   1.1606660e+02	   1.0874701e-02	   1.8267653e-12	
   7.2000000e-01	   5.2428988e+00	   1.1605662e+02	   1.0747716e-02	   1.8227224e-12	
   7.3000000e-01	   5.2336231e+00	   1.1604711e+02	   1.0624201e-02	   1.8188336e-12	
   7.4000000e-01	   5.2235517e+00	   1.1603652e+02	   1.0503993e-02	   1.8146206e-12	
   7.5000000e-01	   5.2120432e+00	   1.1602399e+02	   1.0386933e-02	   1.8098183e-12	
   7.6000000e-01	   5.2004079e+00	   1.1601128e+02	   1.0272862e-02	   1.8049761e-12	
   7.7000000e-01	   5.1904898e+00	   1.1600091e+02	   1.0161623e-02	   1.8008587e-12	
   7.8000000e-01	   5.1823733e+00	   1.1599297e+02	   1.0053063e-02	   1.7974962e-12	
   7.9000000e-01	   5.1746551e+00	   1.1598558e+02	   9.9470309e-03	   1.7943046e-12	
   8.0000000e-01	   5.1665121e+00	   1.1597762e+02	   9.8433805e-03	   1.7909434e-12	
   8.1000000e-01	   5.1583302e+00	   1.1596960e+02	   9.7419688e-03	   1.7875726e-12	
   8.2000000e-01	   5.1504142e+00	   1.1596195e+02	   9.6426574e-03	   1.7843173e-12	
   8.3000000e-01	   5.1421270e+00	   1.1595380e+02	   9.5453131e-03	   1.7809157e-12	
   8.4000000e-01	   5.1327777e+00	   1.1594421e+02	   9.4498079e-03	   1.7770860e-12	
   8.5000000e-01	   5.1228014e+00	   1.1593377e+02	   9.3560199e-03	   1.7730084e-12	
   8.6000000e-01	   5.1133091e+00	   1.1592398e+02	   9.2638332e-03	   1.7691374e-12	
   8.7000000e-01	   5.1046398e+00	   1.1591531e+02	   9.1731388e-03	   1.7656094e-12	
   8.8000000e-01	   5.0961819e+00	   1.1590693e+02	   9.0838349e-03	   1.7621743e-12	
   8.9000000e-01	   5.0876631e+00	   1.1589846e+02	   8.9958270e-03	   1.7587211e-12	
   9.0000000e-01	   5.0797140e+00	   1.1589076e+02	   8.9090293e-03	   1.7555050e-12	
   9.1000000e-01	   5.0727978e+00	   1.1588447e+02	   8.8233645e-03	   1.7527115e-12	
   9.2000000e-01	   5.0662302e+00	   1.1587864e+02	   8.7387645e-03	   1.7500630e-12	
   9.3000000e-01	   5.0587856e+00	   1.1587163e+02	   8.6551714e-03	   1.7470656e-12	
   9.4000000e-01	   5.0500441e+00	   1.1586286e+02	   8.5725374e-03	   1.7435527e-12	
   9.5000000e-01	   5.0406963e+00	   1.1585326e+02	   8.4908258e-03	   1.7398039e-12	
   9.6000000e-01	   5.0315170e+00	   1.1584389e+02	   8.4100107e-03	   1.7361305e-12	
   9.7000000e-01	   5.0224756e+00	   1.1583471e+02	   8.3300777e-03	   1.7325198e-12	
   9.8000000e-01	   5.0131189e+00	   1.1582511e+02	   8.2510231e-03	   1.7287912e-12	
   9.9000000e-01	   5.0034523e+00	   1.1581508e+02	   8.1728541e-03	   1.7249475e-12	
   1.0000000e+00	   4.9939869e+00	   1.1580533e+02	   8.0955877e-03	   1.7211921e-12	
