   0.0000000e+00	   0.0000000e+00	   0.0000000e+00	   2.0988624e-01	   5.4504287e-13	
   1.0000000e-02	   2.7940573e-02	   8.9115280e+01	   1.5225138e-01	   5.4856073e-13	
   2.0000000e-02	   5.1952780e-02	   9.2084531e+01	   1.2388884e-01	   5.5160213e-13	
   3.0000000e-02	   6.6038051e-02	   9.3353762e+01	   1.0582039e-01	   5.5339402e-13	
   4.0000000e-02	   6.6545271e-02	   9.3589161e+01	   9.3045931e-02	   5.5345866e-13	
   5.0000000e-02	   6.6265544e-02	   9.3876165e+01	   8.3368793e-02	   5.5342301e-13	
   6.0000000e-02	   7.6331918e-02	   9.4830491e+01	   7.5802509e-02	   5.5470726e-13	
   7.0000000e-02	   7.9779541e-02	   9.5339727e+01	   6.9689174e-02	   5.5514779e-13	
   8.0000000e-02	   1.0075347e-01	   9.6524836e+01	   6.4582315e-02	   5.5783532e-13	
   9.0000000e-02	   1.7648430e-01	   9.8870904e+01	   6.0211041e-02	   5.6764797e-13	
   1.0000000e-01	   2.5748259e-01	   1.0049098e+02	   5.6425491e-02	   5.7833426e-13	
   1.1000000e-01	   3.5671134e-01	   1.0190373e+02	   5.3131858e-02	   5.9170031e-13	
   1.2000000e-01	   5.4668424e-01	   1.0375678e+02	   5.0249644e-02	   6.1815742e-13	
   1.3000000e-01	   8.8907686e-01	   1.0594318e+02	   4.7704363e-02	   6.6886481e-13	
   1.4000000e-01	   1.3781896e+00	   1.0803247e+02	   4.5433671e-02	   7.4859965e-13	
   1.5000000e-01	   1.9558136e+00	   1.0981861e+02	   4.3389443e-02	   8.5509037e-13	
   1.6000000e-01	   2.5593485e+00	   1.1129042e+02	   4.1535271e-02	   9.8257455e-13	
   1.7000000e-01	   3.1654019e+00	   1.1253466e+02	   3.9843241e-02	   1.1297201e-12	
   1.8000000e-01	   3.7991951e+00	   1.1367532e+02	   3.8291501e-02	   1.3072245e-12	
   1.9000000e-01	   4.5011742e+00	   1.1480844e+02	   3.6862520e-02	   1.5365549e-12	
   2.0000000e-01	   5.3006489e+00	   1.1598308e+02	   3.5541803e-02	   1.8471219e-12	
   2.1000000e-01	   6.2153251e+00	   1.1722152e+02	   3.4316980e-02	   2.2801487e-12	
   2.2000000e-01	   7.2505258e+00	   1.1852874e+02	   3.3177218e-02	   2.8938981e-12	
   2.3000000e-01	   8.3973373e+00	   1.1989583e+02	   3.2112867e-02	   3.7684642e-12	
   2.4000000e-01	   9.6335602e+00	   1.2130351e+02	   3.1115282e-02	   5.0094111e-12	
   2.5000000e-01	   1.0919339e+01	   1.2271730e+02	   3.0176779e-02	   6.7354187e-12	
   2.6000000e-01	   1.2195763e+01	   1.2408536e+02	   2.9290702e-02	   9.0366395e-12	
   2.7000000e-01	   1.3394162e+01	   1.2534690e+02	   2.8451525e-02	   1.1908220e-11	
   2.8000000e-01	   1.4448703e+01	   1.2644356e+02	   2.7654937e-02	   1.5181020e-11	
   2.9000000e-01	   1.5309163e+01	   1.2733126e+02	   2.6897832e-02	   1.8507464e-11	
   3.0000000e-01	   1.5955094e+01	   1.2799424e+02	   2.6178155e-02	   2.1475343e-11	
   3.1000000e-01	   1.6404379e+01	   1.2845387e+02	   2.5494619e-02	   2.3815983e-11	
   3.2000000e-01	   1.6706956e+01	   1.2876266e+02	   2.4846325e-02	   2.5534437e-11	
   3.3000000e-01	   1.6925646e+01	   1.2898529e+02	   2.4232390e-02	   2.6853148e-11	
   3.4000000e-01	   1.7114825e+01	   1.2917736e+02	   2.3651673e-02	   2.8048726e-11	
   3.5000000e-01	   1.7302716e+01	   1.2936773e+02	   2.3102644e-02	   2.9288845e-11	
   3.6000000e-01	   1.7482724e+01	   1.2954981e+02	   2.2583396e-02	   3.0528332e-11	
   3.7000000e-01	   1.7628746e+01	   1.2969720e+02	   2.2091750e-02	   3.1572228e-11	
   3.8000000e-01	   1.7729469e+01	   1.2979853e+02	   2.1625394e-02	   3.2313022e-11	
   3.9000000e-01	   1.7803720e+01	   1.2987300e+02	   2.1182011e-02	   3.2870223e-11	
   4.0000000e-01	   1.7876867e+01	   1.2994638e+02	   2.0759384e-02	   3.3428533e-11	
   4.1000000e-01	   1.7952129e+01	   1.3002190e+02	   2.0355455e-02	   3.4012890e-11	
   4.2000000e-01	   1.8016629e+01	   1.3008644e+02	   1.9968359e-02	   3.4521813e-11	
   4.3000000e-01	   1.8065530e+01	   1.3013506e+02	   1.9596434e-02	   3.4912721e-11	
   4.4000000e-01	   1.8105772e+01	   1.3017483e+02	   1.9238223e-02	   3.5237727e-11	
   4.5000000e-01	   1.8141792e+01	   1.3021029e+02	   1.8892461e-02	   3.5531199e-11	
   4.6000000e-01	   1.8169264e+01	   1.3023711e+02	   1.8558068e-02	   3.5756672e-11	
   4.7000000e-01	   1.8181432e+01	   1.3024846e+02	   1.8234139e-02	   3.5856994e-11	
   4.8000000e-01	   1.8175610e+01	   1.3024164e+02	   1.7919934e-02	   3.5808952e-11	
   4.9000000e-01	   1.8155279e+01	   1.3022022e+02	   1.7614872e-02	   3.5641710e-11	
   5.0000000e-01	   1.8128637e+01	   1.3019256e+02	   1.7318515e-02	   3.5423739e-11	
   5.1000000e-01	   1.8103586e+01	   1.3016670e+02	   1.7030555e-02	   3.5219992e-11	
   5.2000000e-01	   1.8083922e+01	   1.3014647e+02	   1.6750791e-02	   3.5060884e-11	
   5.3000000e-01	   1.8070771e+01	   1.3013301e+02	   1.6479107e-02	   3.4954877e-11	
   5.4000000e-01	   1.8064026e+01	   1.3012615e+02	   1.6215440e-02	   3.4900631e-11	
   5.5000000e-01	   1.8060660e+01	   1.3012276e+02	   1.5959747e-02	   3.4873588e-11	
   5.6000000e-01	   1.8055878e+01	   1.3011792e+02	   1.5711982e-02	   3.4835213e-11	
   5.7000000e-01	   1.8047931e+01	   1.3010985e+02	   1.5472069e-02	   3.4771523e-11	
   5.8000000e-01	   1.8039050e+01	   1.3010082e+02	   1.5239884e-02	   3.4700491e-11	
   5.9000000e-01	   1.8031623e+01	   1.3009329e+02	   1.5015254e-02	   3.4641202e-11	
   6.0000000e-01	   1.8026082e+01	   1.3008770e+02	   1.4797950e-02	   3.4597037e-11	
   6.1000000e-01	   1.8021883e+01	   1.3008352e+02	   1.4587695e-02	   3.4563601e-11	
   6.2000000e-01	   1.8018257e+01	   1.3007997e+02	   1.4384177e-02	   3.4534754e-11	
   6.3000000e-01	   1.8014427e+01	   1.3007623e+02	   1.4187057e-02	   3.4504315e-11	
   6.4000000e-01	   1.8010155e+01	   1.3007205e+02	   1.3995981e-02	   3.4470387e-11	
   6.5000000e-01	   1.8005592e+01	   1.3006756e+02	   1.3810596e-02	   3.4434191e-11	
   6.6000000e-01	   1.8000426e+01	   1.3006245e+02	   1.3630551e-02	   3.4393253e-11	
   6.7000000e-01	   1.7993567e+01	   1.3005559e+02	   1.3455511e-02	   3.4338981e-11	
   6.8000000e-01	   1.7983362e+01	   1.3004530e+02	   1.3285157e-02	   3.4258385e-11	
   6.9000000e-01	   1.7968137e+01	   1.3002991e+02	   1.3119192e-02	   3.4138497e-11	
   7.0000000e-01	   1.7947659e+01	   1.3000917e+02	   1.2957339e-02	   3.3977902e-11	
   7.1000000e-01	   1.7924308e+01	   1.2998552e+02	   1.2799345e-02	   3.3795704e-11	
   7.2000000e-01	   1.7901818e+01	   1.2996276e+02	   1.2644979e-02	   3.3621139e-11	
   7.3000000e-01	   1.7882567e+01	   1.2994330e+02	   1.2494032e-02	   3.3472435e-11	
   7.4000000e-01	   1.7866569e+01	   1.2992717e+02	   1.2346317e-02	   3.3349364e-11	
   7.5000000e-01	   1.7852634e+01	   1.2991314e+02	   1.2201666e-02	   3.3242533e-11	
   7.6000000e-01	   1.7839700e+01	   1.2990012e+02	   1.2059931e-02	   3.3143672e-11	
   7.7000000e-01	   1.7827323e+01	   1.2988767e+02	   1.1920983e-02	   3.3049354e-11	
   7.8000000e-01	   1.7815620e+01	   1.2987590e+02	   1.1784711e-02	   3.2960412e-11	
   7.9000000e-01	   1.7804852e+01	   1.2986508e+02	   1.1651020e-02	   3.2878794e-11	
   8.0000000e-01	   1.7795031e+01	   1.2985521e+02	   1.1519829e-02	   3.2804526e-11	
   8.1000000e-01	   1.7785927e+01	   1.2984608e+02	   1.1391073e-02	   3.2735829e-11	
   8.2000000e-01	   1.7777296e+01	   1.2983744e+02	   1.1264699e-02	   3.2670833e-11	
   8.3000000e-01	   1.7768970e+01	   1.2982911e+02	   1.1140662e-02	   3.2608264e-11	
   8.4000000e-01	   1.7760858e+01	   1.2982100e+02	   1.1018928e-02	   3.2547409e-11	
   8.5000000e-01	   1.7752929e+01	   1.2981308e+02	   1.0899468e-02	   3.2488045e-11	
   8.6000000e-01	   1.7745271e+01	   1.2980544e+02	   1.0782258e-02	   3.2430806e-11	
   8.7000000e-01	   1.7738167e+01	   1.2979836e+02	   1.0667275e-02	   3.2377802e-11	
   8.8000000e-01	   1.7731877e+01	   1.2979211e+02	   1.0554498e-02	   3.2330942e-11	
   8.9000000e-01	   1.7726147e+01	   1.2978643e+02	   1.0443906e-02	   3.2288310e-11	
   9.0000000e-01	   1.7720215e+01	   1.2978053e+02	   1.0335475e-02	   3.2244238e-11	
   9.1000000e-01	   1.7713400e+01	   1.2977374e+02	   1.0229178e-02	   3.2193684e-11	
   9.2000000e-01	   1.7705393e+01	   1.2976574e+02	   1.0124987e-02	   3.2134384e-11	
   9.3000000e-01	   1.7696115e+01	   1.2975644e+02	   1.0022869e-02	   3.2065807e-11	
   9.4000000e-01	   1.7685798e+01	   1.2974609e+02	   9.9227900e-03	   3.1989725e-11	
   9.5000000e-01	   1.7675099e+01	   1.2973535e+02	   9.8247121e-03	   3.1911009e-11	
   9.6000000e-01	   1.7664688e+01	   1.2972490e+02	   9.7285962e-03	   3.1834603e-11	
   9.7000000e-01	   1.7654775e+01	   1.2971497e+02	   9.6344014e-03	   3.1762023e-11	
   9.8000000e-01	   1.7645198e+01	   1.2970538e+02	   9.5420859e-03	   3.1692063e-11	
   9.9000000e-01	   1.7635778e+01	   1.2969594e+02	   9.4516079e-03	   3.1623391e-11	
   1.0000000e+00	   1.7626456e+01	   1.2968660e+02	   9.3629254e-03	   3.1555585e-11	
