   0.0000000e+00	   0.0000000e+00	   0.0000000e+00	   1.0494312e-01	   5.4504287e-13	
   1.0000000e-02	   1.5735944e-03	   8.2844070e+01	   8.8456638e-02	   5.4524039e-13	
   2.0000000e-02	   1.4956553e-02	   8.9439766e+01	   7.7158877e-02	   5.4692316e-13	
   3.0000000e-02	   4.0278205e-02	   9.3126472e+01	   6.8859543e-02	   5.5012132e-13	
   4.0000000e-02	   6.9514299e-02	   9.5323812e+01	   6.2395277e-02	   5.5383716e-13	
   5.0000000e-02	   1.1654783e-01	   9.7386503e+01	   5.7263884e-02	   5.5986774e-13	
   6.0000000e-02	   1.8630154e-01	   9.9283117e+01	   5.3080001e-02	   5.6893259e-13	
   7.0000000e-02	   2.7281837e-01	   1.0086839e+02	   4.9544675e-02	   5.8038008e-13	
   8.0000000e-02	   3.4225969e-01	   1.0185812e+02	   4.6493515e-02	   5.8973463e-13	
   9.0000000e-02	   4.5338560e-01	   1.0306764e+02	   4.3844159e-02	   6.0501929e-13	
   1.0000000e-01	   5.7041538e-01	   1.0407874e+02	   4.1536390e-02	   6.2154446e-13	
   1.1000000e-01	   6.3584665e-01	   1.0458933e+02	   3.9510630e-02	   6.3097961e-13	
   1.2000000e-01	   6.9329949e-01	   1.0500502e+02	   3.7711413e-02	   6.3938230e-13	
   1.3000000e-01	   8.0707761e-01	   1.0569744e+02	   3.6092767e-02	   6.5635443e-13	
   1.4000000e-01	   9.7582180e-01	   1.0656245e+02	   3.4619080e-02	   6.8235887e-13	
   1.5000000e-01	   1.1489379e+00	   1.0732416e+02	   3.3263979e-02	   7.1010807e-13	
   1.6000000e-01	   1.2841035e+00	   1.0785758e+02	   3.2009091e-02	   7.3255630e-13	
   1.7000000e-01	   1.3789537e+00	   1.0820789e+02	   3.0842765e-02	   7.4873136e-13	
   1.8000000e-01	   1.4641464e+00	   1.0850549e+02	   2.9758264e-02	   7.6356374e-13	
   1.9000000e-01	   1.5728734e+00	   1.0886115e+02	   2.8751426e-02	   7.8292110e-13	
   2.0000000e-01	   1.7240559e+00	   1.0932099e+02	   2.7818429e-02	   8.1065535e-13	
   2.1000000e-01	   1.9349591e+00	   1.0991040e+02	   2.6954462e-02	   8.5099413e-13	
   2.2000000e-01	   2.2321195e+00	   1.1066096e+02	   2.6153508e-02	   9.1126064e-13	
   2.3000000e-01	   2.6363503e+00	   1.1157066e+02	   2.5408888e-02	   1.0001513e-12	
   2.4000000e-01	   3.1353300e+00	   1.1256737e+02	   2.4713961e-02	   1.1219246e-12	
   2.5000000e-01	   3.6733994e+00	   1.1353166e+02	   2.4062645e-02	   1.2699032e-12	
   2.6000000e-01	   4.1746985e+00	   1.1435517e+02	   2.3449657e-02	   1.4252810e-12	
   2.7000000e-01	   4.5818624e+00	   1.1498352e+02	   2.2870540e-02	   1.5653696e-12	
   2.8000000e-01	   4.8778186e+00	   1.1542195e+02	   2.2321589e-02	   1.6757627e-12	
   2.9000000e-01	   5.0807136e+00	   1.1571526e+02	   2.1799731e-02	   1.7559091e-12	
   3.0000000e-01	   5.2244814e+00	   1.1592033e+02	   2.1302421e-02	   1.8150091e-12	
   3.1000000e-01	   5.3372273e+00	   1.1607988e+02	   2.0827541e-02	   1.8627449e-12	
   3.2000000e-01	   5.4247770e+00	   1.1620331e+02	   2.0373327e-02	   1.9006772e-12	
   3.3000000e-01	   5.4716025e+00	   1.1627015e+02	   1.9938304e-02	   1.9212811e-12	
   3.4000000e-01	   5.4631854e+00	   1.1626121e+02	   1.9521219e-02	   1.9175611e-12	
   3.5000000e-01	   5.4083488e+00	   1.1618846e+02	   1.9120992e-02	   1.8935010e-12	
   3.6000000e-01	   5.3371036e+00	   1.1609258e+02	   1.8736662e-02	   1.8626919e-12	
   3.7000000e-01	   5.2775124e+00	   1.1601218e+02	   1.8367356e-02	   1.8373077e-12	
   3.8000000e-01	   5.2378273e+00	   1.1595909e+02	   1.8012250e-02	   1.8205952e-12	
   3.9000000e-01	   5.2120646e+00	   1.1592536e+02	   1.7670562e-02	   1.8098273e-12	
   4.0000000e-01	   5.1992192e+00	   1.1590977e+02	   1.7341533e-02	   1.8044821e-12	
   4.1000000e-01	   5.2096664e+00	   1.1592681e+02	   1.7024431e-02	   1.8088281e-12	
   4.2000000e-01	   5.2482488e+00	   1.1598302e+02	   1.6718545e-02	   1.8249692e-12	
   4.3000000e-01	   5.2991979e+00	   1.1605617e+02	   1.6423195e-02	   1.8465049e-12	
   4.4000000e-01	   5.3388343e+00	   1.1611346e+02	   1.6137728e-02	   1.8634343e-12	
   4.5000000e-01	   5.3578796e+00	   1.1614235e+02	   1.5861526e-02	   1.8716241e-12	
   4.6000000e-01	   5.3625733e+00	   1.1615155e+02	   1.5594004e-02	   1.8736480e-12	
   4.7000000e-01	   5.3606104e+00	   1.1615169e+02	   1.5334620e-02	   1.8728013e-12	
   4.8000000e-01	   5.3549756e+00	   1.1614687e+02	   1.5082878e-02	   1.8703730e-12	
   4.9000000e-01	   5.3462190e+00	   1.1613787e+02	   1.4838326e-02	   1.8666056e-12	
   5.0000000e-01	   5.3329561e+00	   1.1612279e+02	   1.4600571e-02	   1.8609138e-12	
   5.1000000e-01	   5.3137376e+00	   1.1609959e+02	   1.4369271e-02	   1.8526971e-12	
   5.2000000e-01	   5.2922147e+00	   1.1607324e+02	   1.4144143e-02	   1.8435381e-12	
   5.3000000e-01	   5.2758544e+00	   1.1605395e+02	   1.3924960e-02	   1.8366064e-12	
   5.4000000e-01	   5.2676379e+00	   1.1604582e+02	   1.3711544e-02	   1.8331350e-12	
   5.5000000e-01	   5.2638148e+00	   1.1604370e+02	   1.3503763e-02	   1.8315220e-12	
   5.6000000e-01	   5.2604864e+00	   1.1604225e+02	   1.3301517e-02	   1.8301189e-12	
   5.7000000e-01	   5.2575761e+00	   1.1604138e+02	   1.3104732e-02	   1.8288929e-12	
   5.8000000e-01	   5.2557404e+00	   1.1604200e+02	   1.2913345e-02	   1.8281200e-12	
   5.9000000e-01	   5.2535417e+00	   1.1604213e+02	   1.2727299e-02	   1.8271947e-12	
   6.0000000e-01	   5.2493102e+00	   1.1603950e+02	   1.2546528e-02	   1.8254153e-12	
   6.1000000e-01	   5.2435086e+00	   1.1603473e+02	   1.2370958e-02	   1.8229784e-12	
   6.2000000e-01	   5.2375895e+00	   1.1602981e+02	   1.2200496e-02	   1.8204955e-12	
   6.3000000e-01	   5.2318576e+00	   1.1602513e+02	   1.2035038e-02	   1.8180944e-12	
   6.4000000e-01	   5.2260920e+00	   1.1602041e+02	   1.1874460e-02	   1.8156823e-12	
   6.5000000e-01	   5.2210069e+00	   1.1601662e+02	   1.1718627e-02	   1.8135576e-12	
   6.6000000e-01	   5.2170439e+00	   1.1601436e+02	   1.1567394e-02	   1.8119034e-12	
   6.7000000e-01	   5.2126209e+00	   1.1601147e+02	   1.1420608e-02	   1.8100591e-12	
   6.8000000e-01	   5.2054745e+00	   1.1600486e+02	   1.1278108e-02	   1.8070830e-12	
   6.9000000e-01	   5.1952452e+00	   1.1599404e+02	   1.1139732e-02	   1.8028317e-12	
   7.0000000e-01	   5.1836318e+00	   1.1598133e+02	   1.1005318e-02	   1.7980172e-12	
   7.1000000e-01	   5.1724025e+00	   1.1596915e+02	   1.0874701e-02	   1.7933741e-12	
   7.2000000e-01	   5.1618030e+00	   1.1595782e+02	   1.0747716e-02	   1.7890025e-12	
   7.3000000e-01	   5.1509212e+00	   1.1594611e+02	   1.0624201e-02	   1.7845256e-12	
   7.4000000e-01	   5.1395958e+00	   1.1593380e+02	   1.0503993e-02	   1.7798780e-12	
   7.5000000e-01	   5.1292966e+00	   1.1592290e+02	   1.0386933e-02	   1.7756621e-12	
   7.6000000e-01	   5.1213078e+00	   1.1591515e+02	   1.0272862e-02	   1.7723988e-12	
   7.7000000e-01	   5.1148085e+00	   1.1590944e+02	   1.0161623e-02	   1.7697483e-12	
   7.8000000e-01	   5.1079236e+00	   1.1590320e+02	   1.0053063e-02	   1.7669449e-12	
   7.9000000e-01	   5.1000015e+00	   1.1589554e+02	   9.9470309e-03	   1.7637247e-12	
   8.0000000e-01	   5.0916733e+00	   1.1588733e+02	   9.8433805e-03	   1.7603458e-12	
   8.1000000e-01	   5.0831964e+00	   1.1587892e+02	   9.7419688e-03	   1.7569132e-12	
   8.2000000e-01	   5.0740128e+00	   1.1586955e+02	   9.6426574e-03	   1.7532019e-12	
   8.3000000e-01	   5.0639987e+00	   1.1585904e+02	   9.5453131e-03	   1.7491640e-12	
   8.4000000e-01	   5.0541520e+00	   1.1584877e+02	   9.4498079e-03	   1.7452026e-12	
   8.5000000e-01	   5.0454813e+00	   1.1584010e+02	   9.3560199e-03	   1.7417218e-12	
   8.6000000e-01	   5.0377646e+00	   1.1583273e+02	   9.2638332e-03	   1.7386298e-12	
   8.7000000e-01	   5.0301037e+00	   1.1582544e+02	   9.1731388e-03	   1.7355656e-12	
   8.8000000e-01	   5.0223149e+00	   1.1581797e+02	   9.0838349e-03	   1.7324557e-12	
   8.9000000e-01	   5.0148883e+00	   1.1581099e+02	   8.9958270e-03	   1.7294957e-12	
   9.0000000e-01	   5.0077227e+00	   1.1580437e+02	   8.9090293e-03	   1.7266445e-12	
   9.1000000e-01	   4.9998275e+00	   1.1579675e+02	   8.8233645e-03	   1.7235084e-12	
   9.2000000e-01	   4.9905103e+00	   1.1578719e+02	   8.7387645e-03	   1.7198148e-12	
   9.3000000e-01	   4.9802793e+00	   1.1577639e+02	   8.6551714e-03	   1.7157681e-12	
   9.4000000e-01	   4.9702173e+00	   1.1576581e+02	   8.5725374e-03	   1.7117975e-12	
   9.5000000e-01	   4.9607660e+00	   1.1575607e+02	   8.4908258e-03	   1.7080763e-12	
   9.6000000e-01	   4.9515542e+00	   1.1574665e+02	   8.4100107e-03	   1.7044571e-12	
   9.7000000e-01	   4.9423029e+00	   1.1573719e+02	   8.3300777e-03	   1.7008302e-12	
   9.8000000e-01	   4.9333151e+00	   1.1572808e+02	   8.2510231e-03	   1.6973139e-12	
   9.9000000e-01	   4.9248945e+00	   1.1571975e+02	   8.1728541e-03	   1.6940262e-12	
   1.0000000e+00	   4.9167768e+00	   1.1571184e+02	   8.0955877e-03	   1.6908627e-12	
