   0.0000000e+00	   0.0000000e+00	   0.0000000e+00	   1.0494312e-01	   5.4504287e-13	
   1.0000000e-02	   2.4037390e-03	   8.3736414e+01	   8.8456638e-02	   5.4534462e-13	
   2.0000000e-02	  -6.1619632e-03	   8.0030550e+01	   7.7158877e-02	   5.4427008e-13	
   3.0000000e-02	  -1.1541858e-02	   8.0651512e+01	   6.8859543e-02	   5.4359628e-13	
   4.0000000e-02	  -1.8377230e-02	   7.9920208e+01	   6.2395277e-02	   5.4274138e-13	
   5.0000000e-02	  -2.4992709e-02	   8.0261176e+01	   5.7263884e-02	   5.4191527e-13	
   6.0000000e-02	  -2.9666663e-02	   8.3032622e+01	   5.3080001e-02	   5.4133236e-13	
   7.0000000e-02	  -4.0140006e-02	   7.9440183e+01	   4.9544675e-02	   5.4002847e-13	
   8.0000000e-02	  -4.6981939e-02	   8.0755165e+01	   4.6493515e-02	   5.3917838e-13	
   9.0000000e-02	  -5.5127156e-02	   8.0320242e+01	   4.3844159e-02	   5.3816809e-13	
   1.0000000e-01	  -6.3751170e-02	   7.9218717e+01	   4.1536390e-02	   5.3710048e-13	
   1.1000000e-01	  -7.0091691e-02	   8.1713092e+01	   3.9510630e-02	   5.3631691e-13	
   1.2000000e-01	  -8.0064125e-02	   7.9066007e+01	   3.7711413e-02	   5.3508681e-13	
   1.3000000e-01	  -8.7784200e-02	   7.9946003e+01	   3.6092767e-02	   5.3413648e-13	
   1.4000000e-01	  -9.5659513e-02	   8.0513203e+01	   3.4619080e-02	   5.3316878e-13	
   1.5000000e-01	  -1.0452763e-01	   7.9577009e+01	   3.3263979e-02	   5.3208118e-13	
   1.6000000e-01	  -1.1241210e-01	   8.0263313e+01	   3.2009091e-02	   5.3111608e-13	
   1.7000000e-01	  -1.2076135e-01	   8.0231708e+01	   3.0842765e-02	   5.3009600e-13	
   1.8000000e-01	  -1.2972310e-01	   7.9192367e+01	   2.9758264e-02	   5.2900326e-13	
   1.9000000e-01	  -1.3773881e-01	   7.9830961e+01	   2.8751426e-02	   5.2802779e-13	
   2.0000000e-01	  -1.4637712e-01	   7.9409851e+01	   2.7818429e-02	   5.2697856e-13	
   2.1000000e-01	  -1.5446927e-01	   7.9964637e+01	   2.6954462e-02	   5.2599756e-13	
   2.2000000e-01	  -1.6302516e-01	   7.9771956e+01	   2.6153508e-02	   5.2496233e-13	
   2.3000000e-01	  -1.7189693e-01	   7.9020261e+01	   2.5408888e-02	   5.2389103e-13	
   2.4000000e-01	  -1.8003111e-01	   7.9647661e+01	   2.4713961e-02	   5.2291072e-13	
   2.5000000e-01	  -1.8855420e-01	   7.9591221e+01	   2.4062645e-02	   5.2188551e-13	
   2.6000000e-01	  -1.9731100e-01	   7.9130513e+01	   2.3449657e-02	   5.2083428e-13	
   2.7000000e-01	  -2.0571547e-01	   7.9338157e+01	   2.2870540e-02	   5.1982733e-13	
   2.8000000e-01	  -2.1414547e-01	   7.9508099e+01	   2.2321589e-02	   5.1881929e-13	
   2.9000000e-01	  -2.2289617e-01	   7.9110325e+01	   2.1799731e-02	   5.1777496e-13	
   3.0000000e-01	  -2.3143126e-01	   7.9122166e+01	   2.1302421e-02	   5.1675839e-13	
   3.1000000e-01	  -2.3990162e-01	   7.9267350e+01	   2.0827541e-02	   5.1575150e-13	
   3.2000000e-01	  -2.4850158e-01	   7.9181425e+01	   2.0373327e-02	   5.1473121e-13	
   3.3000000e-01	  -2.5711790e-01	   7.9073247e+01	   1.9938304e-02	   5.1371101e-13	
   3.4000000e-01	  -2.6570021e-01	   7.9038908e+01	   1.9521219e-02	   5.1269684e-13	
   3.5000000e-01	  -2.7423345e-01	   7.9107905e+01	   1.9120992e-02	   5.1169045e-13	
   3.6000000e-01	  -2.8279777e-01	   7.9126105e+01	   1.8736662e-02	   5.1068239e-13	
   3.7000000e-01	  -2.9148970e-01	   7.8907357e+01	   1.8367356e-02	   5.0966134e-13	
   3.8000000e-01	  -3.0007553e-01	   7.8901936e+01	   1.8012250e-02	   5.0865475e-13	
   3.9000000e-01	  -3.0854304e-01	   7.9131969e+01	   1.7670562e-02	   5.0766399e-13	
   4.0000000e-01	  -3.1718348e-01	   7.9038728e+01	   1.7341533e-02	   5.0665498e-13	
   4.1000000e-01	  -3.2589951e-01	   7.8801710e+01	   1.7024431e-02	   5.0563917e-13	
   4.2000000e-01	  -3.3450446e-01	   7.8788758e+01	   1.6718545e-02	   5.0463831e-13	
   4.3000000e-01	  -3.4299751e-01	   7.9001484e+01	   1.6423195e-02	   5.0365240e-13	
   4.4000000e-01	  -3.5161477e-01	   7.8976440e+01	   1.6137728e-02	   5.0265405e-13	
   4.5000000e-01	  -3.6037444e-01	   7.8673145e+01	   1.5861526e-02	   5.0164122e-13	
   4.6000000e-01	  -3.6894593e-01	   7.8750062e+01	   1.5594004e-02	   5.0065213e-13	
   4.7000000e-01	  -3.7747504e-01	   7.8912384e+01	   1.5334620e-02	   4.9966986e-13	
   4.8000000e-01	  -3.8616535e-01	   7.8760880e+01	   1.5082878e-02	   4.9867101e-13	
   4.9000000e-01	  -3.9484631e-01	   7.8627943e+01	   1.4838326e-02	   4.9767523e-13	
   5.0000000e-01	  -4.0343490e-01	   7.8687011e+01	   1.4600571e-02	   4.9669200e-13	
   5.1000000e-01	  -4.1199704e-01	   7.8801449e+01	   1.4369271e-02	   4.9571374e-13	
   5.2000000e-01	  -4.2065898e-01	   7.8720830e+01	   1.4144143e-02	   4.9472603e-13	
   5.3000000e-01	  -4.2936219e-01	   7.8558167e+01	   1.3924960e-02	   4.9373560e-13	
   5.4000000e-01	  -4.3797971e-01	   7.8574569e+01	   1.3711544e-02	   4.9275687e-13	
   5.5000000e-01	  -4.4658179e-01	   7.8626148e+01	   1.3503763e-02	   4.9178183e-13	
   5.6000000e-01	  -4.5521398e-01	   7.8619579e+01	   1.3301517e-02	   4.9080532e-13	
   5.7000000e-01	  -4.6385670e-01	   7.8594880e+01	   1.3104732e-02	   4.8982956e-13	
   5.8000000e-01	  -4.7251394e-01	   7.8543430e+01	   1.2913345e-02	   4.8885410e-13	
   5.9000000e-01	  -4.8118363e-01	   7.8468590e+01	   1.2727299e-02	   4.8787919e-13	
   6.0000000e-01	  -4.8981085e-01	   7.8485001e+01	   1.2546528e-02	   4.8691099e-13	
   6.1000000e-01	  -4.9839460e-01	   7.8593090e+01	   1.2370958e-02	   4.8594957e-13	
   6.2000000e-01	  -5.0705270e-01	   7.8551499e+01	   1.2200496e-02	   4.8498174e-13	
   6.3000000e-01	  -5.1576037e-01	   7.8409253e+01	   1.2035038e-02	   4.8401032e-13	
   6.4000000e-01	  -5.2440289e-01	   7.8404997e+01	   1.1874460e-02	   4.8304809e-13	
   6.5000000e-01	  -5.3301027e-01	   7.8476766e+01	   1.1718627e-02	   4.8209168e-13	
   6.6000000e-01	  -5.4164653e-01	   7.8490860e+01	   1.1567394e-02	   4.8113395e-13	
   6.7000000e-01	  -5.5033680e-01	   7.8395837e+01	   1.1420608e-02	   4.8017216e-13	
   6.8000000e-01	  -5.5902804e-01	   7.8299763e+01	   1.1278108e-02	   4.7921219e-13	
   6.9000000e-01	  -5.6763792e-01	   7.8378588e+01	   1.1139732e-02	   4.7826309e-13	
   7.0000000e-01	  -5.7625103e-01	   7.8451480e+01	   1.1005318e-02	   4.7731552e-13	
   7.1000000e-01	  -5.8495090e-01	   7.8346374e+01	   1.0874701e-02	   4.7636031e-13	
   7.2000000e-01	  -5.9364864e-01	   7.8245851e+01	   1.0747716e-02	   4.7540724e-13	
   7.3000000e-01	  -6.0228986e-01	   7.8267658e+01	   1.0624201e-02	   4.7446226e-13	
   7.4000000e-01	  -6.1090697e-01	   7.8341823e+01	   1.0503993e-02	   4.7352178e-13	
   7.5000000e-01	  -6.1954744e-01	   7.8367759e+01	   1.0386933e-02	   4.7258063e-13	
   7.6000000e-01	  -6.2825345e-01	   7.8257808e+01	   1.0272862e-02	   4.7163423e-13	
   7.7000000e-01	  -6.3695670e-01	   7.8152801e+01	   1.0161623e-02	   4.7069002e-13	
   7.8000000e-01	  -6.4557920e-01	   7.8222786e+01	   1.0053063e-02	   4.6975644e-13	
   7.9000000e-01	  -6.5419815e-01	   7.8299988e+01	   9.9470309e-03	   4.6882509e-13	
   8.0000000e-01	  -6.6287904e-01	   7.8247727e+01	   9.8433805e-03	   4.6788891e-13	
   8.1000000e-01	  -6.7157648e-01	   7.8160763e+01	   9.7419688e-03	   4.6695283e-13	
   8.2000000e-01	  -6.8025191e-01	   7.8121584e+01	   9.6426574e-03	   4.6602098e-13	
   8.3000000e-01	  -6.8889290e-01	   7.8157930e+01	   9.5453131e-03	   4.6509468e-13	
   8.4000000e-01	  -6.9752815e-01	   7.8207239e+01	   9.4498079e-03	   4.6417083e-13	
   8.5000000e-01	  -7.0621323e-01	   7.8151754e+01	   9.3560199e-03	   4.6324350e-13	
   8.6000000e-01	  -7.1491395e-01	   7.8063078e+01	   9.2638332e-03	   4.6231636e-13	
   8.7000000e-01	  -7.2356998e-01	   7.8072266e+01	   9.1731388e-03	   4.6139583e-13	
   8.8000000e-01	  -7.3221215e-01	   7.8112382e+01	   9.0838349e-03	   4.6047859e-13	
   8.9000000e-01	  -7.4087872e-01	   7.8100972e+01	   8.9958270e-03	   4.5956060e-13	
   9.0000000e-01	  -7.4956393e-01	   7.8050321e+01	   8.9090293e-03	   4.5864247e-13	
   9.1000000e-01	  -7.5824895e-01	   7.8000514e+01	   8.8233645e-03	   4.5772619e-13	
   9.2000000e-01	  -7.6690407e-01	   7.8016598e+01	   8.7387645e-03	   4.5681489e-13	
   9.3000000e-01	  -7.7554472e-01	   7.8064277e+01	   8.6551714e-03	   4.5590692e-13	
   9.4000000e-01	  -7.8422140e-01	   7.8034581e+01	   8.5725374e-03	   4.5499699e-13	
   9.5000000e-01	  -7.9291583e-01	   7.7966389e+01	   8.4908258e-03	   4.5408701e-13	
   9.6000000e-01	  -8.0158342e-01	   7.7956725e+01	   8.4100107e-03	   4.5318165e-13	
   9.7000000e-01	  -8.1023356e-01	   7.7985216e+01	   8.3300777e-03	   4.5227992e-13	
   9.8000000e-01	  -8.1888833e-01	   7.8003478e+01	   8.2510231e-03	   4.5137949e-13	
   9.9000000e-01	  -8.2756204e-01	   7.7980904e+01	   8.1728541e-03	   4.5047890e-13	
   1.0000000e+00	  -8.3625206e-01	   7.7922902e+01	   8.0955877e-03	   4.4957842e-13	
