   0.0000000e+00	   0.0000000e+00	   0.0000000e+00	   1.0494312e-01	   5.4504287e-13	
   1.0000000e-02	   1.5700204e-03	   8.2853972e+01	   8.8456638e-02	   5.4523994e-13	
   2.0000000e-02	   1.5213112e-02	   8.9500079e+01	   7.7158877e-02	   5.4695547e-13	
   3.0000000e-02	   4.0336592e-02	   9.3143554e+01	   6.8859543e-02	   5.5012872e-13	
   4.0000000e-02	   6.9731390e-02	   9.5346779e+01	   6.2395277e-02	   5.5386484e-13	
   5.0000000e-02	   1.1635684e-01	   9.7393051e+01	   5.7263884e-02	   5.5984312e-13	
   6.0000000e-02	   1.8422319e-01	   9.9253480e+01	   5.3080001e-02	   5.6866039e-13	
   7.0000000e-02	   2.7005287e-01	   1.0084120e+02	   4.9544675e-02	   5.8001062e-13	
   8.0000000e-02	   3.3447214e-01	   1.0177986e+02	   4.6493515e-02	   5.8867809e-13	
   9.0000000e-02	   4.3423988e-01	   1.0290535e+02	   4.3844159e-02	   6.0235795e-13	
   1.0000000e-01	   5.4406954e-01	   1.0389500e+02	   4.1536390e-02	   6.1778536e-13	
   1.1000000e-01	   6.0356078e-01	   1.0438407e+02	   3.9510630e-02	   6.2630624e-13	
   1.2000000e-01	   6.4421092e-01	   1.0470968e+02	   3.7711413e-02	   6.3219601e-13	
   1.3000000e-01	   7.2858363e-01	   1.0527404e+02	   3.6092767e-02	   6.4459810e-13	
   1.4000000e-01	   8.6563288e-01	   1.0605031e+02	   3.4619080e-02	   6.6526388e-13	
   1.5000000e-01	   1.0152873e+00	   1.0678059e+02	   3.3263979e-02	   6.8858791e-13	
   1.6000000e-01	   1.1389868e+00	   1.0732056e+02	   3.2009091e-02	   7.0848285e-13	
   1.7000000e-01	   1.2326964e+00	   1.0770033e+02	   3.0842765e-02	   7.2393620e-13	
   1.8000000e-01	   1.3234860e+00	   1.0804427e+02	   2.9758264e-02	   7.3922945e-13	
   1.9000000e-01	   1.4417989e+00	   1.0845924e+02	   2.8751426e-02	   7.5964477e-13	
   2.0000000e-01	   1.6057732e+00	   1.0898741e+02	   2.7818429e-02	   7.8887462e-13	
   2.1000000e-01	   1.8326064e+00	   1.0964995e+02	   2.6954462e-02	   8.3117276e-13	
   2.2000000e-01	   2.1474797e+00	   1.1047086e+02	   2.6153508e-02	   8.9367298e-13	
   2.3000000e-01	   2.5681169e+00	   1.1143785e+02	   2.5408888e-02	   9.8456036e-13	
   2.4000000e-01	   3.0781711e+00	   1.1247110e+02	   2.4713961e-02	   1.1072553e-12	
   2.5000000e-01	   3.6190293e+00	   1.1345020e+02	   2.4062645e-02	   1.2541041e-12	
   2.6000000e-01	   4.1156746e+00	   1.1427304e+02	   2.3449657e-02	   1.4060414e-12	
   2.7000000e-01	   4.5151046e+00	   1.1489450e+02	   2.2870540e-02	   1.5414914e-12	
   2.8000000e-01	   4.8041646e+00	   1.1532627e+02	   2.2321589e-02	   1.6475823e-12	
   2.9000000e-01	   5.0011857e+00	   1.1561355e+02	   2.1799731e-02	   1.7240475e-12	
   3.0000000e-01	   5.1368322e+00	   1.1580886e+02	   2.1302421e-02	   1.7787458e-12	
   3.1000000e-01	   5.2349912e+00	   1.1594943e+02	   2.0827541e-02	   1.8194066e-12	
   3.2000000e-01	   5.2995172e+00	   1.1604211e+02	   2.0373327e-02	   1.8466406e-12	
   3.3000000e-01	   5.3185349e+00	   1.1607124e+02	   1.9938304e-02	   1.8547447e-12	
   3.4000000e-01	   5.2871341e+00	   1.1603033e+02	   1.9521219e-02	   1.8413828e-12	
   3.5000000e-01	   5.2239113e+00	   1.1594479e+02	   1.9120992e-02	   1.8147708e-12	
   3.6000000e-01	   5.1605351e+00	   1.1585839e+02	   1.8736662e-02	   1.7884803e-12	
   3.7000000e-01	   5.1168022e+00	   1.1579909e+02	   1.8367356e-02	   1.7705609e-12	
   3.8000000e-01	   5.0911075e+00	   1.1576504e+02	   1.8012250e-02	   1.7601165e-12	
   3.9000000e-01	   5.0751911e+00	   1.1574484e+02	   1.7670562e-02	   1.7536776e-12	
   4.0000000e-01	   5.0717126e+00	   1.1574235e+02	   1.7341533e-02	   1.7522736e-12	
   4.1000000e-01	   5.0905788e+00	   1.1577155e+02	   1.7024431e-02	   1.7599022e-12	
   4.2000000e-01	   5.1290030e+00	   1.1582830e+02	   1.6718545e-02	   1.7755420e-12	
   4.3000000e-01	   5.1667815e+00	   1.1588403e+02	   1.6423195e-02	   1.7910545e-12	
   4.4000000e-01	   5.1863888e+00	   1.1591433e+02	   1.6137728e-02	   1.7991590e-12	
   4.5000000e-01	   5.1880119e+00	   1.1591962e+02	   1.5861526e-02	   1.7998315e-12	
   4.6000000e-01	   5.1813418e+00	   1.1591341e+02	   1.5594004e-02	   1.7970694e-12	
   4.7000000e-01	   5.1725535e+00	   1.1590432e+02	   1.5334620e-02	   1.7934365e-12	
   4.8000000e-01	   5.1629351e+00	   1.1589413e+02	   1.5082878e-02	   1.7894689e-12	
   4.9000000e-01	   5.1515341e+00	   1.1588153e+02	   1.4838326e-02	   1.7847774e-12	
   5.0000000e-01	   5.1360822e+00	   1.1586334e+02	   1.4600571e-02	   1.7784386e-12	
   5.1000000e-01	   5.1169766e+00	   1.1584008e+02	   1.4369271e-02	   1.7706320e-12	
   5.2000000e-01	   5.0999695e+00	   1.1581975e+02	   1.4144143e-02	   1.7637118e-12	
   5.3000000e-01	   5.0903151e+00	   1.1580965e+02	   1.3924960e-02	   1.7597954e-12	
   5.4000000e-01	   5.0866261e+00	   1.1580786e+02	   1.3711544e-02	   1.7583012e-12	
   5.5000000e-01	   5.0843005e+00	   1.1580795e+02	   1.3503763e-02	   1.7573599e-12	
   5.6000000e-01	   5.0816584e+00	   1.1580761e+02	   1.3301517e-02	   1.7562911e-12	
   5.7000000e-01	   5.0793779e+00	   1.1580777e+02	   1.3104732e-02	   1.7553691e-12	
   5.8000000e-01	   5.0769634e+00	   1.1580775e+02	   1.2913345e-02	   1.7543934e-12	
   5.9000000e-01	   5.0730692e+00	   1.1580570e+02	   1.2727299e-02	   1.7528210e-12	
   6.0000000e-01	   5.0678644e+00	   1.1580183e+02	   1.2546528e-02	   1.7507217e-12	
   6.1000000e-01	   5.0626503e+00	   1.1579794e+02	   1.2370958e-02	   1.7486210e-12	
   6.2000000e-01	   5.0577540e+00	   1.1579450e+02	   1.2200496e-02	   1.7466507e-12	
   6.3000000e-01	   5.0526685e+00	   1.1579079e+02	   1.2035038e-02	   1.7446066e-12	
   6.4000000e-01	   5.0476740e+00	   1.1578720e+02	   1.1874460e-02	   1.7426014e-12	
   6.5000000e-01	   5.0431733e+00	   1.1578430e+02	   1.1718627e-02	   1.7407964e-12	
   6.6000000e-01	   5.0377775e+00	   1.1578015e+02	   1.1567394e-02	   1.7386350e-12	
   6.7000000e-01	   5.0292554e+00	   1.1577167e+02	   1.1420608e-02	   1.7352266e-12	
   6.8000000e-01	   5.0173804e+00	   1.1575853e+02	   1.1278108e-02	   1.7304884e-12	
   6.9000000e-01	   5.0043021e+00	   1.1574373e+02	   1.1139732e-02	   1.7252851e-12	
   7.0000000e-01	   4.9921647e+00	   1.1573023e+02	   1.1005318e-02	   1.7204701e-12	
   7.1000000e-01	   4.9813104e+00	   1.1571851e+02	   1.0874701e-02	   1.7161755e-12	
   7.2000000e-01	   4.9709114e+00	   1.1570742e+02	   1.0747716e-02	   1.7120711e-12	
   7.3000000e-01	   4.9608870e+00	   1.1569686e+02	   1.0624201e-02	   1.7081239e-12	
   7.4000000e-01	   4.9524186e+00	   1.1568846e+02	   1.0503993e-02	   1.7047964e-12	
   7.5000000e-01	   4.9460655e+00	   1.1568301e+02	   1.0386933e-02	   1.7023044e-12	
   7.6000000e-01	   4.9403330e+00	   1.1567841e+02	   1.0272862e-02	   1.7000589e-12	
   7.7000000e-01	   4.9332543e+00	   1.1567194e+02	   1.0161623e-02	   1.6972902e-12	
   7.8000000e-01	   4.9246017e+00	   1.1566329e+02	   1.0053063e-02	   1.6939119e-12	
   7.9000000e-01	   4.9153872e+00	   1.1565386e+02	   9.9470309e-03	   1.6903217e-12	
   8.0000000e-01	   4.9059936e+00	   1.1564418e+02	   9.8433805e-03	   1.6866696e-12	
   8.1000000e-01	   4.8961095e+00	   1.1563382e+02	   9.7419688e-03	   1.6828353e-12	
   8.2000000e-01	   4.8860906e+00	   1.1562328e+02	   9.6426574e-03	   1.6789576e-12	
   8.3000000e-01	   4.8770770e+00	   1.1561414e+02	   9.5453131e-03	   1.6754766e-12	
   8.4000000e-01	   4.8695329e+00	   1.1560703e+02	   9.4498079e-03	   1.6725686e-12	
   8.5000000e-01	   4.8625549e+00	   1.1560071e+02	   9.3560199e-03	   1.6698834e-12	
   8.6000000e-01	   4.8550830e+00	   1.1559370e+02	   9.2638332e-03	   1.6670129e-12	
   8.7000000e-01	   4.8470984e+00	   1.1558598e+02	   9.1731388e-03	   1.6639509e-12	
   8.8000000e-01	   4.8390210e+00	   1.1557813e+02	   9.0838349e-03	   1.6608590e-12	
   8.9000000e-01	   4.8305534e+00	   1.1556973e+02	   8.9958270e-03	   1.6576239e-12	
   9.0000000e-01	   4.8209986e+00	   1.1555983e+02	   8.9090293e-03	   1.6539810e-12	
   9.1000000e-01	   4.8104799e+00	   1.1554859e+02	   8.8233645e-03	   1.6499799e-12	
   9.2000000e-01	   4.8000677e+00	   1.1553749e+02	   8.7387645e-03	   1.6460288e-12	
   9.3000000e-01	   4.7906093e+00	   1.1552772e+02	   8.6551714e-03	   1.6424479e-12	
   9.4000000e-01	   4.7819434e+00	   1.1551906e+02	   8.5725374e-03	   1.6391738e-12	
   9.5000000e-01	   4.7734733e+00	   1.1551066e+02	   8.4908258e-03	   1.6359800e-12	
   9.6000000e-01	   4.7650760e+00	   1.1550237e+02	   8.4100107e-03	   1.6328198e-12	
   9.7000000e-01	   4.7569865e+00	   1.1549450e+02	   8.3300777e-03	   1.6297812e-12	
   9.8000000e-01	   4.7490562e+00	   1.1548686e+02	   8.2510231e-03	   1.6268079e-12	
   9.9000000e-01	   4.7407520e+00	   1.1547870e+02	   8.1728541e-03	   1.6237002e-12	
   1.0000000e+00	   4.7318786e+00	   1.1546975e+02	   8.0955877e-03	   1.6203861e-12	
