   0.0000000e+00	   0.0000000e+00	   0.0000000e+00	   1.0494312e-01	   5.4504287e-13	
   1.0000000e-02	   2.3480352e-03	   8.3714097e+01	   8.8456638e-02	   5.4533763e-13	
   2.0000000e-02	  -6.3253700e-03	   7.9787532e+01	   7.7158877e-02	   5.4424960e-13	
   3.0000000e-02	  -1.1648993e-02	   8.0532270e+01	   6.8859543e-02	   5.4358287e-13	
   4.0000000e-02	  -1.8693319e-02	   7.9405982e+01	   6.2395277e-02	   5.4270188e-13	
   5.0000000e-02	  -2.5087630e-02	   8.0159370e+01	   5.7263884e-02	   5.4190343e-13	
   6.0000000e-02	  -2.9910349e-02	   8.2862872e+01	   5.3080001e-02	   5.4130199e-13	
   7.0000000e-02	  -4.0115806e-02	   7.9545717e+01	   4.9544675e-02	   5.4003148e-13	
   8.0000000e-02	  -4.6788829e-02	   8.1060386e+01	   4.6493515e-02	   5.3920235e-13	
   9.0000000e-02	  -5.5552201e-02	   7.9691759e+01	   4.3844159e-02	   5.3811542e-13	
   1.0000000e-01	  -6.3623294e-02	   7.9528961e+01	   4.1536390e-02	   5.3711630e-13	
   1.1000000e-01	  -7.0094458e-02	   8.1756771e+01	   3.9510630e-02	   5.3631657e-13	
   1.2000000e-01	  -8.0398239e-02	   7.8427256e+01	   3.7711413e-02	   5.3504565e-13	
   1.3000000e-01	  -8.7605630e-02	   8.0289146e+01	   3.6092767e-02	   5.3415844e-13	
   1.4000000e-01	  -9.5849938e-02	   8.0293095e+01	   3.4619080e-02	   5.3314540e-13	
   1.5000000e-01	  -1.0458667e-01	   7.9541334e+01	   3.3263979e-02	   5.3207394e-13	
   1.6000000e-01	  -1.1237204e-01	   8.0383095e+01	   3.2009091e-02	   5.3112098e-13	
   1.7000000e-01	  -1.2098827e-01	   7.9938181e+01	   3.0842765e-02	   5.3006830e-13	
   1.8000000e-01	  -1.2975104e-01	   7.9213203e+01	   2.9758264e-02	   5.2899986e-13	
   1.9000000e-01	  -1.3777675e-01	   7.9834382e+01	   2.8751426e-02	   5.2802318e-13	
   2.0000000e-01	  -1.4643214e-01	   7.9381723e+01	   2.7818429e-02	   5.2697189e-13	
   2.1000000e-01	  -1.5447163e-01	   8.0026135e+01	   2.6954462e-02	   5.2599728e-13	
   2.2000000e-01	  -1.6326438e-01	   7.9426891e+01	   2.6153508e-02	   5.2493342e-13	
   2.3000000e-01	  -1.7189193e-01	   7.9109233e+01	   2.5408888e-02	   5.2389164e-13	
   2.4000000e-01	  -1.8002430e-01	   7.9729804e+01	   2.4713961e-02	   5.2291154e-13	
   2.5000000e-01	  -1.8869829e-01	   7.9409902e+01	   2.4062645e-02	   5.2186820e-13	
   2.6000000e-01	  -1.9738604e-01	   7.9064950e+01	   2.3449657e-02	   5.2082528e-13	
   2.7000000e-01	  -2.0570285e-01	   7.9436537e+01	   2.2870540e-02	   5.1982885e-13	
   2.8000000e-01	  -2.1426861e-01	   7.9363290e+01	   2.2321589e-02	   5.1880458e-13	
   2.9000000e-01	  -2.2299470e-01	   7.8999511e+01	   2.1799731e-02	   5.1776321e-13	
   3.0000000e-01	  -2.3144226e-01	   7.9180601e+01	   2.1302421e-02	   5.1675708e-13	
   3.1000000e-01	  -2.3996407e-01	   7.9229489e+01	   2.0827541e-02	   5.1574408e-13	
   3.2000000e-01	  -2.4859121e-01	   7.9090913e+01	   2.0373327e-02	   5.1472059e-13	
   3.3000000e-01	  -2.5718991e-01	   7.9014958e+01	   1.9938304e-02	   5.1370249e-13	
   3.4000000e-01	  -2.6574730e-01	   7.9028957e+01	   1.9521219e-02	   5.1269128e-13	
   3.5000000e-01	  -2.7428132e-01	   7.9096993e+01	   1.9120992e-02	   5.1168481e-13	
   3.6000000e-01	  -2.8290415e-01	   7.9003211e+01	   1.8736662e-02	   5.1066988e-13	
   3.7000000e-01	  -2.9157162e-01	   7.8827529e+01	   1.8367356e-02	   5.0965172e-13	
   3.8000000e-01	  -3.0006848e-01	   7.8998303e+01	   1.8012250e-02	   5.0865558e-13	
   3.9000000e-01	  -3.0860926e-01	   7.9087354e+01	   1.7670562e-02	   5.0765625e-13	
   4.0000000e-01	  -3.1732099e-01	   7.8853166e+01	   1.7341533e-02	   5.0663893e-13	
   4.1000000e-01	  -3.2597659e-01	   7.8731017e+01	   1.7024431e-02	   5.0563019e-13	
   4.2000000e-01	  -3.3449996e-01	   7.8882315e+01	   1.6718545e-02	   5.0463883e-13	
   4.3000000e-01	  -3.4303413e-01	   7.9013184e+01	   1.6423195e-02	   5.0364815e-13	
   4.4000000e-01	  -3.5176739e-01	   7.8759697e+01	   1.6137728e-02	   5.0263638e-13	
   4.5000000e-01	  -3.6044012e-01	   7.8624938e+01	   1.5861526e-02	   5.0163363e-13	
   4.6000000e-01	  -3.6893492e-01	   7.8856931e+01	   1.5594004e-02	   5.0065340e-13	
   4.7000000e-01	  -3.7756952e-01	   7.8810941e+01	   1.5334620e-02	   4.9965899e-13	
   4.8000000e-01	  -3.8627870e-01	   7.8616760e+01	   1.5082878e-02	   4.9865800e-13	
   4.9000000e-01	  -3.9488881e-01	   7.8628185e+01	   1.4838326e-02	   4.9767036e-13	
   5.0000000e-01	  -4.0344549e-01	   7.8751985e+01	   1.4600571e-02	   4.9669079e-13	
   5.1000000e-01	  -4.1207242e-01	   7.8737079e+01	   1.4369271e-02	   4.9570513e-13	
   5.2000000e-01	  -4.2078583e-01	   7.8549127e+01	   1.4144143e-02	   4.9471158e-13	
   5.3000000e-01	  -4.2942054e-01	   7.8526005e+01	   1.3924960e-02	   4.9372896e-13	
   5.4000000e-01	  -4.3800263e-01	   7.8616098e+01	   1.3711544e-02	   4.9275427e-13	
   5.5000000e-01	  -4.4663552e-01	   7.8604690e+01	   1.3503763e-02	   4.9177575e-13	
   5.6000000e-01	  -4.5528835e-01	   7.8555757e+01	   1.3301517e-02	   4.9079692e-13	
   5.7000000e-01	  -4.6394186e-01	   7.8508416e+01	   1.3104732e-02	   4.8981995e-13	
   5.8000000e-01	  -4.7259944e-01	   7.8455334e+01	   1.2913345e-02	   4.8884448e-13	
   5.9000000e-01	  -4.8123203e-01	   7.8457818e+01	   1.2727299e-02	   4.8787376e-13	
   6.0000000e-01	  -4.8982336e-01	   7.8548872e+01	   1.2546528e-02	   4.8690958e-13	
   6.1000000e-01	  -4.9846855e-01	   7.8530761e+01	   1.2370958e-02	   4.8594129e-13	
   6.2000000e-01	  -5.0717622e-01	   7.8384406e+01	   1.2200496e-02	   4.8496795e-13	
   6.3000000e-01	  -5.1582131e-01	   7.8371913e+01	   1.2035038e-02	   4.8400353e-13	
   6.4000000e-01	  -5.2442234e-01	   7.8455163e+01	   1.1874460e-02	   4.8304593e-13	
   6.5000000e-01	  -5.3306037e-01	   7.8463093e+01	   1.1718627e-02	   4.8208611e-13	
   6.6000000e-01	  -5.4174645e-01	   7.8373203e+01	   1.1567394e-02	   4.8112288e-13	
   6.7000000e-01	  -5.5043350e-01	   7.8282578e+01	   1.1420608e-02	   4.8016147e-13	
   6.8000000e-01	  -5.5904745e-01	   7.8350957e+01	   1.1278108e-02	   4.7921005e-13	
   6.9000000e-01	  -5.6766088e-01	   7.8421686e+01	   1.1139732e-02	   4.7826056e-13	
   7.0000000e-01	  -5.7636268e-01	   7.8308991e+01	   1.1005318e-02	   4.7730325e-13	
   7.1000000e-01	  -5.8505673e-01	   7.8213065e+01	   1.0874701e-02	   4.7634870e-13	
   7.2000000e-01	  -5.9368506e-01	   7.8260995e+01	   1.0747716e-02	   4.7540326e-13	
   7.3000000e-01	  -6.0230443e-01	   7.8329107e+01	   1.0624201e-02	   4.7446067e-13	
   7.4000000e-01	  -6.1095978e-01	   7.8322429e+01	   1.0503993e-02	   4.7351603e-13	
   7.5000000e-01	  -6.1966777e-01	   7.8205078e+01	   1.0386933e-02	   4.7256754e-13	
   7.6000000e-01	  -6.2835621e-01	   7.8129588e+01	   1.0272862e-02	   4.7162307e-13	
   7.7000000e-01	  -6.3696609e-01	   7.8226114e+01	   1.0161623e-02	   4.7068900e-13	
   7.8000000e-01	  -6.4559329e-01	   7.8285058e+01	   1.0053063e-02	   4.6975491e-13	
   7.9000000e-01	  -6.5429075e-01	   7.8195767e+01	   9.9470309e-03	   4.6881509e-13	
   8.0000000e-01	  -6.6298588e-01	   7.8111321e+01	   9.8433805e-03	   4.6787740e-13	
   8.1000000e-01	  -6.7164394e-01	   7.8108511e+01	   9.7419688e-03	   4.6694558e-13	
   8.2000000e-01	  -6.8027777e-01	   7.8159488e+01	   9.6426574e-03	   4.6601820e-13	
   8.3000000e-01	  -6.8892514e-01	   7.8182057e+01	   9.5453131e-03	   4.6509122e-13	
   8.4000000e-01	  -6.9762215e-01	   7.8099050e+01	   9.4498079e-03	   4.6416078e-13	
   8.5000000e-01	  -7.0631399e-01	   7.8027527e+01	   9.3560199e-03	   4.6323276e-13	
   8.6000000e-01	  -7.1495532e-01	   7.8068048e+01	   9.2638332e-03	   4.6231196e-13	
   8.7000000e-01	  -7.2360109e-01	   7.8099677e+01	   9.1731388e-03	   4.6139252e-13	
   8.8000000e-01	  -7.3228073e-01	   7.8058921e+01	   9.0838349e-03	   4.6047132e-13	
   8.9000000e-01	  -7.4096769e-01	   7.8002956e+01	   8.9958270e-03	   4.5955119e-13	
   9.0000000e-01	  -7.4963994e-01	   7.7980040e+01	   8.9090293e-03	   4.5863444e-13	
   9.1000000e-01	  -7.5828592e-01	   7.8015749e+01	   8.8233645e-03	   4.5772230e-13	
   9.2000000e-01	  -7.6693877e-01	   7.8036769e+01	   8.7387645e-03	   4.5681124e-13	
   9.3000000e-01	  -7.7563039e-01	   7.7973684e+01	   8.6551714e-03	   4.5589793e-13	
   9.4000000e-01	  -7.8431615e-01	   7.7923308e+01	   8.5725374e-03	   4.5498706e-13	
   9.5000000e-01	  -7.9296701e-01	   7.7950342e+01	   8.4908258e-03	   4.5408166e-13	
   9.6000000e-01	  -8.0161691e-01	   7.7979330e+01	   8.4100107e-03	   4.5317816e-13	
   9.7000000e-01	  -8.1028543e-01	   7.7967625e+01	   8.3300777e-03	   4.5227451e-13	
   9.8000000e-01	  -8.1896995e-01	   7.7920897e+01	   8.2510231e-03	   4.5137101e-13	
   9.9000000e-01	  -8.2765099e-01	   7.7881660e+01	   8.1728541e-03	   4.5046968e-13	
   1.0000000e+00	  -8.3630301e-01	   7.7906792e+01	   8.0955877e-03	   4.4957314e-13	
