   0.0000000e+00	   0.0000000e+00	   0.0000000e+00	   2.0988624e-01	   5.4504287e-13	
   1.0000000e-02	   2.8829643e-02	   8.9322523e+01	   1.5225138e-01	   5.4867304e-13	
   2.0000000e-02	   5.4868904e-02	   9.2407142e+01	   1.2388884e-01	   5.5197264e-13	
   3.0000000e-02	   7.6062256e-02	   9.4097860e+01	   1.0582039e-01	   5.5467282e-13	
   4.0000000e-02	   8.7966154e-02	   9.4959805e+01	   9.3045931e-02	   5.5619525e-13	
   5.0000000e-02	   1.0163204e-01	   9.5836646e+01	   8.3368793e-02	   5.5794818e-13	
   6.0000000e-02	   1.3218892e-01	   9.7198803e+01	   7.5802509e-02	   5.6188773e-13	
   7.0000000e-02	   1.6699364e-01	   9.8368557e+01	   6.9689174e-02	   5.6640884e-13	
   8.0000000e-02	   2.2414949e-01	   9.9738621e+01	   6.4582315e-02	   5.7391240e-13	
   9.0000000e-02	   3.7743572e-01	   1.0202480e+02	   6.0211041e-02	   5.9453063e-13	
   1.0000000e-01	   5.4880593e-01	   1.0370539e+02	   5.6425491e-02	   6.1845948e-13	
   1.1000000e-01	   7.3427703e-01	   1.0504453e+02	   5.3131858e-02	   6.4544369e-13	
   1.2000000e-01	   1.0378456e+00	   1.0666812e+02	   5.0249644e-02	   6.9217389e-13	
   1.3000000e-01	   1.5538482e+00	   1.0864703e+02	   4.7704363e-02	   7.7949885e-13	
   1.4000000e-01	   2.2839794e+00	   1.1067590e+02	   4.5433671e-02	   9.2220740e-13	
   1.5000000e-01	   3.1517353e+00	   1.1252981e+02	   4.3389443e-02	   1.1261706e-12	
   1.6000000e-01	   4.0724935e+00	   1.1415183e+02	   4.1535271e-02	   1.3921307e-12	
   1.7000000e-01	   5.0246406e+00	   1.1561229e+02	   3.9843241e-02	   1.7333837e-12	
   1.8000000e-01	   6.0458989e+00	   1.1702455e+02	   3.8291501e-02	   2.1929087e-12	
   1.9000000e-01	   7.1697429e+00	   1.1845748e+02	   3.6862520e-02	   2.8405664e-12	
   2.0000000e-01	   8.4039653e+00	   1.1993346e+02	   3.5541803e-02	   3.7742198e-12	
   2.1000000e-01	   9.7432914e+00	   1.2145745e+02	   3.4316980e-02	   5.1375943e-12	
   2.2000000e-01	   1.1169097e+01	   1.2302008e+02	   3.3177218e-02	   7.1341190e-12	
   2.3000000e-01	   1.2652621e+01	   1.2460189e+02	   3.2112867e-02	   1.0039052e-11	
   2.4000000e-01	   1.4157048e+01	   1.2617497e+02	   3.1115282e-02	   1.4195002e-11	
   2.5000000e-01	   1.5628934e+01	   1.2769342e+02	   3.0176779e-02	   1.9921594e-11	
   2.6000000e-01	   1.6999862e+01	   1.2909503e+02	   2.9290702e-02	   2.7315987e-11	
   2.7000000e-01	   1.8200644e+01	   1.3031549e+02	   2.8451525e-02	   3.6015965e-11	
   2.8000000e-01	   1.9173677e+01	   1.3130079e+02	   2.7654937e-02	   4.5060745e-11	
   2.9000000e-01	   1.9884198e+01	   1.3201861e+02	   2.6897832e-02	   5.3070162e-11	
   3.0000000e-01	   2.0333902e+01	   1.3247230e+02	   2.6178155e-02	   5.8860083e-11	
   3.1000000e-01	   2.0567101e+01	   1.3270733e+02	   2.5494619e-02	   6.2107033e-11	
   3.2000000e-01	   2.0657594e+01	   1.3279834e+02	   2.4846325e-02	   6.3414724e-11	
   3.3000000e-01	   2.0679758e+01	   1.3282030e+02	   2.4232390e-02	   6.3739172e-11	
   3.4000000e-01	   2.0680409e+01	   1.3282033e+02	   2.3651673e-02	   6.3748728e-11	
   3.5000000e-01	   2.0665154e+01	   1.3280405e+02	   2.3102644e-02	   6.3525199e-11	
   3.6000000e-01	   2.0611024e+01	   1.3274830e+02	   2.2583396e-02	   6.2738340e-11	
   3.7000000e-01	   2.0507407e+01	   1.3264241e+02	   2.2091750e-02	   6.1259210e-11	
   3.8000000e-01	   2.0387099e+01	   1.3251952e+02	   2.1625394e-02	   5.9585500e-11	
   3.9000000e-01	   2.0300403e+01	   1.3243054e+02	   2.1182011e-02	   5.8407816e-11	
   4.0000000e-01	   2.0260525e+01	   1.3238895e+02	   2.0759384e-02	   5.7873957e-11	
   4.1000000e-01	   2.0242222e+01	   1.3236934e+02	   2.0355455e-02	   5.7630562e-11	
   4.2000000e-01	   2.0227270e+01	   1.3235329e+02	   1.9968359e-02	   5.7432487e-11	
   4.3000000e-01	   2.0218567e+01	   1.3234373e+02	   1.9596434e-02	   5.7317512e-11	
   4.4000000e-01	   2.0218549e+01	   1.3234310e+02	   1.9238223e-02	   5.7317280e-11	
   4.5000000e-01	   2.0221774e+01	   1.3234585e+02	   1.8892461e-02	   5.7359856e-11	
   4.6000000e-01	   2.0224280e+01	   1.3234796e+02	   1.8558068e-02	   5.7392962e-11	
   4.7000000e-01	   2.0224369e+01	   1.3234769e+02	   1.8234139e-02	   5.7394138e-11	
   4.8000000e-01	   2.0219671e+01	   1.3234264e+02	   1.7919934e-02	   5.7332087e-11	
   4.9000000e-01	   2.0209923e+01	   1.3233256e+02	   1.7614872e-02	   5.7203548e-11	
   5.0000000e-01	   2.0196713e+01	   1.3231906e+02	   1.7318515e-02	   5.7029816e-11	
   5.1000000e-01	   2.0180806e+01	   1.3230292e+02	   1.7030555e-02	   5.6821309e-11	
   5.2000000e-01	   2.0164555e+01	   1.3228651e+02	   1.6750791e-02	   5.6609088e-11	
   5.3000000e-01	   2.0152086e+01	   1.3227397e+02	   1.6479107e-02	   5.6446791e-11	
   5.4000000e-01	   2.0143664e+01	   1.3226553e+02	   1.6215440e-02	   5.6337427e-11	
   5.5000000e-01	   2.0135474e+01	   1.3225733e+02	   1.5959747e-02	   5.6231297e-11	
   5.6000000e-01	   2.0125375e+01	   1.3224717e+02	   1.5711982e-02	   5.6100679e-11	
   5.7000000e-01	   2.0113929e+01	   1.3223564e+02	   1.5472069e-02	   5.5953020e-11	
   5.8000000e-01	   2.0101619e+01	   1.3222323e+02	   1.5239884e-02	   5.5794657e-11	
   5.9000000e-01	   2.0088621e+01	   1.3221013e+02	   1.5015254e-02	   5.5627914e-11	
   6.0000000e-01	   2.0075482e+01	   1.3219690e+02	   1.4797950e-02	   5.5459866e-11	
   6.1000000e-01	   2.0062700e+01	   1.3218405e+02	   1.4587695e-02	   5.5296884e-11	
   6.2000000e-01	   2.0050755e+01	   1.3217206e+02	   1.4384177e-02	   5.5145003e-11	
   6.3000000e-01	   2.0040055e+01	   1.3216134e+02	   1.4187057e-02	   5.5009306e-11	
   6.4000000e-01	   2.0030350e+01	   1.3215163e+02	   1.3995981e-02	   5.4886518e-11	
   6.5000000e-01	   2.0020919e+01	   1.3214219e+02	   1.3810596e-02	   5.4767452e-11	
   6.6000000e-01	   2.0010919e+01	   1.3213217e+02	   1.3630551e-02	   5.4641488e-11	
   6.7000000e-01	   1.9999464e+01	   1.3212068e+02	   1.3455511e-02	   5.4497558e-11	
   6.8000000e-01	   1.9986785e+01	   1.3210794e+02	   1.3285157e-02	   5.4338693e-11	
   6.9000000e-01	   1.9974939e+01	   1.3209604e+02	   1.3119192e-02	   5.4190669e-11	
   7.0000000e-01	   1.9965681e+01	   1.3208677e+02	   1.2957339e-02	   5.4075275e-11	
   7.1000000e-01	   1.9958436e+01	   1.3207953e+02	   1.2799345e-02	   5.3985137e-11	
   7.2000000e-01	   1.9951581e+01	   1.3207270e+02	   1.2644979e-02	   5.3900000e-11	
   7.3000000e-01	   1.9944361e+01	   1.3206549e+02	   1.2494032e-02	   5.3810470e-11	
   7.4000000e-01	   1.9936667e+01	   1.3205781e+02	   1.2346317e-02	   5.3715224e-11	
   7.5000000e-01	   1.9928469e+01	   1.3204962e+02	   1.2201666e-02	   5.3613919e-11	
   7.6000000e-01	   1.9920077e+01	   1.3204124e+02	   1.2059931e-02	   5.3510414e-11	
   7.7000000e-01	   1.9911945e+01	   1.3203312e+02	   1.1920983e-02	   5.3410315e-11	
   7.8000000e-01	   1.9904086e+01	   1.3202527e+02	   1.1784711e-02	   5.3313753e-11	
   7.9000000e-01	   1.9896192e+01	   1.3201738e+02	   1.1651020e-02	   5.3216938e-11	
   8.0000000e-01	   1.9888101e+01	   1.3200929e+02	   1.1519829e-02	   5.3117885e-11	
   8.1000000e-01	   1.9879851e+01	   1.3200104e+02	   1.1391073e-02	   5.3017074e-11	
   8.2000000e-01	   1.9871463e+01	   1.3199265e+02	   1.1264699e-02	   5.2914770e-11	
   8.3000000e-01	   1.9862845e+01	   1.3198403e+02	   1.1140662e-02	   5.2809877e-11	
   8.4000000e-01	   1.9853983e+01	   1.3197517e+02	   1.1018928e-02	   5.2702221e-11	
   8.5000000e-01	   1.9845056e+01	   1.3196624e+02	   1.0899468e-02	   5.2594011e-11	
   8.6000000e-01	   1.9836165e+01	   1.3195735e+02	   1.0782258e-02	   5.2486448e-11	
   8.7000000e-01	   1.9827175e+01	   1.3194835e+02	   1.0667275e-02	   5.2377904e-11	
   8.8000000e-01	   1.9817981e+01	   1.3193915e+02	   1.0554498e-02	   5.2267137e-11	
   8.9000000e-01	   1.9808574e+01	   1.3192973e+02	   1.0443906e-02	   5.2154052e-11	
   9.0000000e-01	   1.9798996e+01	   1.3192014e+02	   1.0335475e-02	   5.2039154e-11	
   9.1000000e-01	   1.9789629e+01	   1.3191076e+02	   1.0229178e-02	   5.1927036e-11	
   9.2000000e-01	   1.9781036e+01	   1.3190217e+02	   1.0124987e-02	   5.1824403e-11	
   9.3000000e-01	   1.9773150e+01	   1.3189429e+02	   1.0022869e-02	   5.1730374e-11	
   9.4000000e-01	   1.9765260e+01	   1.3188641e+02	   9.9227900e-03	   5.1636479e-11	
   9.5000000e-01	   1.9756938e+01	   1.3187809e+02	   9.8247121e-03	   5.1537637e-11	
   9.6000000e-01	   1.9748325e+01	   1.3186948e+02	   9.7285962e-03	   5.1435517e-11	
   9.7000000e-01	   1.9739655e+01	   1.3186081e+02	   9.6344014e-03	   5.1332940e-11	
   9.8000000e-01	   1.9731061e+01	   1.3185222e+02	   9.5420859e-03	   5.1231457e-11	
   9.9000000e-01	   1.9722584e+01	   1.3184374e+02	   9.4516079e-03	   5.1131568e-11	
   1.0000000e+00	   1.9714086e+01	   1.3183525e+02	   9.3629254e-03	   5.1031614e-11	
