   0.0000000e+00	   0.0000000e+00	   0.0000000e+00	   1.0494312e-01	   5.4504287e-13	
   1.0000000e-02	   1.5687467e-03	   8.2865808e+01	   8.8456638e-02	   5.4523978e-13	
   2.0000000e-02	   1.5468864e-02	   8.9559688e+01	   7.7158877e-02	   5.4698768e-13	
   3.0000000e-02	   4.0334720e-02	   9.3155746e+01	   6.8859543e-02	   5.5012848e-13	
   4.0000000e-02	   6.9849861e-02	   9.5364886e+01	   6.2395277e-02	   5.5387995e-13	
   5.0000000e-02	   1.1588074e-01	   9.7390754e+01	   5.7263884e-02	   5.5978175e-13	
   6.0000000e-02	   1.8150515e-01	   9.9210252e+01	   5.3080001e-02	   5.6830460e-13	
   7.0000000e-02	   2.6624107e-01	   1.0079839e+02	   4.9544675e-02	   5.7950177e-13	
   8.0000000e-02	   3.2576536e-01	   1.0168871e+02	   4.6493515e-02	   5.8749909e-13	
   9.0000000e-02	   4.1375461e-01	   1.0272353e+02	   4.3844159e-02	   5.9952338e-13	
   1.0000000e-01	   5.1551825e-01	   1.0368569e+02	   4.1536390e-02	   6.1373725e-13	
   1.1000000e-01	   5.6979648e-01	   1.0415833e+02	   3.9510630e-02	   6.2145589e-13	
   1.2000000e-01	   5.9613655e-01	   1.0440156e+02	   3.7711413e-02	   6.2523649e-13	
   1.3000000e-01	   6.5284231e-01	   1.0482834e+02	   3.6092767e-02	   6.3345372e-13	
   1.4000000e-01	   7.5683167e-01	   1.0548945e+02	   3.4619080e-02	   6.4880446e-13	
   1.5000000e-01	   8.7887298e-01	   1.0616232e+02	   3.3263979e-02	   6.6729513e-13	
   1.6000000e-01	   9.8617944e-01	   1.0669192e+02	   3.2009091e-02	   6.8398819e-13	
   1.7000000e-01	   1.0743803e+00	   1.0709344e+02	   3.0842765e-02	   6.9802132e-13	
   1.8000000e-01	   1.1666027e+00	   1.0748117e+02	   2.9758264e-02	   7.1300230e-13	
   1.9000000e-01	   1.2890422e+00	   1.0795184e+02	   2.8751426e-02	   7.3338983e-13	
   2.0000000e-01	   1.4570721e+00	   1.0853746e+02	   2.7818429e-02	   7.6232097e-13	
   2.1000000e-01	   1.6857117e+00	   1.0925121e+02	   2.6954462e-02	   8.0352952e-13	
   2.2000000e-01	   1.9974194e+00	   1.1011059e+02	   2.6153508e-02	   8.6332159e-13	
   2.3000000e-01	   2.4075199e+00	   1.1109921e+02	   2.5408888e-02	   9.4881742e-13	
   2.4000000e-01	   2.8990795e+00	   1.1213697e+02	   2.4713961e-02	   1.0625237e-12	
   2.5000000e-01	   3.4155557e+00	   1.1310722e+02	   2.4062645e-02	   1.1967026e-12	
   2.6000000e-01	   3.8865346e+00	   1.1391474e+02	   2.3449657e-02	   1.3337798e-12	
   2.7000000e-01	   4.2639353e+00	   1.1452134e+02	   2.2870540e-02	   1.4548700e-12	
   2.8000000e-01	   4.5365640e+00	   1.1494161e+02	   2.2321589e-02	   1.5491271e-12	
   2.9000000e-01	   4.7206169e+00	   1.1521854e+02	   2.1799731e-02	   1.6161898e-12	
   3.0000000e-01	   4.8424209e+00	   1.1539971e+02	   2.1302421e-02	   1.6621597e-12	
   3.1000000e-01	   4.9221377e+00	   1.1551812e+02	   2.0827541e-02	   1.6929512e-12	
   3.2000000e-01	   4.9633704e+00	   1.1558049e+02	   2.0373327e-02	   1.7091009e-12	
   3.3000000e-01	   4.9599483e+00	   1.1557866e+02	   1.9938304e-02	   1.7077547e-12	
   3.4000000e-01	   4.9170177e+00	   1.1552000e+02	   1.9521219e-02	   1.6909565e-12	
   3.5000000e-01	   4.8600053e+00	   1.1544058e+02	   1.9120992e-02	   1.6689034e-12	
   3.6000000e-01	   4.8170779e+00	   1.1538102e+02	   1.8736662e-02	   1.6524885e-12	
   3.7000000e-01	   4.7969456e+00	   1.1535429e+02	   1.8367356e-02	   1.6448459e-12	
   3.8000000e-01	   4.7901189e+00	   1.1534686e+02	   1.8012250e-02	   1.6422624e-12	
   3.9000000e-01	   4.7889471e+00	   1.1534776e+02	   1.7670562e-02	   1.6418193e-12	
   4.0000000e-01	   4.7985299e+00	   1.1536445e+02	   1.7341533e-02	   1.6454460e-12	
   4.1000000e-01	   4.8246873e+00	   1.1540527e+02	   1.7024431e-02	   1.6553864e-12	
   4.2000000e-01	   4.8577529e+00	   1.1545609e+02	   1.6718545e-02	   1.6680380e-12	
   4.3000000e-01	   4.8788311e+00	   1.1548967e+02	   1.6423195e-02	   1.6761534e-12	
   4.4000000e-01	   4.8800548e+00	   1.1549483e+02	   1.6137728e-02	   1.6766258e-12	
   4.5000000e-01	   4.8689470e+00	   1.1548239e+02	   1.5861526e-02	   1.6723430e-12	
   4.6000000e-01	   4.8552101e+00	   1.1546623e+02	   1.5594004e-02	   1.6670617e-12	
   4.7000000e-01	   4.8424071e+00	   1.1545146e+02	   1.5334620e-02	   1.6621544e-12	
   4.8000000e-01	   4.8302144e+00	   1.1543760e+02	   1.5082878e-02	   1.6574945e-12	
   4.9000000e-01	   4.8167564e+00	   1.1542197e+02	   1.4838326e-02	   1.6523662e-12	
   5.0000000e-01	   4.8005736e+00	   1.1540246e+02	   1.4600571e-02	   1.6462206e-12	
   5.1000000e-01	   4.7844118e+00	   1.1538298e+02	   1.4369271e-02	   1.6401057e-12	
   5.2000000e-01	   4.7736564e+00	   1.1537128e+02	   1.4144143e-02	   1.6360490e-12	
   5.3000000e-01	   4.7694545e+00	   1.1536898e+02	   1.3924960e-02	   1.6344668e-12	
   5.4000000e-01	   4.7677606e+00	   1.1537028e+02	   1.3711544e-02	   1.6338295e-12	
   5.5000000e-01	   4.7652978e+00	   1.1537047e+02	   1.3503763e-02	   1.6329032e-12	
   5.6000000e-01	   4.7620652e+00	   1.1536955e+02	   1.3301517e-02	   1.6316882e-12	
   5.7000000e-01	   4.7584607e+00	   1.1536810e+02	   1.3104732e-02	   1.6303345e-12	
   5.8000000e-01	   4.7539467e+00	   1.1536536e+02	   1.2913345e-02	   1.6286409e-12	
   5.9000000e-01	   4.7486826e+00	   1.1536156e+02	   1.2727299e-02	   1.6266680e-12	
   6.0000000e-01	   4.7437220e+00	   1.1535819e+02	   1.2546528e-02	   1.6248111e-12	
   6.1000000e-01	   4.7392214e+00	   1.1535548e+02	   1.2370958e-02	   1.6231281e-12	
   6.2000000e-01	   4.7342645e+00	   1.1535211e+02	   1.2200496e-02	   1.6212766e-12	
   6.3000000e-01	   4.7285880e+00	   1.1534770e+02	   1.2035038e-02	   1.6191589e-12	
   6.4000000e-01	   4.7226058e+00	   1.1534285e+02	   1.1874460e-02	   1.6169301e-12	
   6.5000000e-01	   4.7155376e+00	   1.1533645e+02	   1.1718627e-02	   1.6143006e-12	
   6.6000000e-01	   4.7056198e+00	   1.1532598e+02	   1.1567394e-02	   1.6106183e-12	
   6.7000000e-01	   4.6927193e+00	   1.1531124e+02	   1.1420608e-02	   1.6058412e-12	
   6.8000000e-01	   4.6790823e+00	   1.1529545e+02	   1.1278108e-02	   1.6008067e-12	
   6.9000000e-01	   4.6670176e+00	   1.1528190e+02	   1.1139732e-02	   1.5963658e-12	
   7.0000000e-01	   4.6569091e+00	   1.1527116e+02	   1.1005318e-02	   1.5926545e-12	
   7.1000000e-01	   4.6478426e+00	   1.1526191e+02	   1.0874701e-02	   1.5893331e-12	
   7.2000000e-01	   4.6394761e+00	   1.1525366e+02	   1.0747716e-02	   1.5862742e-12	
   7.3000000e-01	   4.6324501e+00	   1.1524734e+02	   1.0624201e-02	   1.5837100e-12	
   7.4000000e-01	   4.6267172e+00	   1.1524287e+02	   1.0503993e-02	   1.5816208e-12	
   7.5000000e-01	   4.6205506e+00	   1.1523779e+02	   1.0386933e-02	   1.5793767e-12	
   7.6000000e-01	   4.6123088e+00	   1.1522973e+02	   1.0272862e-02	   1.5763823e-12	
   7.7000000e-01	   4.6023670e+00	   1.1521923e+02	   1.0161623e-02	   1.5727778e-12	
   7.8000000e-01	   4.5921708e+00	   1.1520837e+02	   1.0053063e-02	   1.5690896e-12	
   7.9000000e-01	   4.5822633e+00	   1.1519793e+02	   9.9470309e-03	   1.5655141e-12	
   8.0000000e-01	   4.5724756e+00	   1.1518765e+02	   9.8433805e-03	   1.5619899e-12	
   8.1000000e-01	   4.5632743e+00	   1.1517822e+02	   9.7419688e-03	   1.5586840e-12	
   8.2000000e-01	   4.5554803e+00	   1.1517081e+02	   9.6426574e-03	   1.5558893e-12	
   8.3000000e-01	   4.5488193e+00	   1.1516502e+02	   9.5453131e-03	   1.5535048e-12	
   8.4000000e-01	   4.5418959e+00	   1.1515885e+02	   9.4498079e-03	   1.5510302e-12	
   8.5000000e-01	   4.5337960e+00	   1.1515099e+02	   9.3560199e-03	   1.5481401e-12	
   8.6000000e-01	   4.5248666e+00	   1.1514195e+02	   9.2638332e-03	   1.5449603e-12	
   8.7000000e-01	   4.5156657e+00	   1.1513251e+02	   9.1731388e-03	   1.5416906e-12	
   8.8000000e-01	   4.5060390e+00	   1.1512246e+02	   9.0838349e-03	   1.5382770e-12	
   8.9000000e-01	   4.4957842e+00	   1.1511152e+02	   8.9958270e-03	   1.5346491e-12	
   9.0000000e-01	   4.4855368e+00	   1.1510059e+02	   8.9090293e-03	   1.5310323e-12	
   9.1000000e-01	   4.4762592e+00	   1.1509104e+02	   8.8233645e-03	   1.5277651e-12	
   9.2000000e-01	   4.4681087e+00	   1.1508311e+02	   8.7387645e-03	   1.5249006e-12	
   9.3000000e-01	   4.4603701e+00	   1.1507578e+02	   8.6551714e-03	   1.5221858e-12	
   9.4000000e-01	   4.4524330e+00	   1.1506815e+02	   8.5725374e-03	   1.5194064e-12	
   9.5000000e-01	   4.4443166e+00	   1.1506028e+02	   8.4908258e-03	   1.5165695e-12	
   9.6000000e-01	   4.4361249e+00	   1.1505229e+02	   8.4100107e-03	   1.5137117e-12	
   9.7000000e-01	   4.4275621e+00	   1.1504377e+02	   8.3300777e-03	   1.5107301e-12	
   9.8000000e-01	   4.4184013e+00	   1.1503440e+02	   8.2510231e-03	   1.5075468e-12	
   9.9000000e-01	   4.4090259e+00	   1.1502473e+02	   8.1728541e-03	   1.5042958e-12	
   1.0000000e+00	   4.4000216e+00	   1.1501558e+02	   8.0955877e-03	   1.5011802e-12	
