   0.0000000e+00	   0.0000000e+00	   0.0000000e+00	   1.0494312e-01	   5.4504287e-13	
   1.0000000e-02	   2.3102672e-03	   8.3698608e+01	   8.8456638e-02	   5.4533288e-13	
   2.0000000e-02	  -6.4319783e-03	   7.9620997e+01	   7.7158877e-02	   5.4423625e-13	
   3.0000000e-02	  -1.1719040e-02	   8.0452560e+01	   6.8859543e-02	   5.4357410e-13	
   4.0000000e-02	  -1.8895151e-02	   7.9042327e+01	   6.2395277e-02	   5.4267666e-13	
   5.0000000e-02	  -2.5146920e-02	   8.0096223e+01	   5.7263884e-02	   5.4189603e-13	
   6.0000000e-02	  -3.0095349e-02	   8.2725623e+01	   5.3080001e-02	   5.4127893e-13	
   7.0000000e-02	  -4.0091533e-02	   7.9629488e+01	   4.9544675e-02	   5.4003450e-13	
   8.0000000e-02	  -4.6672352e-02	   8.1238352e+01	   4.6493515e-02	   5.3921681e-13	
   9.0000000e-02	  -5.5817347e-02	   7.9248871e+01	   4.3844159e-02	   5.3808257e-13	
   1.0000000e-01	  -6.3525946e-02	   7.9745862e+01	   4.1536390e-02	   5.3712834e-13	
   1.1000000e-01	  -7.0143695e-02	   8.1734336e+01	   3.9510630e-02	   5.3631049e-13	
   1.2000000e-01	  -8.0571812e-02	   7.8066219e+01	   3.7711413e-02	   5.3502426e-13	
   1.3000000e-01	  -8.7504828e-02	   8.0478221e+01	   3.6092767e-02	   5.3417084e-13	
   1.4000000e-01	  -9.5983292e-02	   8.0129050e+01	   3.4619080e-02	   5.3312903e-13	
   1.5000000e-01	  -1.0460198e-01	   7.9560333e+01	   3.3263979e-02	   5.3207207e-13	
   1.6000000e-01	  -1.1237362e-01	   8.0420287e+01	   3.2009091e-02	   5.3112078e-13	
   1.7000000e-01	  -1.2113645e-01	   7.9735122e+01	   3.0842765e-02	   5.3005021e-13	
   1.8000000e-01	  -1.2974413e-01	   7.9275664e+01	   2.9758264e-02	   5.2900070e-13	
   1.9000000e-01	  -1.3781757e-01	   7.9810741e+01	   2.8751426e-02	   5.2801821e-13	
   2.0000000e-01	  -1.4645230e-01	   7.9393188e+01	   2.7818429e-02	   5.2696944e-13	
   2.1000000e-01	  -1.5451049e-01	   8.0007861e+01	   2.6954462e-02	   5.2599257e-13	
   2.2000000e-01	  -1.6340695e-01	   7.9211772e+01	   2.6153508e-02	   5.2491619e-13	
   2.3000000e-01	  -1.7185698e-01	   7.9228165e+01	   2.5408888e-02	   5.2389585e-13	
   2.4000000e-01	  -1.8004989e-01	   7.9733406e+01	   2.4713961e-02	   5.2290846e-13	
   2.5000000e-01	  -1.8879965e-01	   7.9274119e+01	   2.4062645e-02	   5.2185602e-13	
   2.6000000e-01	  -1.9740900e-01	   7.9073611e+01	   2.3449657e-02	   5.2082253e-13	
   2.7000000e-01	  -2.0570928e-01	   7.9474810e+01	   2.2870540e-02	   5.1982808e-13	
   2.8000000e-01	  -2.1436630e-01	   7.9234305e+01	   2.2321589e-02	   5.1879291e-13	
   2.9000000e-01	  -2.2303309e-01	   7.8978163e+01	   2.1799731e-02	   5.1775863e-13	
   3.0000000e-01	  -2.3145188e-01	   7.9214944e+01	   2.1302421e-02	   5.1675593e-13	
   3.1000000e-01	  -2.4001875e-01	   7.9179311e+01	   2.0827541e-02	   5.1573759e-13	
   3.2000000e-01	  -2.4864852e-01	   7.9033939e+01	   2.0373327e-02	   5.1471379e-13	
   3.3000000e-01	  -2.5723057e-01	   7.8989883e+01	   1.9938304e-02	   5.1369768e-13	
   3.4000000e-01	  -2.6577578e-01	   7.9027878e+01	   1.9521219e-02	   5.1268792e-13	
   3.5000000e-01	  -2.7432524e-01	   7.9066568e+01	   1.9120992e-02	   5.1167964e-13	
   3.6000000e-01	  -2.8297729e-01	   7.8914455e+01	   1.8736662e-02	   5.1066128e-13	
   3.7000000e-01	  -2.9159760e-01	   7.8831460e+01	   1.8367356e-02	   5.0964868e-13	
   3.8000000e-01	  -3.0007334e-01	   7.9043289e+01	   1.8012250e-02	   5.0865501e-13	
   3.9000000e-01	  -3.0868544e-01	   7.8995496e+01	   1.7670562e-02	   5.0764734e-13	
   4.0000000e-01	  -3.1739915e-01	   7.8752009e+01	   1.7341533e-02	   5.0662982e-13	
   4.1000000e-01	  -3.2599632e-01	   7.8748197e+01	   1.7024431e-02	   5.0562790e-13	
   4.2000000e-01	  -3.3449701e-01	   7.8943699e+01	   1.6718545e-02	   5.0463917e-13	
   4.3000000e-01	  -3.4310278e-01	   7.8935536e+01	   1.6423195e-02	   5.0364019e-13	
   4.4000000e-01	  -3.5186008e-01	   7.8627171e+01	   1.6137728e-02	   5.0262565e-13	
   4.5000000e-01	  -3.6043925e-01	   7.8685203e+01	   1.5861526e-02	   5.0163373e-13	
   4.6000000e-01	  -3.6895576e-01	   7.8871937e+01	   1.5594004e-02	   5.0065099e-13	
   4.7000000e-01	  -3.7765421e-01	   7.8697500e+01	   1.5334620e-02	   4.9964925e-13	
   4.8000000e-01	  -3.8632748e-01	   7.8574038e+01	   1.5082878e-02	   4.9865240e-13	
   4.9000000e-01	  -3.9489791e-01	   7.8667903e+01	   1.4838326e-02	   4.9766932e-13	
   5.0000000e-01	  -4.0347253e-01	   7.8755046e+01	   1.4600571e-02	   4.9668770e-13	
   5.1000000e-01	  -4.1215410e-01	   7.8629157e+01	   1.4369271e-02	   4.9569581e-13	
   5.2000000e-01	  -4.2084660e-01	   7.8481088e+01	   1.4144143e-02	   4.9470466e-13	
   5.3000000e-01	  -4.2942977e-01	   7.8566486e+01	   1.3924960e-02	   4.9372791e-13	
   5.4000000e-01	  -4.3803047e-01	   7.8617949e+01	   1.3711544e-02	   4.9275111e-13	
   5.5000000e-01	  -4.4668846e-01	   7.8554785e+01	   1.3503763e-02	   4.9176975e-13	
   5.6000000e-01	  -4.5534416e-01	   7.8499373e+01	   1.3301517e-02	   4.9079061e-13	
   5.7000000e-01	  -4.6399484e-01	   7.8457511e+01	   1.3104732e-02	   4.8981398e-13	
   5.8000000e-01	  -4.7263772e-01	   7.8435225e+01	   1.2913345e-02	   4.8884017e-13	
   5.9000000e-01	  -4.8124549e-01	   7.8490073e+01	   1.2727299e-02	   4.8787224e-13	
   6.0000000e-01	  -4.8985826e-01	   7.8536534e+01	   1.2546528e-02	   4.8690567e-13	
   6.1000000e-01	  -4.9855042e-01	   7.8419985e+01	   1.2370958e-02	   4.8593213e-13	
   6.2000000e-01	  -5.0722910e-01	   7.8332794e+01	   1.2200496e-02	   4.8496204e-13	
   6.3000000e-01	  -5.1583130e-01	   7.8411932e+01	   1.2035038e-02	   4.8400242e-13	
   6.4000000e-01	  -5.2445012e-01	   7.8457566e+01	   1.1874460e-02	   4.8304284e-13	
   6.5000000e-01	  -5.3312206e-01	   7.8394444e+01	   1.1718627e-02	   4.8207927e-13	
   6.6000000e-01	  -5.4181465e-01	   7.8289115e+01	   1.1567394e-02	   4.8111533e-13	
   6.7000000e-01	  -5.5045672e-01	   7.8294783e+01	   1.1420608e-02	   4.8015890e-13	
   6.8000000e-01	  -5.5905500e-01	   7.8396183e+01	   1.1278108e-02	   4.7920921e-13	
   6.9000000e-01	  -5.6772825e-01	   7.8341059e+01	   1.1139732e-02	   4.7825315e-13	
   7.0000000e-01	  -5.7643918e-01	   7.8206325e+01	   1.1005318e-02	   4.7729484e-13	
   7.1000000e-01	  -5.8508001e-01	   7.8225316e+01	   1.0874701e-02	   4.7634615e-13	
   7.2000000e-01	  -5.9369391e-01	   7.8304039e+01	   1.0747716e-02	   4.7540229e-13	
   7.3000000e-01	  -6.0234203e-01	   7.8310947e+01	   1.0624201e-02	   4.7445656e-13	
   7.4000000e-01	  -6.1103769e-01	   7.8217947e+01	   1.0503993e-02	   4.7350753e-13	
   7.5000000e-01	  -6.1973659e-01	   7.8117795e+01	   1.0386933e-02	   4.7256005e-13	
   7.6000000e-01	  -6.2836057e-01	   7.8183086e+01	   1.0272862e-02	   4.7162259e-13	
   7.7000000e-01	  -6.3697164e-01	   7.8275992e+01	   1.0161623e-02	   4.7068840e-13	
   7.8000000e-01	  -6.4566115e-01	   7.8202089e+01	   1.0053063e-02	   4.6974757e-13	
   7.9000000e-01	  -6.5436522e-01	   7.8096548e+01	   9.9470309e-03	   4.6880705e-13	
   8.0000000e-01	  -6.6302360e-01	   7.8091835e+01	   9.8433805e-03	   4.6787334e-13	
   8.1000000e-01	  -6.7165780e-01	   7.8141222e+01	   9.7419688e-03	   4.6694409e-13	
   8.2000000e-01	  -6.8030190e-01	   7.8169851e+01	   9.6426574e-03	   4.6601562e-13	
   8.3000000e-01	  -6.8899157e-01	   7.8101146e+01	   9.5453131e-03	   4.6508411e-13	
   8.4000000e-01	  -6.9768992e-01	   7.8013720e+01	   9.4498079e-03	   4.6415354e-13	
   8.5000000e-01	  -7.0633535e-01	   7.8044362e+01	   9.3560199e-03	   4.6323048e-13	
   8.6000000e-01	  -7.1497376e-01	   7.8091266e+01	   9.2638332e-03	   4.6231000e-13	
   8.7000000e-01	  -7.2365286e-01	   7.8050448e+01	   9.1731388e-03	   4.6138702e-13	
   8.8000000e-01	  -7.3234126e-01	   7.7990010e+01	   9.0838349e-03	   4.6046490e-13	
   8.9000000e-01	  -7.4101250e-01	   7.7968380e+01	   8.9958270e-03	   4.5954644e-13	
   9.0000000e-01	  -7.4966148e-01	   7.7997001e+01	   8.9090293e-03	   4.5863217e-13	
   9.1000000e-01	  -7.5831332e-01	   7.8019851e+01	   8.8233645e-03	   4.5771941e-13	
   9.2000000e-01	  -7.6700218e-01	   7.7961939e+01	   8.7387645e-03	   4.5680457e-13	
   9.3000000e-01	  -7.7569031e-01	   7.7905577e+01	   8.6551714e-03	   4.5589164e-13	
   9.4000000e-01	  -7.8434016e-01	   7.7934821e+01	   8.5725374e-03	   4.5498454e-13	
   9.5000000e-01	  -7.9298868e-01	   7.7966906e+01	   8.4908258e-03	   4.5407939e-13	
   9.6000000e-01	  -8.0166084e-01	   7.7946990e+01	   8.4100107e-03	   4.5317357e-13	
   9.7000000e-01	  -8.1034512e-01	   7.7900276e+01	   8.3300777e-03	   4.5226830e-13	
   9.8000000e-01	  -8.1902317e-01	   7.7867277e+01	   8.2510231e-03	   4.5136548e-13	
   9.9000000e-01	  -8.2767465e-01	   7.7893585e+01	   8.1728541e-03	   4.5046722e-13	
   1.0000000e+00	  -8.3632420e-01	   7.7924070e+01	   8.0955877e-03	   4.4957095e-13	
