   0.0000000e+00	   0.0000000e+00	   0.0000000e+00	   1.0494312e-01	   5.4504287e-13	
   1.0000000e-02	   2.2911958e-03	   8.3690679e+01	   8.8456638e-02	   5.4533049e-13	
   2.0000000e-02	  -6.4845632e-03	   7.9536349e+01	   7.7158877e-02	   5.4422966e-13	
   3.0000000e-02	  -1.1753607e-02	   8.0412716e+01	   6.8859543e-02	   5.4356977e-13	
   4.0000000e-02	  -1.8993165e-02	   7.8854083e+01	   6.2395277e-02	   5.4266441e-13	
   5.0000000e-02	  -2.5175302e-02	   8.0066252e+01	   5.7263884e-02	   5.4189249e-13	
   6.0000000e-02	  -3.0193975e-02	   8.2649669e+01	   5.3080001e-02	   5.4126664e-13	
   7.0000000e-02	  -4.0077324e-02	   7.9674541e+01	   4.9544675e-02	   5.4003627e-13	
   8.0000000e-02	  -4.6618855e-02	   8.1319177e+01	   4.6493515e-02	   5.3922345e-13	
   9.0000000e-02	  -5.5942763e-02	   7.9023206e+01	   4.3844159e-02	   5.3806703e-13	
   1.0000000e-01	  -6.3475012e-02	   7.9854453e+01	   4.1536390e-02	   5.3713464e-13	
   1.1000000e-01	  -7.0182368e-02	   8.1707614e+01	   3.9510630e-02	   5.3630571e-13	
   1.2000000e-01	  -8.0642304e-02	   7.7916150e+01	   3.7711413e-02	   5.3501558e-13	
   1.3000000e-01	  -8.7462208e-02	   8.0558912e+01	   3.6092767e-02	   5.3417608e-13	
   1.4000000e-01	  -9.6050036e-02	   8.0044274e+01	   3.4619080e-02	   5.3312084e-13	
   1.5000000e-01	  -1.0460347e-01	   7.9580755e+01	   3.3263979e-02	   5.3207189e-13	
   1.6000000e-01	  -1.1238373e-01	   8.0425198e+01	   3.2009091e-02	   5.3111955e-13	
   1.7000000e-01	  -1.2120668e-01	   7.9636351e+01	   3.0842765e-02	   5.3004164e-13	
   1.8000000e-01	  -1.2973501e-01	   7.9317291e+01	   2.9758264e-02	   5.2900181e-13	
   1.9000000e-01	  -1.3784244e-01	   7.9791326e+01	   2.8751426e-02	   5.2801519e-13	
   2.0000000e-01	  -1.4645844e-01	   7.9406138e+01	   2.7818429e-02	   5.2696869e-13	
   2.1000000e-01	  -1.5454125e-01	   7.9980540e+01	   2.6954462e-02	   5.2598885e-13	
   2.2000000e-01	  -1.6346879e-01	   7.9118215e+01	   2.6153508e-02	   5.2490871e-13	
   2.3000000e-01	  -1.7183417e-01	   7.9296535e+01	   2.5408888e-02	   5.2389861e-13	
   2.4000000e-01	  -1.8007251e-01	   7.9718607e+01	   2.4713961e-02	   5.2290574e-13	
   2.5000000e-01	  -1.8884890e-01	   7.9207123e+01	   2.4062645e-02	   5.2185010e-13	
   2.6000000e-01	  -1.9741312e-01	   7.9092297e+01	   2.3449657e-02	   5.2082203e-13	
   2.7000000e-01	  -2.0571983e-01	   7.9480846e+01	   2.2870540e-02	   5.1982681e-13	
   2.8000000e-01	  -2.1441610e-01	   7.9166327e+01	   2.2321589e-02	   5.1878696e-13	
   2.9000000e-01	  -2.2304431e-01	   7.8983270e+01	   2.1799731e-02	   5.1775730e-13	
   3.0000000e-01	  -2.3146005e-01	   7.9225749e+01	   2.1302421e-02	   5.1675496e-13	
   3.1000000e-01	  -2.4004897e-01	   7.9148443e+01	   2.0827541e-02	   5.1573400e-13	
   3.2000000e-01	  -2.4867542e-01	   7.9008510e+01	   2.0373327e-02	   5.1471061e-13	
   3.3000000e-01	  -2.5724888e-01	   7.8981227e+01	   1.9938304e-02	   5.1369551e-13	
   3.4000000e-01	  -2.6579029e-01	   7.9026796e+01	   1.9521219e-02	   5.1268620e-13	
   3.5000000e-01	  -2.7435106e-01	   7.9043777e+01	   1.9120992e-02	   5.1167660e-13	
   3.6000000e-01	  -2.8301123e-01	   7.8874550e+01	   1.8736662e-02	   5.1065729e-13	
   3.7000000e-01	  -2.9160372e-01	   7.8847292e+01	   1.8367356e-02	   5.0964796e-13	
   3.8000000e-01	  -3.0008351e-01	   7.9050809e+01	   1.8012250e-02	   5.0865382e-13	
   3.9000000e-01	  -3.0872895e-01	   7.8938042e+01	   1.7670562e-02	   5.0764225e-13	
   4.0000000e-01	  -3.1743005e-01	   7.8717296e+01	   1.7341533e-02	   5.0662621e-13	
   4.1000000e-01	  -3.2599912e-01	   7.8771168e+01	   1.7024431e-02	   5.0562757e-13	
   4.2000000e-01	  -3.3450210e-01	   7.8961399e+01	   1.6718545e-02	   5.0463858e-13	
   4.3000000e-01	  -3.4314807e-01	   7.8874409e+01	   1.6423195e-02	   5.0363494e-13	
   4.4000000e-01	  -3.5189477e-01	   7.8583841e+01	   1.6137728e-02	   5.0262164e-13	
   4.5000000e-01	  -3.6043226e-01	   7.8728466e+01	   1.5861526e-02	   5.0163454e-13	
   4.6000000e-01	  -3.6897915e-01	   7.8853866e+01	   1.5594004e-02	   5.0064830e-13	
   4.7000000e-01	  -3.7769558e-01	   7.8641473e+01	   1.5334620e-02	   4.9964449e-13	
   4.8000000e-01	  -3.8634265e-01	   7.8571877e+01	   1.5082878e-02	   4.9865066e-13	
   4.9000000e-01	  -3.9490196e-01	   7.8688696e+01	   1.4838326e-02	   4.9766886e-13	
   5.0000000e-01	  -4.0349629e-01	   7.8735977e+01	   1.4600571e-02	   4.9668498e-13	
   5.1000000e-01	  -4.1219732e-01	   7.8569022e+01	   1.4369271e-02	   4.9569088e-13	
   5.2000000e-01	  -4.2086429e-01	   7.8473724e+01	   1.4144143e-02	   4.9470264e-13	
   5.3000000e-01	  -4.2943272e-01	   7.8590091e+01	   1.3924960e-02	   4.9372758e-13	
   5.4000000e-01	  -4.3805214e-01	   7.8602906e+01	   1.3711544e-02	   4.9274865e-13	
   5.5000000e-01	  -4.4671779e-01	   7.8523557e+01	   1.3503763e-02	   4.9176643e-13	
   5.6000000e-01	  -4.5537093e-01	   7.8473225e+01	   1.3301517e-02	   4.9078758e-13	
   5.7000000e-01	  -4.6401751e-01	   7.8439890e+01	   1.3104732e-02	   4.8981142e-13	
   5.8000000e-01	  -4.7265102e-01	   7.8437528e+01	   1.2913345e-02	   4.8883867e-13	
   5.9000000e-01	  -4.8125396e-01	   7.8502514e+01	   1.2727299e-02	   4.8787129e-13	
   6.0000000e-01	  -4.8988802e-01	   7.8504737e+01	   1.2546528e-02	   4.8690234e-13	
   6.1000000e-01	  -4.9858986e-01	   7.8366570e+01	   1.2370958e-02	   4.8592772e-13	
   6.2000000e-01	  -5.0724197e-01	   7.8336062e+01	   1.2200496e-02	   4.8496061e-13	
   6.3000000e-01	  -5.1583661e-01	   7.8431201e+01	   1.2035038e-02	   4.8400182e-13	
   6.4000000e-01	  -5.2447332e-01	   7.8439263e+01	   1.1874460e-02	   4.8304026e-13	
   6.5000000e-01	  -5.3315722e-01	   7.8350386e+01	   1.1718627e-02	   4.8207536e-13	
   6.6000000e-01	  -5.4183994e-01	   7.8265524e+01	   1.1567394e-02	   4.8111253e-13	
   6.7000000e-01	  -5.5045928e-01	   7.8320322e+01	   1.1420608e-02	   4.8015862e-13	
   6.8000000e-01	  -5.5907147e-01	   7.8392039e+01	   1.1278108e-02	   4.7920740e-13	
   6.9000000e-01	  -5.6777089e-01	   7.8280790e+01	   1.1139732e-02	   4.7824845e-13	
   7.0000000e-01	  -5.7646342e-01	   7.8184817e+01	   1.1005318e-02	   4.7729218e-13	
   7.1000000e-01	  -5.8508287e-01	   7.8250448e+01	   1.0874701e-02	   4.7634583e-13	
   7.2000000e-01	  -5.9370571e-01	   7.8309766e+01	   1.0747716e-02	   4.7540100e-13	
   7.3000000e-01	  -6.0237354e-01	   7.8274675e+01	   1.0624201e-02	   4.7445312e-13	
   7.4000000e-01	  -6.1107818e-01	   7.8161192e+01	   1.0503993e-02	   4.7350312e-13	
   7.5000000e-01	  -6.1975196e-01	   7.8115660e+01	   1.0386933e-02	   4.7255837e-13	
   7.6000000e-01	  -6.2835551e-01	   7.8225251e+01	   1.0272862e-02	   4.7162314e-13	
   7.7000000e-01	  -6.3699388e-01	   7.8259452e+01	   1.0161623e-02	   4.7068599e-13	
   7.8000000e-01	  -6.4570376e-01	   7.8140935e+01	   1.0053063e-02	   4.6974296e-13	
   7.9000000e-01	  -6.5439046e-01	   7.8072587e+01	   9.9470309e-03	   4.6880433e-13	
   8.0000000e-01	  -6.6303176e-01	   7.8105570e+01	   9.8433805e-03	   4.6787246e-13	
   8.1000000e-01	  -6.7166572e-01	   7.8155357e+01	   9.7419688e-03	   4.6694323e-13	
   8.2000000e-01	  -6.8032770e-01	   7.8145382e+01	   9.6426574e-03	   4.6601285e-13	
   8.3000000e-01	  -6.8903026e-01	   7.8047911e+01	   9.5453131e-03	   4.6507997e-13	
   8.4000000e-01	  -6.9770857e-01	   7.8004394e+01	   9.4498079e-03	   4.6415155e-13	
   8.5000000e-01	  -7.0633946e-01	   7.8067209e+01	   9.3560199e-03	   4.6323004e-13	
   8.6000000e-01	  -7.1499451e-01	   7.8077750e+01	   9.2638332e-03	   4.6230779e-13	
   8.7000000e-01	  -7.2368475e-01	   7.8012305e+01	   9.1731388e-03	   4.6138363e-13	
   8.8000000e-01	  -7.3236637e-01	   7.7966564e+01	   9.0838349e-03	   4.6046224e-13	
   8.9000000e-01	  -7.4102613e-01	   7.7970506e+01	   8.9958270e-03	   4.5954500e-13	
   9.0000000e-01	  -7.4967189e-01	   7.8006265e+01	   8.9090293e-03	   4.5863107e-13	
   9.1000000e-01	  -7.5833990e-01	   7.7993595e+01	   8.8233645e-03	   4.5771661e-13	
   9.2000000e-01	  -7.6703634e-01	   7.7918410e+01	   8.7387645e-03	   4.5680098e-13	
   9.3000000e-01	  -7.7570608e-01	   7.7902935e+01	   8.6551714e-03	   4.5588998e-13	
   9.4000000e-01	  -7.8434792e-01	   7.7949972e+01	   8.5725374e-03	   4.5498373e-13	
   9.5000000e-01	  -7.9300880e-01	   7.7954739e+01	   8.4908258e-03	   4.5407729e-13	
   9.6000000e-01	  -8.0169031e-01	   7.7914017e+01	   8.4100107e-03	   4.5317050e-13	
   9.7000000e-01	  -8.1037322e-01	   7.7870007e+01	   8.3300777e-03	   4.5226537e-13	
   9.8000000e-01	  -8.1903786e-01	   7.7866870e+01	   8.2510231e-03	   4.5136395e-13	
   9.9000000e-01	  -8.2768235e-01	   7.7908680e+01	   8.1728541e-03	   4.5046642e-13	
   1.0000000e+00	  -8.3634757e-01	   7.7904542e+01	   8.0955877e-03	   4.4956853e-13	
