   0.0000000e+00	   0.0000000e+00	   0.0000000e+00	   1.0494312e-01	   5.4504287e-13	
   1.0000000e-02	   2.1939958e-03	   8.3649171e+01	   8.8456638e-02	   5.4531828e-13	
   2.0000000e-02	  -6.7400355e-03	   7.9099005e+01	   7.7158877e-02	   5.4419764e-13	
   3.0000000e-02	  -1.1921317e-02	   8.0214685e+01	   6.8859543e-02	   5.4354878e-13	
   4.0000000e-02	  -1.9451363e-02	   7.7847301e+01	   6.2395277e-02	   5.4260716e-13	
   5.0000000e-02	  -2.5303862e-02	   7.9934729e+01	   5.7263884e-02	   5.4187645e-13	
   6.0000000e-02	  -3.0738960e-02	   8.2194890e+01	   5.3080001e-02	   5.4119872e-13	
   7.0000000e-02	  -3.9990634e-02	   7.9920428e+01	   4.9544675e-02	   5.4004705e-13	
   8.0000000e-02	  -4.6411053e-02	   8.1637303e+01	   4.6493515e-02	   5.3924926e-13	
   9.0000000e-02	  -5.6479380e-02	   7.7913915e+01	   4.3844159e-02	   5.3800055e-13	
   1.0000000e-01	  -6.3216345e-02	   8.0368524e+01	   4.1536390e-02	   5.3716663e-13	
   1.1000000e-01	  -7.0505754e-02	   8.1419881e+01	   3.9510630e-02	   5.3626578e-13	
   1.2000000e-01	  -8.0823607e-02	   7.7586847e+01	   3.7711413e-02	   5.3499325e-13	
   1.3000000e-01	  -8.7349147e-02	   8.0809984e+01	   3.6092767e-02	   5.3418999e-13	
   1.4000000e-01	  -9.6361354e-02	   7.9630505e+01	   3.4619080e-02	   5.3308262e-13	
   1.5000000e-01	  -1.0456953e-01	   7.9753466e+01	   3.3263979e-02	   5.3207604e-13	
   1.6000000e-01	  -1.1252510e-01	   8.0314940e+01	   3.2009091e-02	   5.3110226e-13	
   1.7000000e-01	  -1.2148978e-01	   7.9235546e+01	   3.0842765e-02	   5.3000709e-13	
   1.8000000e-01	  -1.2966383e-01	   7.9566346e+01	   2.9758264e-02	   5.2901048e-13	
   1.9000000e-01	  -1.3800181e-01	   7.9631340e+01	   2.8751426e-02	   5.2799581e-13	
   2.0000000e-01	  -1.4646989e-01	   7.9505361e+01	   2.7818429e-02	   5.2696730e-13	
   2.1000000e-01	  -1.5478699e-01	   7.9684692e+01	   2.6954462e-02	   5.2595908e-13	
   2.2000000e-01	  -1.6365086e-01	   7.8885688e+01	   2.6153508e-02	   5.2488671e-13	
   2.3000000e-01	  -1.7172768e-01	   7.9611620e+01	   2.5408888e-02	   5.2391145e-13	
   2.4000000e-01	  -1.8027074e-01	   7.9493427e+01	   2.4713961e-02	   5.2288187e-13	
   2.5000000e-01	  -1.8904499e-01	   7.8956108e+01	   2.4062645e-02	   5.2182654e-13	
   2.6000000e-01	  -1.9739118e-01	   7.9265486e+01	   2.3449657e-02	   5.2082466e-13	
   2.7000000e-01	  -2.0585978e-01	   7.9353428e+01	   2.2870540e-02	   5.1981006e-13	
   2.8000000e-01	  -2.1462350e-01	   7.8892921e+01	   2.2321589e-02	   5.1876218e-13	
   2.9000000e-01	  -2.2305062e-01	   7.9106199e+01	   2.1799731e-02	   5.1775654e-13	
   3.0000000e-01	  -2.3155340e-01	   7.9180776e+01	   2.1302421e-02	   5.1674385e-13	
   3.1000000e-01	  -2.4020695e-01	   7.8975982e+01	   2.0827541e-02	   5.1571524e-13	
   3.2000000e-01	  -2.4878642e-01	   7.8925686e+01	   2.0373327e-02	   5.1469745e-13	
   3.3000000e-01	  -2.5732797e-01	   7.8962080e+01	   1.9938304e-02	   5.1368616e-13	
   3.4000000e-01	  -2.6587945e-01	   7.8988565e+01	   1.9521219e-02	   5.1267568e-13	
   3.5000000e-01	  -2.7450379e-01	   7.8879685e+01	   1.9120992e-02	   5.1165860e-13	
   3.6000000e-01	  -2.8312611e-01	   7.8782343e+01	   1.8736662e-02	   5.1064378e-13	
   3.7000000e-01	  -2.9162095e-01	   7.8952365e+01	   1.8367356e-02	   5.0964593e-13	
   3.8000000e-01	  -3.0022463e-01	   7.8912199e+01	   1.8012250e-02	   5.0863729e-13	
   3.9000000e-01	  -3.0892696e-01	   7.8678108e+01	   1.7670562e-02	   5.0761911e-13	
   4.0000000e-01	  -3.1749790e-01	   7.8721731e+01	   1.7341533e-02	   5.0661830e-13	
   4.1000000e-01	  -3.2600736e-01	   7.8896196e+01	   1.7024431e-02	   5.0562661e-13	
   4.2000000e-01	  -3.3463654e-01	   7.8835374e+01	   1.6718545e-02	   5.0462296e-13	
   4.3000000e-01	  -3.4337912e-01	   7.8543347e+01	   1.6423195e-02	   5.0360815e-13	
   4.4000000e-01	  -3.5192911e-01	   7.8659379e+01	   1.6137728e-02	   5.0261767e-13	
   4.5000000e-01	  -3.6045608e-01	   7.8823385e+01	   1.5861526e-02	   5.0163179e-13	
   4.6000000e-01	  -3.6917803e-01	   7.8592158e+01	   1.5594004e-02	   5.0062537e-13	
   4.7000000e-01	  -3.7782269e-01	   7.8522368e+01	   1.5334620e-02	   4.9962987e-13	
   4.8000000e-01	  -3.8637395e-01	   7.8654150e+01	   1.5082878e-02	   4.9864706e-13	
   4.9000000e-01	  -3.9498307e-01	   7.8667978e+01	   1.4838326e-02	   4.9765956e-13	
   5.0000000e-01	  -4.0368502e-01	   7.8491457e+01	   1.4600571e-02	   4.9666340e-13	
   5.1000000e-01	  -4.1232936e-01	   7.8439199e+01	   1.4369271e-02	   4.9567581e-13	
   5.2000000e-01	  -4.2088062e-01	   7.8589542e+01	   1.4144143e-02	   4.9470078e-13	
   5.3000000e-01	  -4.2952204e-01	   7.8552932e+01	   1.3924960e-02	   4.9371742e-13	
   5.4000000e-01	  -4.3820571e-01	   7.8430041e+01	   1.3711544e-02	   4.9273123e-13	
   5.5000000e-01	  -4.4684492e-01	   7.8405318e+01	   1.3503763e-02	   4.9175204e-13	
   5.6000000e-01	  -4.5547165e-01	   7.8411179e+01	   1.3301517e-02	   4.9077620e-13	
   5.7000000e-01	  -4.6409567e-01	   7.8426205e+01	   1.3104732e-02	   4.8980261e-13	
   5.8000000e-01	  -4.7271674e-01	   7.8450558e+01	   1.2913345e-02	   4.8883128e-13	
   5.9000000e-01	  -4.8137861e-01	   7.8390646e+01	   1.2727299e-02	   4.8785729e-13	
   6.0000000e-01	  -4.9006329e-01	   7.8283145e+01	   1.2546528e-02	   4.8688269e-13	
   6.1000000e-01	  -4.9867431e-01	   7.8339296e+01	   1.2370958e-02	   4.8591827e-13	
   6.2000000e-01	  -5.0727658e-01	   7.8416044e+01	   1.2200496e-02	   4.8495674e-13	
   6.3000000e-01	  -5.1594789e-01	   7.8347474e+01	   1.2035038e-02	   4.8398942e-13	
   6.4000000e-01	  -5.2463279e-01	   7.8251230e+01	   1.1874460e-02	   4.8302252e-13	
   6.5000000e-01	  -5.3327824e-01	   7.8243975e+01	   1.1718627e-02	   4.8206193e-13	
   6.6000000e-01	  -5.4188248e-01	   7.8329390e+01	   1.1567394e-02	   4.8110781e-13	
   6.7000000e-01	  -5.5054052e-01	   7.8300748e+01	   1.1420608e-02	   4.8014964e-13	
   6.8000000e-01	  -5.5925082e-01	   7.8159752e+01	   1.1278108e-02	   4.7918761e-13	
   6.9000000e-01	  -5.6788808e-01	   7.8182305e+01	   1.1139732e-02	   4.7823554e-13	
   7.0000000e-01	  -5.7649676e-01	   7.8269554e+01	   1.1005318e-02	   4.7728851e-13	
   7.1000000e-01	  -5.8516366e-01	   7.8231840e+01	   1.0874701e-02	   4.7633697e-13	
   7.2000000e-01	  -5.9385886e-01	   7.8133550e+01	   1.0747716e-02	   4.7538423e-13	
   7.3000000e-01	  -6.0253162e-01	   7.8086167e+01	   1.0624201e-02	   4.7443585e-13	
   7.4000000e-01	  -6.1114573e-01	   7.8171174e+01	   1.0503993e-02	   4.7349575e-13	
   7.5000000e-01	  -6.1977319e-01	   7.8226989e+01	   1.0386933e-02	   4.7255606e-13	
   7.6000000e-01	  -6.2848323e-01	   7.8103464e+01	   1.0272862e-02	   4.7160927e-13	
   7.7000000e-01	  -6.3717532e-01	   7.8019113e+01	   1.0161623e-02	   4.7066633e-13	
   7.8000000e-01	  -6.4580153e-01	   7.8083986e+01	   1.0053063e-02	   4.6973239e-13	
   7.9000000e-01	  -6.5443588e-01	   7.8131138e+01	   9.9470309e-03	   4.6879943e-13	
   8.0000000e-01	  -6.6310820e-01	   7.8095785e+01	   9.8433805e-03	   4.6786423e-13	
   8.1000000e-01	  -6.7180619e-01	   7.8004190e+01	   9.7419688e-03	   4.6692813e-13	
   8.2000000e-01	  -6.8047899e-01	   7.7969895e+01	   9.6426574e-03	   4.6599661e-13	
   8.3000000e-01	  -6.8910474e-01	   7.8042848e+01	   9.5453131e-03	   4.6507199e-13	
   8.4000000e-01	  -6.9776093e-01	   7.8048697e+01	   9.4498079e-03	   4.6414595e-13	
   8.5000000e-01	  -7.0646037e-01	   7.7959295e+01	   9.3560199e-03	   4.6321714e-13	
   8.6000000e-01	  -7.1513586e-01	   7.7924522e+01	   9.2638332e-03	   4.6229274e-13	
   8.7000000e-01	  -7.2378509e-01	   7.7950475e+01	   9.1731388e-03	   4.6137297e-13	
   8.8000000e-01	  -7.3243782e-01	   7.7969474e+01	   9.0838349e-03	   4.6045467e-13	
   8.9000000e-01	  -7.4111430e-01	   7.7936143e+01	   8.9958270e-03	   4.5953567e-13	
   9.0000000e-01	  -7.4980617e-01	   7.7868595e+01	   8.9090293e-03	   4.5861689e-13	
   9.1000000e-01	  -7.5846516e-01	   7.7876402e+01	   8.8233645e-03	   4.5770341e-13	
   9.2000000e-01	  -7.6710626e-01	   7.7925074e+01	   8.7387645e-03	   4.5679362e-13	
   9.3000000e-01	  -7.7578143e-01	   7.7897280e+01	   8.6551714e-03	   4.5588207e-13	
   9.4000000e-01	  -7.8446940e-01	   7.7840606e+01	   8.5725374e-03	   4.5497100e-13	
   9.5000000e-01	  -7.9313821e-01	   7.7827554e+01	   8.4908258e-03	   4.5406376e-13	
   9.6000000e-01	  -8.0179024e-01	   7.7852771e+01	   8.4100107e-03	   4.5316007e-13	
   9.7000000e-01	  -8.1044283e-01	   7.7876559e+01	   8.3300777e-03	   4.5225812e-13	
   9.8000000e-01	  -8.1912422e-01	   7.7835522e+01	   8.2510231e-03	   4.5135498e-13	
   9.9000000e-01	  -8.2781259e-01	   7.7778444e+01	   8.1728541e-03	   4.5045291e-13	
   1.0000000e+00	  -8.3646848e-01	   7.7795682e+01	   8.0955877e-03	   4.4955601e-13	
