   0.0000000e+00	   0.0000000e+00	   0.0000000e+00	   1.0494312e-01	   5.4504287e-13	
   1.0000000e-02	   2.1741928e-03	   8.3640495e+01	   8.8456638e-02	   5.4531580e-13	
   2.0000000e-02	  -6.7895955e-03	   7.9008666e+01	   7.7158877e-02	   5.4419143e-13	
   3.0000000e-02	  -1.1953742e-02	   8.0175513e+01	   6.8859543e-02	   5.4354472e-13	
   4.0000000e-02	  -1.9536174e-02	   7.7632793e+01	   6.2395277e-02	   5.4259657e-13	
   5.0000000e-02	  -2.5326803e-02	   7.9912455e+01	   5.7263884e-02	   5.4187358e-13	
   6.0000000e-02	  -3.0856573e-02	   8.2088585e+01	   5.3080001e-02	   5.4118407e-13	
   7.0000000e-02	  -3.9971067e-02	   7.9971915e+01	   4.9544675e-02	   5.4004948e-13	
   8.0000000e-02	  -4.6383257e-02	   8.1683190e+01	   4.6493515e-02	   5.3925271e-13	
   9.0000000e-02	  -5.6565906e-02	   7.7710191e+01	   4.3844159e-02	   5.3798983e-13	
   1.0000000e-01	  -6.3167008e-02	   8.0461372e+01	   4.1536390e-02	   5.3717273e-13	
   1.1000000e-01	  -7.0593495e-02	   8.1331919e+01	   3.9510630e-02	   5.3625494e-13	
   1.2000000e-01	  -8.0825996e-02	   7.7614238e+01	   3.7711413e-02	   5.3499295e-13	
   1.3000000e-01	  -8.7349030e-02	   8.0828531e+01	   3.6092767e-02	   5.3419000e-13	
   1.4000000e-01	  -9.6415626e-02	   7.9556672e+01	   3.4619080e-02	   5.3307596e-13	
   1.5000000e-01	  -1.0455846e-01	   7.9794630e+01	   3.3263979e-02	   5.3207740e-13	
   1.6000000e-01	  -1.1256937e-01	   8.0268085e+01	   3.2009091e-02	   5.3109685e-13	
   1.7000000e-01	  -1.2152941e-01	   7.9183525e+01	   3.0842765e-02	   5.3000226e-13	
   1.8000000e-01	  -1.2964995e-01	   7.9614086e+01	   2.9758264e-02	   5.2901217e-13	
   1.9000000e-01	  -1.3803830e-01	   7.9590260e+01	   2.8751426e-02	   5.2799138e-13	
   2.0000000e-01	  -1.4647223e-01	   7.9524932e+01	   2.7818429e-02	   5.2696702e-13	
   2.1000000e-01	  -1.5484821e-01	   7.9601492e+01	   2.6954462e-02	   5.2595167e-13	
   2.2000000e-01	  -1.6366050e-01	   7.8893020e+01	   2.6153508e-02	   5.2488554e-13	
   2.3000000e-01	  -1.7171738e-01	   7.9653283e+01	   2.5408888e-02	   5.2391269e-13	
   2.4000000e-01	  -1.8032238e-01	   7.9424890e+01	   2.4713961e-02	   5.2287565e-13	
   2.5000000e-01	  -1.8906977e-01	   7.8933277e+01	   2.4062645e-02	   5.2182356e-13	
   2.6000000e-01	  -1.9738569e-01	   7.9301514e+01	   2.3449657e-02	   5.2082532e-13	
   2.7000000e-01	  -2.0590340e-01	   7.9298293e+01	   2.2870540e-02	   5.1980484e-13	
   2.8000000e-01	  -2.1464991e-01	   7.8866830e+01	   2.2321589e-02	   5.1875903e-13	
   2.9000000e-01	  -2.2304953e-01	   7.9134998e+01	   2.1799731e-02	   5.1775667e-13	
   3.0000000e-01	  -2.3158270e-01	   7.9151307e+01	   2.1302421e-02	   5.1674037e-13	
   3.1000000e-01	  -2.4023612e-01	   7.8945284e+01	   2.0827541e-02	   5.1571178e-13	
   3.2000000e-01	  -2.4880403e-01	   7.8918042e+01	   2.0373327e-02	   5.1469536e-13	
   3.3000000e-01	  -2.5734315e-01	   7.8959473e+01	   1.9938304e-02	   5.1368436e-13	
   3.4000000e-01	  -2.6590210e-01	   7.8971255e+01	   1.9521219e-02	   5.1267300e-13	
   3.5000000e-01	  -2.7453466e-01	   7.8845230e+01	   1.9120992e-02	   5.1165497e-13	
   3.6000000e-01	  -2.8313746e-01	   7.8787538e+01	   1.8736662e-02	   5.1064245e-13	
   3.7000000e-01	  -2.9163179e-01	   7.8958583e+01	   1.8367356e-02	   5.0964466e-13	
   3.8000000e-01	  -3.0026526e-01	   7.8858784e+01	   1.8012250e-02	   5.0863253e-13	
   3.9000000e-01	  -3.0895297e-01	   7.8652692e+01	   1.7670562e-02	   5.0761607e-13	
   4.0000000e-01	  -3.1749990e-01	   7.8746527e+01	   1.7341533e-02	   5.0661806e-13	
   4.1000000e-01	  -3.2601942e-01	   7.8900239e+01	   1.7024431e-02	   5.0562521e-13	
   4.2000000e-01	  -3.3468206e-01	   7.8771673e+01	   1.6718545e-02	   5.0461767e-13	
   4.3000000e-01	  -3.4340718e-01	   7.8513036e+01	   1.6423195e-02	   5.0360489e-13	
   4.4000000e-01	  -3.5192060e-01	   7.8706261e+01	   1.6137728e-02	   5.0261865e-13	
   4.5000000e-01	  -3.6048529e-01	   7.8793093e+01	   1.5861526e-02	   5.0162842e-13	
   4.6000000e-01	  -3.6921696e-01	   7.8539356e+01	   1.5594004e-02	   5.0062088e-13	
   4.7000000e-01	  -3.7783073e-01	   7.8535256e+01	   1.5334620e-02	   4.9962894e-13	
   4.8000000e-01	  -3.8638326e-01	   7.8664181e+01	   1.5082878e-02	   4.9864599e-13	
   4.9000000e-01	  -3.9501577e-01	   7.8629631e+01	   1.4838326e-02	   4.9765581e-13	
   5.0000000e-01	  -4.0372079e-01	   7.8444826e+01	   1.4600571e-02	   4.9665931e-13	
   5.1000000e-01	  -4.1233293e-01	   7.8462068e+01	   1.4369271e-02	   4.9567540e-13	
   5.2000000e-01	  -4.2088983e-01	   7.8600075e+01	   1.4144143e-02	   4.9469973e-13	
   5.3000000e-01	  -4.2955687e-01	   7.8509542e+01	   1.3924960e-02	   4.9371347e-13	
   5.4000000e-01	  -4.3823349e-01	   7.8400798e+01	   1.3711544e-02	   4.9272808e-13	
   5.5000000e-01	  -4.4686224e-01	   7.8398727e+01	   1.3503763e-02	   4.9175008e-13	
   5.6000000e-01	  -4.5548644e-01	   7.8410130e+01	   1.3301517e-02	   4.9077453e-13	
   5.7000000e-01	  -4.6411026e-01	   7.8425656e+01	   1.3104732e-02	   4.8980096e-13	
   5.8000000e-01	  -4.7274008e-01	   7.8431386e+01	   1.2913345e-02	   4.8882865e-13	
   5.9000000e-01	  -4.8141432e-01	   7.8344344e+01	   1.2727299e-02	   4.8785328e-13	
   6.0000000e-01	  -4.9008230e-01	   7.8272776e+01	   1.2546528e-02	   4.8688055e-13	
   6.1000000e-01	  -4.9867690e-01	   7.8364762e+01	   1.2370958e-02	   4.8591798e-13	
   6.2000000e-01	  -5.0729835e-01	   7.8400297e+01	   1.2200496e-02	   4.8495431e-13	
   6.3000000e-01	  -5.1598243e-01	   7.8303681e+01	   1.2035038e-02	   4.8398557e-13	
   6.4000000e-01	  -5.2465764e-01	   7.8228010e+01	   1.1874460e-02	   4.8301976e-13	
   6.5000000e-01	  -5.3328549e-01	   7.8259617e+01	   1.1718627e-02	   4.8206113e-13	
   6.6000000e-01	  -5.4189535e-01	   7.8332718e+01	   1.1567394e-02	   4.8110639e-13	
   6.7000000e-01	  -5.5057927e-01	   7.8247700e+01	   1.1420608e-02	   4.8014536e-13	
   6.8000000e-01	  -5.5927586e-01	   7.8135848e+01	   1.1278108e-02	   4.7918484e-13	
   6.9000000e-01	  -5.6788961e-01	   7.8210724e+01	   1.1139732e-02	   4.7823538e-13	
   7.0000000e-01	  -5.7651417e-01	   7.8263100e+01	   1.1005318e-02	   4.7728660e-13	
   7.1000000e-01	  -5.8519848e-01	   7.8187094e+01	   1.0874701e-02	   4.7633316e-13	
   7.2000000e-01	  -5.9388962e-01	   7.8096913e+01	   1.0747716e-02	   4.7538087e-13	
   7.3000000e-01	  -6.0254043e-01	   7.8098650e+01	   1.0624201e-02	   4.7443489e-13	
   7.4000000e-01	  -6.1114655e-01	   7.8200958e+01	   1.0503993e-02	   4.7349566e-13	
   7.5000000e-01	  -6.1980548e-01	   7.8188093e+01	   1.0386933e-02	   4.7255255e-13	
   7.6000000e-01	  -6.2852496e-01	   7.8042119e+01	   1.0272862e-02	   4.7160474e-13	
   7.7000000e-01	  -6.3718689e-01	   7.8025384e+01	   1.0161623e-02	   4.7066507e-13	
   7.8000000e-01	  -6.4580482e-01	   7.8108594e+01	   1.0053063e-02	   4.6973203e-13	
   7.9000000e-01	  -6.5445555e-01	   7.8119527e+01	   9.9470309e-03	   4.6879730e-13	
   8.0000000e-01	  -6.6314232e-01	   7.8051911e+01	   9.8433805e-03	   4.6786055e-13	
   8.1000000e-01	  -6.7183640e-01	   7.7968319e+01	   9.7419688e-03	   4.6692488e-13	
   8.2000000e-01	  -6.8048561e-01	   7.7987470e+01	   9.6426574e-03	   4.6599590e-13	
   8.3000000e-01	  -6.8911273e-01	   7.8057162e+01	   9.5453131e-03	   4.6507114e-13	
   8.4000000e-01	  -6.9779343e-01	   7.8008509e+01	   9.4498079e-03	   4.6414248e-13	
   8.5000000e-01	  -7.0649050e-01	   7.7923727e+01	   9.3560199e-03	   4.6321393e-13	
   8.6000000e-01	  -7.1514962e-01	   7.7926138e+01	   9.2638332e-03	   4.6229128e-13	
   8.7000000e-01	  -7.2379664e-01	   7.7957140e+01	   9.1731388e-03	   4.6137175e-13	
   8.8000000e-01	  -7.3245885e-01	   7.7954896e+01	   9.0838349e-03	   4.6045244e-13	
   8.9000000e-01	  -7.4114605e-01	   7.7897197e+01	   8.9958270e-03	   4.5953231e-13	
   9.0000000e-01	  -7.4982777e-01	   7.7852405e+01	   8.9090293e-03	   4.5861461e-13	
   9.1000000e-01	  -7.5847166e-01	   7.7894675e+01	   8.8233645e-03	   4.5770272e-13	
   9.2000000e-01	  -7.6712506e-01	   7.7915557e+01	   8.7387645e-03	   4.5679165e-13	
   9.3000000e-01	  -7.7581316e-01	   7.7858334e+01	   8.6551714e-03	   4.5587874e-13	
   9.4000000e-01	  -7.8449326e-01	   7.7819248e+01	   8.5725374e-03	   4.5496850e-13	
   9.5000000e-01	  -7.9315134e-01	   7.7830672e+01	   8.4908258e-03	   4.5406238e-13	
   9.6000000e-01	  -8.0180100e-01	   7.7861220e+01	   8.4100107e-03	   4.5315895e-13	
   9.7000000e-01	  -8.1046629e-01	   7.7856342e+01	   8.3300777e-03	   4.5225568e-13	
   9.8000000e-01	  -8.1915730e-01	   7.7793112e+01	   8.2510231e-03	   4.5135154e-13	
   9.9000000e-01	  -8.2783070e-01	   7.7769998e+01	   8.1728541e-03	   4.5045103e-13	
   1.0000000e+00	  -8.3647684e-01	   7.7809501e+01	   8.0955877e-03	   4.4955515e-13	
