   0.0000000e+00	   0.0000000e+00	   0.0000000e+00	   1.0494312e-01	   5.4504287e-13	
   1.0000000e-02	   1.5795624e-03	   8.2913629e+01	   8.8456638e-02	   5.4524114e-13	
   2.0000000e-02	   1.6226517e-02	   8.9733598e+01	   7.7158877e-02	   5.4708312e-13	
   3.0000000e-02	   3.9970633e-02	   9.3163155e+01	   6.8859543e-02	   5.5008237e-13	
   4.0000000e-02	   6.9606653e-02	   9.5389827e+01	   6.2395277e-02	   5.5384893e-13	
   5.0000000e-02	   1.1284738e-01	   9.7333009e+01	   5.7263884e-02	   5.5939090e-13	
   6.0000000e-02	   1.6982540e-01	   9.9000142e+01	   5.3080001e-02	   5.6677828e-13	
   7.0000000e-02	   2.4895728e-01	   1.0057640e+02	   4.9544675e-02	   5.7720009e-13	
   8.0000000e-02	   2.9553323e-01	   1.0134723e+02	   4.6493515e-02	   5.8342359e-13	
   9.0000000e-02	   3.4831954e-01	   1.0208174e+02	   4.3844159e-02	   5.9055808e-13	
   1.0000000e-01	   4.2204972e-01	   1.0291812e+02	   4.1536390e-02	   6.0066957e-13	
   1.1000000e-01	   4.6428383e-01	   1.0336837e+02	   3.9510630e-02	   6.0653944e-13	
   1.2000000e-01	   4.6410859e-01	   1.0343585e+02	   3.7711413e-02	   6.0651496e-13	
   1.3000000e-01	   4.5718911e-01	   1.0344578e+02	   3.6092767e-02	   6.0554939e-13	
   1.4000000e-01	   4.7036852e-01	   1.0361942e+02	   3.4619080e-02	   6.0738982e-13	
   1.5000000e-01	   5.0360590e-01	   1.0393880e+02	   3.3263979e-02	   6.1205613e-13	
   1.6000000e-01	   5.4752197e-01	   1.0431130e+02	   3.2009091e-02	   6.1827667e-13	
   1.7000000e-01	   6.0014272e-01	   1.0471144e+02	   3.0842765e-02	   6.2581351e-13	
   1.8000000e-01	   6.6854397e-01	   1.0517342e+02	   2.9758264e-02	   6.3574808e-13	
   1.9000000e-01	   7.5963386e-01	   1.0571729e+02	   2.8751426e-02	   6.4922322e-13	
   2.0000000e-01	   8.7592983e-01	   1.0633003e+02	   2.7818429e-02	   6.6684307e-13	
   2.1000000e-01	   1.0227206e+00	   1.0700960e+02	   2.6954462e-02	   6.8976749e-13	
   2.2000000e-01	   1.2123101e+00	   1.0777514e+02	   2.6153508e-02	   7.2054593e-13	
   2.3000000e-01	   1.4557698e+00	   1.0862673e+02	   2.5408888e-02	   7.6209242e-13	
   2.4000000e-01	   1.7481450e+00	   1.0951308e+02	   2.4713961e-02	   8.1516432e-13	
   2.5000000e-01	   2.0611341e+00	   1.1034597e+02	   2.4062645e-02	   8.7608062e-13	
   2.6000000e-01	   2.3540289e+00	   1.1104654e+02	   2.3449657e-02	   9.3720273e-13	
   2.7000000e-01	   2.5939098e+00	   1.1157725e+02	   2.2870540e-02	   9.9042511e-13	
   2.8000000e-01	   2.7666572e+00	   1.1194085e+02	   2.2321589e-02	   1.0306148e-12	
   2.9000000e-01	   2.8754588e+00	   1.1216464e+02	   2.1799731e-02	   1.0567604e-12	
   3.0000000e-01	   2.9333829e+00	   1.1228476e+02	   2.1302421e-02	   1.0709494e-12	
   3.1000000e-01	   2.9536631e+00	   1.1233107e+02	   2.0827541e-02	   1.0759621e-12	
   3.2000000e-01	   2.9453635e+00	   1.1232226e+02	   2.0373327e-02	   1.0739078e-12	
   3.3000000e-01	   2.9214267e+00	   1.1228323e+02	   1.9938304e-02	   1.0680051e-12	
   3.4000000e-01	   2.9052359e+00	   1.1225891e+02	   1.9521219e-02	   1.0640309e-12	
   3.5000000e-01	   2.9173786e+00	   1.1228908e+02	   1.9120992e-02	   1.0670101e-12	
   3.6000000e-01	   2.9566465e+00	   1.1237080e+02	   1.8736662e-02	   1.0767015e-12	
   3.7000000e-01	   3.0037506e+00	   1.1246641e+02	   1.8367356e-02	   1.0884431e-12	
   3.8000000e-01	   3.0426799e+00	   1.1254570e+02	   1.8012250e-02	   1.0982435e-12	
   3.9000000e-01	   3.0712185e+00	   1.1260513e+02	   1.7670562e-02	   1.1054841e-12	
   4.0000000e-01	   3.0918745e+00	   1.1264979e+02	   1.7341533e-02	   1.1107546e-12	
   4.1000000e-01	   3.1011866e+00	   1.1267359e+02	   1.7024431e-02	   1.1131388e-12	
   4.2000000e-01	   3.0941825e+00	   1.1266761e+02	   1.6718545e-02	   1.1113450e-12	
   4.3000000e-01	   3.0749891e+00	   1.1263938e+02	   1.6423195e-02	   1.1064443e-12	
   4.4000000e-01	   3.0547066e+00	   1.1260918e+02	   1.6137728e-02	   1.1012891e-12	
   4.5000000e-01	   3.0401068e+00	   1.1258947e+02	   1.5861526e-02	   1.0975930e-12	
   4.6000000e-01	   3.0305452e+00	   1.1257905e+02	   1.5594004e-02	   1.0951792e-12	
   4.7000000e-01	   3.0233597e+00	   1.1257302e+02	   1.5334620e-02	   1.0933687e-12	
   4.8000000e-01	   3.0169917e+00	   1.1256848e+02	   1.5082878e-02	   1.0917667e-12	
   4.9000000e-01	   3.0113533e+00	   1.1256529e+02	   1.4838326e-02	   1.0903502e-12	
   5.0000000e-01	   3.0078767e+00	   1.1256610e+02	   1.4600571e-02	   1.0894776e-12	
   5.1000000e-01	   3.0070766e+00	   1.1257183e+02	   1.4369271e-02	   1.0892770e-12	
   5.2000000e-01	   3.0064121e+00	   1.1257779e+02	   1.4144143e-02	   1.0891103e-12	
   5.3000000e-01	   3.0029557e+00	   1.1257862e+02	   1.3924960e-02	   1.0882439e-12	
   5.4000000e-01	   2.9966686e+00	   1.1257426e+02	   1.3711544e-02	   1.0866696e-12	
   5.5000000e-01	   2.9894116e+00	   1.1256813e+02	   1.3503763e-02	   1.0848553e-12	
   5.6000000e-01	   2.9827582e+00	   1.1256310e+02	   1.3301517e-02	   1.0831946e-12	
   5.7000000e-01	   2.9776117e+00	   1.1256085e+02	   1.3104732e-02	   1.0819117e-12	
   5.8000000e-01	   2.9737777e+00	   1.1256101e+02	   1.2913345e-02	   1.0809570e-12	
   5.9000000e-01	   2.9692927e+00	   1.1255997e+02	   1.2727299e-02	   1.0798413e-12	
   6.0000000e-01	   2.9618606e+00	   1.1255354e+02	   1.2546528e-02	   1.0779949e-12	
   6.1000000e-01	   2.9512692e+00	   1.1254133e+02	   1.2370958e-02	   1.0753692e-12	
   6.2000000e-01	   2.9392697e+00	   1.1252654e+02	   1.2200496e-02	   1.0724020e-12	
   6.3000000e-01	   2.9274070e+00	   1.1251200e+02	   1.2035038e-02	   1.0694768e-12	
   6.4000000e-01	   2.9162937e+00	   1.1249883e+02	   1.1874460e-02	   1.0667435e-12	
   6.5000000e-01	   2.9065252e+00	   1.1248813e+02	   1.1718627e-02	   1.0643469e-12	
   6.6000000e-01	   2.8986566e+00	   1.1248091e+02	   1.1567394e-02	   1.0624202e-12	
   6.7000000e-01	   2.8922208e+00	   1.1247633e+02	   1.1420608e-02	   1.0608470e-12	
   6.8000000e-01	   2.8858107e+00	   1.1247178e+02	   1.1278108e-02	   1.0592823e-12	
   6.9000000e-01	   2.8782867e+00	   1.1246520e+02	   1.1139732e-02	   1.0574488e-12	
   7.0000000e-01	   2.8694822e+00	   1.1245627e+02	   1.1005318e-02	   1.0553071e-12	
   7.1000000e-01	   2.8596934e+00	   1.1244554e+02	   1.0874701e-02	   1.0529312e-12	
   7.2000000e-01	   2.8489991e+00	   1.1243316e+02	   1.0747716e-02	   1.0503416e-12	
   7.3000000e-01	   2.8377450e+00	   1.1241975e+02	   1.0624201e-02	   1.0476233e-12	
   7.4000000e-01	   2.8273072e+00	   1.1240783e+02	   1.0503993e-02	   1.0451085e-12	
   7.5000000e-01	   2.8190884e+00	   1.1239999e+02	   1.0386933e-02	   1.0431325e-12	
   7.6000000e-01	   2.8127572e+00	   1.1239560e+02	   1.0272862e-02	   1.0416130e-12	
   7.7000000e-01	   2.8066447e+00	   1.1239160e+02	   1.0161623e-02	   1.0401480e-12	
   7.8000000e-01	   2.7996613e+00	   1.1238601e+02	   1.0053063e-02	   1.0384768e-12	
   7.9000000e-01	   2.7916759e+00	   1.1237858e+02	   9.9470309e-03	   1.0365691e-12	
   8.0000000e-01	   2.7825089e+00	   1.1236899e+02	   9.8433805e-03	   1.0343834e-12	
   8.1000000e-01	   2.7720100e+00	   1.1235696e+02	   9.7419688e-03	   1.0318858e-12	
   8.2000000e-01	   2.7610093e+00	   1.1234401e+02	   9.6426574e-03	   1.0292754e-12	
   8.3000000e-01	   2.7509398e+00	   1.1233277e+02	   9.5453131e-03	   1.0268917e-12	
   8.4000000e-01	   2.7423585e+00	   1.1232425e+02	   9.4498079e-03	   1.0248646e-12	
   8.5000000e-01	   2.7346349e+00	   1.1231731e+02	   9.3560199e-03	   1.0230436e-12	
   8.6000000e-01	   2.7270342e+00	   1.1231059e+02	   9.2638332e-03	   1.0212547e-12	
   8.7000000e-01	   2.7192891e+00	   1.1230361e+02	   9.1731388e-03	   1.0194351e-12	
   8.8000000e-01	   2.7111541e+00	   1.1229592e+02	   9.0838349e-03	   1.0175273e-12	
   8.9000000e-01	   2.7022548e+00	   1.1228683e+02	   8.9958270e-03	   1.0154444e-12	
   9.0000000e-01	   2.6926306e+00	   1.1227642e+02	   8.9090293e-03	   1.0131966e-12	
   9.1000000e-01	   2.6829280e+00	   1.1226586e+02	   8.8233645e-03	   1.0109355e-12	
   9.2000000e-01	   2.6737858e+00	   1.1225632e+02	   8.7387645e-03	   1.0088097e-12	
   9.3000000e-01	   2.6652871e+00	   1.1224797e+02	   8.6551714e-03	   1.0068375e-12	
   9.4000000e-01	   2.6571978e+00	   1.1224036e+02	   8.5725374e-03	   1.0049638e-12	
   9.5000000e-01	   2.6494044e+00	   1.1223330e+02	   8.4908258e-03	   1.0031621e-12	
   9.6000000e-01	   2.6417265e+00	   1.1222644e+02	   8.4100107e-03	   1.0013901e-12	
   9.7000000e-01	   2.6336026e+00	   1.1221877e+02	   8.3300777e-03	   9.9951868e-13	
   9.8000000e-01	   2.6245558e+00	   1.1220941e+02	   8.2510231e-03	   9.9743876e-13	
   9.9000000e-01	   2.6148501e+00	   1.1219884e+02	   8.1728541e-03	   9.9521215e-13	
   1.0000000e+00	   2.6052016e+00	   1.1218837e+02	   8.0955877e-03	   9.9300360e-13	
