   0.0000000e+00	   0.0000000e+00	   0.0000000e+00	   1.0494312e-01	   5.4504287e-13	
   1.0000000e-02	   1.5883279e-03	   8.2933894e+01	   8.8456638e-02	   5.4524224e-13	
   2.0000000e-02	   1.6474185e-02	   8.9789699e+01	   7.7158877e-02	   5.4711431e-13	
   3.0000000e-02	   3.9732082e-02	   9.3155984e+01	   6.8859543e-02	   5.5005215e-13	
   4.0000000e-02	   6.9324471e-02	   9.5388232e+01	   6.2395277e-02	   5.5381295e-13	
   5.0000000e-02	   1.1134556e-01	   9.7297626e+01	   5.7263884e-02	   5.5919749e-13	
   6.0000000e-02	   1.6489078e-01	   9.8903843e+01	   5.3080001e-02	   5.6613465e-13	
   7.0000000e-02	   2.4142716e-01	   1.0047115e+02	   4.9544675e-02	   5.7620016e-13	
   8.0000000e-02	   2.8451799e-01	   1.0121361e+02	   4.6493515e-02	   5.8194569e-13	
   9.0000000e-02	   3.2647167e-01	   1.0184404e+02	   4.3844159e-02	   5.8759464e-13	
   1.0000000e-01	   3.9012568e-01	   1.0262209e+02	   4.1536390e-02	   5.9627037e-13	
   1.1000000e-01	   4.2916199e-01	   1.0307153e+02	   3.9510630e-02	   6.0165407e-13	
   1.2000000e-01	   4.2548496e-01	   1.0311173e+02	   3.7711413e-02	   6.0114488e-13	
   1.3000000e-01	   4.0600791e-01	   1.0300807e+02	   3.6092767e-02	   5.9845493e-13	
   1.4000000e-01	   3.9727405e-01	   1.0300097e+02	   3.4619080e-02	   5.9725262e-13	
   1.5000000e-01	   4.0674604e-01	   1.0315667e+02	   3.3263979e-02	   5.9855665e-13	
   1.6000000e-01	   4.3271573e-01	   1.0344516e+02	   3.2009091e-02	   6.0214659e-13	
   1.7000000e-01	   4.7385280e-01	   1.0383329e+02	   3.0842765e-02	   6.0787732e-13	
   1.8000000e-01	   5.3121412e-01	   1.0430534e+02	   2.9758264e-02	   6.1595938e-13	
   1.9000000e-01	   6.0577867e-01	   1.0484369e+02	   2.8751426e-02	   6.2662617e-13	
   2.0000000e-01	   6.9797833e-01	   1.0542880e+02	   2.7818429e-02	   6.4007150e-13	
   2.1000000e-01	   8.1219511e-01	   1.0606452e+02	   2.6954462e-02	   6.5712830e-13	
   2.2000000e-01	   9.5780770e-01	   1.0677137e+02	   2.6153508e-02	   6.7953437e-13	
   2.3000000e-01	   1.1427260e+00	   1.0754998e+02	   2.5408888e-02	   7.0909309e-13	
   2.4000000e-01	   1.3640663e+00	   1.0835873e+02	   2.4713961e-02	   7.4616916e-13	
   2.5000000e-01	   1.6022972e+00	   1.0912259e+02	   2.4062645e-02	   7.8824347e-13	
   2.6000000e-01	   1.8265629e+00	   1.0976785e+02	   2.3449657e-02	   8.3001692e-13	
   2.7000000e-01	   2.0096595e+00	   1.1025455e+02	   2.2870540e-02	   8.6575819e-13	
   2.8000000e-01	   2.1391887e+00	   1.1058269e+02	   2.2321589e-02	   8.9196852e-13	
   2.9000000e-01	   2.2176777e+00	   1.1077860e+02	   2.1799731e-02	   9.0823541e-13	
   3.0000000e-01	   2.2554143e+00	   1.1087627e+02	   2.1302421e-02	   9.1616162e-13	
   3.1000000e-01	   2.2622939e+00	   1.1090234e+02	   2.0827541e-02	   9.1761403e-13	
   3.2000000e-01	   2.2470991e+00	   1.1087782e+02	   2.0373327e-02	   9.1440916e-13	
   3.3000000e-01	   2.2259524e+00	   1.1083948e+02	   1.9938304e-02	   9.0996753e-13	
   3.4000000e-01	   2.2232560e+00	   1.1084332e+02	   1.9521219e-02	   9.0940275e-13	
   3.5000000e-01	   2.2537310e+00	   1.1092263e+02	   1.9120992e-02	   9.1580657e-13	
   3.6000000e-01	   2.3072070e+00	   1.1105234e+02	   1.8736662e-02	   9.2715290e-13	
   3.7000000e-01	   2.3597631e+00	   1.1117769e+02	   1.8367356e-02	   9.3844100e-13	
   3.8000000e-01	   2.3963900e+00	   1.1126654e+02	   1.8012250e-02	   9.4638895e-13	
   3.9000000e-01	   2.4172826e+00	   1.1132068e+02	   1.7670562e-02	   9.5095271e-13	
   4.0000000e-01	   2.4262924e+00	   1.1134919e+02	   1.7341533e-02	   9.5292758e-13	
   4.1000000e-01	   2.4224082e+00	   1.1135027e+02	   1.7024431e-02	   9.5207570e-13	
   4.2000000e-01	   2.4059838e+00	   1.1132474e+02	   1.6718545e-02	   9.4848187e-13	
   4.3000000e-01	   2.3855885e+00	   1.1129079e+02	   1.6423195e-02	   9.4403806e-13	
   4.4000000e-01	   2.3711043e+00	   1.1126953e+02	   1.6137728e-02	   9.4089485e-13	
   4.5000000e-01	   2.3642310e+00	   1.1126462e+02	   1.5861526e-02	   9.3940694e-13	
   4.6000000e-01	   2.3608859e+00	   1.1126726e+02	   1.5594004e-02	   9.3868364e-13	
   4.7000000e-01	   2.3580440e+00	   1.1127093e+02	   1.5334620e-02	   9.3806958e-13	
   4.8000000e-01	   2.3549907e+00	   1.1127412e+02	   1.5082878e-02	   9.3741032e-13	
   4.9000000e-01	   2.3522672e+00	   1.1127800e+02	   1.4838326e-02	   9.3682265e-13	
   5.0000000e-01	   2.3506850e+00	   1.1128432e+02	   1.4600571e-02	   9.3648140e-13	
   5.1000000e-01	   2.3492173e+00	   1.1129088e+02	   1.4369271e-02	   9.3616497e-13	
   5.2000000e-01	   2.3453346e+00	   1.1129230e+02	   1.4144143e-02	   9.3532839e-13	
   5.3000000e-01	   2.3384567e+00	   1.1128736e+02	   1.3924960e-02	   9.3384829e-13	
   5.4000000e-01	   2.3306409e+00	   1.1128044e+02	   1.3711544e-02	   9.3216920e-13	
   5.5000000e-01	   2.3238454e+00	   1.1127569e+02	   1.3503763e-02	   9.3071176e-13	
   5.6000000e-01	   2.3187102e+00	   1.1127447e+02	   1.3301517e-02	   9.2961190e-13	
   5.7000000e-01	   2.3149662e+00	   1.1127620e+02	   1.3104732e-02	   9.2881086e-13	
   5.8000000e-01	   2.3109555e+00	   1.1127736e+02	   1.2913345e-02	   9.2795349e-13	
   5.9000000e-01	   2.3040428e+00	   1.1127237e+02	   1.2727299e-02	   9.2647763e-13	
   6.0000000e-01	   2.2932817e+00	   1.1125924e+02	   1.2546528e-02	   9.2418483e-13	
   6.1000000e-01	   2.2806875e+00	   1.1124222e+02	   1.2370958e-02	   9.2150864e-13	
   6.2000000e-01	   2.2689247e+00	   1.1122696e+02	   1.2200496e-02	   9.1901612e-13	
   6.3000000e-01	   2.2589909e+00	   1.1121558e+02	   1.2035038e-02	   9.1691641e-13	
   6.4000000e-01	   2.2507050e+00	   1.1120769e+02	   1.1874460e-02	   9.1516871e-13	
   6.5000000e-01	   2.2437218e+00	   1.1120258e+02	   1.1718627e-02	   9.1369834e-13	
   6.6000000e-01	   2.2372084e+00	   1.1119846e+02	   1.1567394e-02	   9.1232905e-13	
   6.7000000e-01	   2.2297911e+00	   1.1119242e+02	   1.1420608e-02	   9.1077220e-13	
   6.8000000e-01	   2.2205970e+00	   1.1118262e+02	   1.1278108e-02	   9.0884612e-13	
   6.9000000e-01	   2.2099514e+00	   1.1116975e+02	   1.1139732e-02	   9.0662106e-13	
   7.0000000e-01	   2.1988466e+00	   1.1115589e+02	   1.1005318e-02	   9.0430580e-13	
   7.1000000e-01	   2.1879799e+00	   1.1114254e+02	   1.0874701e-02	   9.0204593e-13	
   7.2000000e-01	   2.1777362e+00	   1.1113052e+02	   1.0747716e-02	   8.9992078e-13	
   7.3000000e-01	   2.1689465e+00	   1.1112158e+02	   1.0624201e-02	   8.9810128e-13	
   7.4000000e-01	   2.1624132e+00	   1.1111744e+02	   1.0503993e-02	   8.9675123e-13	
   7.5000000e-01	   2.1572641e+00	   1.1111623e+02	   1.0386933e-02	   8.9568865e-13	
   7.6000000e-01	   2.1512034e+00	   1.1111307e+02	   1.0272862e-02	   8.9443956e-13	
   7.7000000e-01	   2.1429220e+00	   1.1110521e+02	   1.0161623e-02	   8.9273562e-13	
   7.8000000e-01	   2.1329956e+00	   1.1109385e+02	   1.0053063e-02	   8.9069747e-13	
   7.9000000e-01	   2.1223514e+00	   1.1108098e+02	   9.9470309e-03	   8.8851713e-13	
   8.0000000e-01	   2.1114443e+00	   1.1106754e+02	   9.8433805e-03	   8.8628845e-13	
   8.1000000e-01	   2.1010609e+00	   1.1105521e+02	   9.7419688e-03	   8.8417199e-13	
   8.2000000e-01	   2.0922604e+00	   1.1104625e+02	   9.6426574e-03	   8.8238212e-13	
   8.3000000e-01	   2.0850057e+00	   1.1104058e+02	   9.5453131e-03	   8.8090937e-13	
   8.4000000e-01	   2.0779939e+00	   1.1103542e+02	   9.4498079e-03	   8.7948827e-13	
   8.5000000e-01	   2.0701636e+00	   1.1102853e+02	   9.3560199e-03	   8.7790399e-13	
   8.6000000e-01	   2.0614879e+00	   1.1101984e+02	   9.2638332e-03	   8.7615198e-13	
   8.7000000e-01	   2.0522647e+00	   1.1101000e+02	   9.1731388e-03	   8.7429327e-13	
   8.8000000e-01	   2.0426338e+00	   1.1099929e+02	   9.0838349e-03	   8.7235658e-13	
   8.9000000e-01	   2.0329776e+00	   1.1098853e+02	   8.9958270e-03	   8.7041910e-13	
   9.0000000e-01	   2.0239910e+00	   1.1097919e+02	   8.9090293e-03	   8.6861986e-13	
   9.1000000e-01	   2.0159821e+00	   1.1097192e+02	   8.8233645e-03	   8.6701950e-13	
   9.2000000e-01	   2.0084819e+00	   1.1096573e+02	   8.7387645e-03	   8.6552348e-13	
   9.3000000e-01	   2.0008047e+00	   1.1095917e+02	   8.6551714e-03	   8.6399480e-13	
   9.4000000e-01	   1.9926860e+00	   1.1095166e+02	   8.5725374e-03	   8.6238115e-13	
   9.5000000e-01	   1.9840817e+00	   1.1094313e+02	   8.4908258e-03	   8.6067429e-13	
   9.6000000e-01	   1.9747781e+00	   1.1093310e+02	   8.4100107e-03	   8.5883249e-13	
   9.7000000e-01	   1.9648005e+00	   1.1092165e+02	   8.3300777e-03	   8.5686167e-13	
   9.8000000e-01	   1.9548783e+00	   1.1091032e+02	   8.2510231e-03	   8.5490624e-13	
   9.9000000e-01	   1.9458149e+00	   1.1090080e+02	   8.1728541e-03	   8.5312398e-13	
   1.0000000e+00	   1.9376035e+00	   1.1089310e+02	   8.0955877e-03	   8.5151246e-13	
