   0.0000000e+00	   0.0000000e+00	   0.0000000e+00	   1.0494312e-01	   5.4504287e-13	
   1.0000000e-02	   2.0322845e-03	   8.3576221e+01	   8.8456638e-02	   5.4529798e-13	
   2.0000000e-02	  -7.1214778e-03	   7.8348791e+01	   7.7158877e-02	   5.4414985e-13	
   3.0000000e-02	  -1.2168819e-02	   7.9908995e+01	   6.8859543e-02	   5.4351781e-13	
   4.0000000e-02	  -2.0059454e-02	   7.6018509e+01	   6.2395277e-02	   5.4253119e-13	
   5.0000000e-02	  -2.5460498e-02	   7.9799056e+01	   5.7263884e-02	   5.4185690e-13	
   6.0000000e-02	  -3.1727885e-02	   8.1194230e+01	   5.3080001e-02	   5.4107550e-13	
   7.0000000e-02	  -3.9828650e-02	   8.0326805e+01	   4.9544675e-02	   5.4006719e-13	
   8.0000000e-02	  -4.6338820e-02	   8.1833447e+01	   4.6493515e-02	   5.3925822e-13	
   9.0000000e-02	  -5.6948926e-02	   7.6766643e+01	   4.3844159e-02	   5.3794239e-13	
   1.0000000e-01	  -6.2894352e-02	   8.0969935e+01	   4.1536390e-02	   5.3720646e-13	
   1.1000000e-01	  -7.1348236e-02	   8.0451129e+01	   3.9510630e-02	   5.3616176e-13	
   1.2000000e-01	  -8.0577132e-02	   7.8471251e+01	   3.7711413e-02	   5.3502361e-13	
   1.3000000e-01	  -8.7561720e-02	   8.0666215e+01	   3.6092767e-02	   5.3416384e-13	
   1.4000000e-01	  -9.6681582e-02	   7.9225275e+01	   3.4619080e-02	   5.3304332e-13	
   1.5000000e-01	  -1.0450983e-01	   8.0027324e+01	   3.3263979e-02	   5.3208336e-13	
   1.6000000e-01	  -1.1295734e-01	   7.9790466e+01	   3.2009091e-02	   5.3104940e-13	
   1.7000000e-01	  -1.2164207e-01	   7.9137412e+01	   3.0842765e-02	   5.2998851e-13	
   1.8000000e-01	  -1.2963169e-01	   7.9804310e+01	   2.9758264e-02	   5.2901440e-13	
   1.9000000e-01	  -1.3828977e-01	   7.9296295e+01	   2.8751426e-02	   5.2796080e-13	
   2.0000000e-01	  -1.4654622e-01	   7.9558291e+01	   2.7818429e-02	   5.2695804e-13	
   2.1000000e-01	  -1.5525166e-01	   7.9015454e+01	   2.6954462e-02	   5.2590281e-13	
   2.2000000e-01	  -1.6356144e-01	   7.9273604e+01	   2.6153508e-02	   5.2489751e-13	
   2.3000000e-01	  -1.7183484e-01	   7.9615017e+01	   2.5408888e-02	   5.2389852e-13	
   2.4000000e-01	  -1.8067410e-01	   7.8928021e+01	   2.4713961e-02	   5.2283331e-13	
   2.5000000e-01	  -1.8910590e-01	   7.9051129e+01	   2.4062645e-02	   5.2181922e-13	
   2.6000000e-01	  -1.9745793e-01	   7.9346128e+01	   2.3449657e-02	   5.2081666e-13	
   2.7000000e-01	  -2.0623402e-01	   7.8835402e+01	   2.2870540e-02	   5.1976527e-13	
   2.8000000e-01	  -2.1468661e-01	   7.8986609e+01	   2.2321589e-02	   5.1875465e-13	
   2.9000000e-01	  -2.2313683e-01	   7.9152963e+01	   2.1799731e-02	   5.1774627e-13	
   3.0000000e-01	  -2.3182230e-01	   7.8866937e+01	   2.1302421e-02	   5.1671186e-13	
   3.1000000e-01	  -2.4038388e-01	   7.8840422e+01	   2.0827541e-02	   5.1569423e-13	
   3.2000000e-01	  -2.4890915e-01	   7.8900650e+01	   2.0373327e-02	   5.1468291e-13	
   3.3000000e-01	  -2.5747383e-01	   7.8891210e+01	   1.9938304e-02	   5.1366890e-13	
   3.4000000e-01	  -2.6609181e-01	   7.8782576e+01	   1.9521219e-02	   5.1265061e-13	
   3.5000000e-01	  -2.7468652e-01	   7.8731230e+01	   1.9120992e-02	   5.1163707e-13	
   3.6000000e-01	  -2.8319818e-01	   7.8862096e+01	   1.8736662e-02	   5.1063531e-13	
   3.7000000e-01	  -2.9183112e-01	   7.8751798e+01	   1.8367356e-02	   5.0962127e-13	
   3.8000000e-01	  -3.0049133e-01	   7.8590011e+01	   1.8012250e-02	   5.0860606e-13	
   3.9000000e-01	  -3.0901411e-01	   7.8728978e+01	   1.7670562e-02	   5.0760892e-13	
   4.0000000e-01	  -3.1756773e-01	   7.8808468e+01	   1.7341533e-02	   5.0661015e-13	
   4.1000000e-01	  -3.2625630e-01	   7.8614533e+01	   1.7024431e-02	   5.0559763e-13	
   4.2000000e-01	  -3.3492676e-01	   7.8460042e+01	   1.6718545e-02	   5.0458924e-13	
   4.3000000e-01	  -3.4340883e-01	   7.8717485e+01	   1.6423195e-02	   5.0360470e-13	
   4.4000000e-01	  -3.5203370e-01	   7.8675870e+01	   1.6137728e-02	   5.0260556e-13	
   4.5000000e-01	  -3.6076273e-01	   7.8414076e+01	   1.5861526e-02	   5.0159637e-13	
   4.6000000e-01	  -3.6932089e-01	   7.8527259e+01	   1.5594004e-02	   5.0060890e-13	
   4.7000000e-01	  -3.7789602e-01	   7.8605938e+01	   1.5334620e-02	   4.9962143e-13	
   4.8000000e-01	  -3.8657316e-01	   7.8470704e+01	   1.5082878e-02	   4.9862419e-13	
   4.9000000e-01	  -3.9524054e-01	   7.8358165e+01	   1.4838326e-02	   4.9763006e-13	
   5.0000000e-01	  -4.0379243e-01	   7.8503734e+01	   1.4600571e-02	   4.9665112e-13	
   5.1000000e-01	  -4.1240433e-01	   7.8521776e+01	   1.4369271e-02	   4.9566725e-13	
   5.2000000e-01	  -4.2111495e-01	   7.8329119e+01	   1.4144143e-02	   4.9467409e-13	
   5.3000000e-01	  -4.2973973e-01	   7.8328386e+01	   1.3924960e-02	   4.9369268e-13	
   5.4000000e-01	  -4.3833858e-01	   7.8388971e+01	   1.3711544e-02	   4.9271615e-13	
   5.5000000e-01	  -4.4697428e-01	   7.8372102e+01	   1.3503763e-02	   4.9173739e-13	
   5.6000000e-01	  -4.5562230e-01	   7.8331679e+01	   1.3301517e-02	   4.9075918e-13	
   5.7000000e-01	  -4.6427776e-01	   7.8277852e+01	   1.3104732e-02	   4.8978207e-13	
   5.8000000e-01	  -4.7292997e-01	   7.8234157e+01	   1.2913345e-02	   4.8880728e-13	
   5.9000000e-01	  -4.8153535e-01	   7.8298385e+01	   1.2727299e-02	   4.8783968e-13	
   6.0000000e-01	  -4.9015506e-01	   7.8333050e+01	   1.2546528e-02	   4.8687240e-13	
   6.1000000e-01	  -4.9884164e-01	   7.8222544e+01	   1.2370958e-02	   4.8589955e-13	
   6.2000000e-01	  -5.0750386e-01	   7.8168372e+01	   1.2200496e-02	   4.8493136e-13	
   6.3000000e-01	  -5.1612018e-01	   7.8220819e+01	   1.2035038e-02	   4.8397022e-13	
   6.4000000e-01	  -5.2474057e-01	   7.8266442e+01	   1.1874460e-02	   4.8301053e-13	
   6.5000000e-01	  -5.3342208e-01	   7.8178986e+01	   1.1718627e-02	   4.8204596e-13	
   6.6000000e-01	  -5.4210783e-01	   7.8083460e+01	   1.1567394e-02	   4.8108285e-13	
   6.7000000e-01	  -5.5071333e-01	   7.8173271e+01	   1.1420608e-02	   4.8013054e-13	
   6.8000000e-01	  -5.5934972e-01	   7.8195367e+01	   1.1278108e-02	   4.7917669e-13	
   6.9000000e-01	  -5.6804868e-01	   7.8079310e+01	   1.1139732e-02	   4.7821786e-13	
   7.0000000e-01	  -5.7671432e-01	   7.8040538e+01	   1.1005318e-02	   4.7726461e-13	
   7.1000000e-01	  -5.8533908e-01	   7.8097641e+01	   1.0874701e-02	   4.7631773e-13	
   7.2000000e-01	  -5.9396829e-01	   7.8145980e+01	   1.0747716e-02	   4.7537226e-13	
   7.3000000e-01	  -6.0266120e-01	   7.8052630e+01	   1.0624201e-02	   4.7442169e-13	
   7.4000000e-01	  -6.1135906e-01	   7.7947966e+01	   1.0503993e-02	   4.7347249e-13	
   7.5000000e-01	  -6.1997414e-01	   7.8035896e+01	   1.0386933e-02	   4.7253420e-13	
   7.6000000e-01	  -6.2860235e-01	   7.8093902e+01	   1.0272862e-02	   4.7159634e-13	
   7.7000000e-01	  -6.3729614e-01	   7.8004882e+01	   1.0161623e-02	   4.7065323e-13	
   7.8000000e-01	  -6.4598477e-01	   7.7927873e+01	   1.0053063e-02	   4.6971257e-13	
   7.9000000e-01	  -6.5463696e-01	   7.7936493e+01	   9.9470309e-03	   4.6877772e-13	
   8.0000000e-01	  -6.6326396e-01	   7.8004187e+01	   9.8433805e-03	   4.6784745e-13	
   8.1000000e-01	  -6.7192904e-01	   7.7986128e+01	   9.7419688e-03	   4.6691492e-13	
   8.2000000e-01	  -6.8063603e-01	   7.7872783e+01	   9.6426574e-03	   4.6597976e-13	
   8.3000000e-01	  -6.8929693e-01	   7.7867344e+01	   9.5453131e-03	   4.6505141e-13	
   8.4000000e-01	  -6.9793062e-01	   7.7926378e+01	   9.4498079e-03	   4.6412782e-13	
   8.5000000e-01	  -7.0659935e-01	   7.7905828e+01	   9.3560199e-03	   4.6320232e-13	
   8.6000000e-01	  -7.1528616e-01	   7.7844699e+01	   9.2638332e-03	   4.6227674e-13	
   8.7000000e-01	  -7.2396191e-01	   7.7810189e+01	   9.1731388e-03	   4.6135419e-13	
   8.8000000e-01	  -7.3260979e-01	   7.7841924e+01	   9.0838349e-03	   4.6043643e-13	
   8.9000000e-01	  -7.4126337e-01	   7.7861120e+01	   8.9958270e-03	   4.5951990e-13	
   9.0000000e-01	  -7.4995501e-01	   7.7792758e+01	   8.9090293e-03	   4.5860117e-13	
   9.1000000e-01	  -7.5863209e-01	   7.7758616e+01	   8.8233645e-03	   4.5768581e-13	
   9.2000000e-01	  -7.6727843e-01	   7.7797017e+01	   8.7387645e-03	   4.5677552e-13	
   9.3000000e-01	  -7.7593688e-01	   7.7807251e+01	   8.6551714e-03	   4.5586576e-13	
   9.4000000e-01	  -7.8461519e-01	   7.7771532e+01	   8.5725374e-03	   4.5495573e-13	
   9.5000000e-01	  -7.9329865e-01	   7.7723709e+01	   8.4908258e-03	   4.5404698e-13	
   9.6000000e-01	  -8.0195863e-01	   7.7731063e+01	   8.4100107e-03	   4.5314250e-13	
   9.7000000e-01	  -8.1060230e-01	   7.7776439e+01	   8.3300777e-03	   4.5224152e-13	
   9.8000000e-01	  -8.1927802e-01	   7.7747368e+01	   8.2510231e-03	   4.5133899e-13	
   9.9000000e-01	  -8.2796654e-01	   7.7688458e+01	   8.1728541e-03	   4.5043695e-13	
   1.0000000e+00	  -8.3662958e-01	   7.7689645e+01	   8.0955877e-03	   4.4953934e-13	
