   0.0000000e+00	   0.0000000e+00	   0.0000000e+00	   1.0494312e-01	   5.4504287e-13	
   1.0000000e-02	   1.6042641e-03	   8.2964447e+01	   8.8456638e-02	   5.4524424e-13	
   2.0000000e-02	   1.6799135e-02	   8.9862853e+01	   7.7158877e-02	   5.4715525e-13	
   3.0000000e-02	   3.9325896e-02	   9.3139019e+01	   6.8859543e-02	   5.5000071e-13	
   4.0000000e-02	   6.8791172e-02	   9.5378263e+01	   6.2395277e-02	   5.5374495e-13	
   5.0000000e-02	   1.0900497e-01	   9.7238655e+01	   5.7263884e-02	   5.5889620e-13	
   6.0000000e-02	   1.5763603e-01	   9.8755690e+01	   5.3080001e-02	   5.6518973e-13	
   7.0000000e-02	   2.3019069e-01	   1.0030638e+02	   4.9544675e-02	   5.7471129e-13	
   8.0000000e-02	   2.6940880e-01	   1.0102210e+02	   4.6493515e-02	   5.7992461e-13	
   9.0000000e-02	   2.9825116e-01	   1.0151662e+02	   4.3844159e-02	   5.8378882e-13	
   1.0000000e-01	   3.4841612e-01	   1.0220340e+02	   4.1536390e-02	   5.9057121e-13	
   1.1000000e-01	   3.8347204e-01	   1.0265396e+02	   3.9510630e-02	   5.9535755e-13	
   1.2000000e-01	   3.7868607e-01	   1.0268663e+02	   3.7711413e-02	   5.9470182e-13	
   1.3000000e-01	   3.5002419e-01	   1.0247876e+02	   3.6092767e-02	   5.9078992e-13	
   1.4000000e-01	   3.2216309e-01	   1.0226954e+02	   3.4619080e-02	   5.8701199e-13	
   1.5000000e-01	   3.1053184e-01	   1.0222874e+02	   3.3263979e-02	   5.8544196e-13	
   1.6000000e-01	   3.2215763e-01	   1.0243306e+02	   3.2009091e-02	   5.8701125e-13	
   1.7000000e-01	   3.5620792e-01	   1.0284445e+02	   3.0842765e-02	   5.9163172e-13	
   1.8000000e-01	   4.0733541e-01	   1.0336830e+02	   2.9758264e-02	   5.9863789e-13	
   1.9000000e-01	   4.7246478e-01	   1.0394532e+02	   2.8751426e-02	   6.0768307e-13	
   2.0000000e-01	   5.5429190e-01	   1.0457163e+02	   2.7818429e-02	   6.1924121e-13	
   2.1000000e-01	   6.6042339e-01	   1.0526944e+02	   2.6954462e-02	   6.3456045e-13	
   2.2000000e-01	   7.9817121e-01	   1.0604354e+02	   2.6153508e-02	   6.5500977e-13	
   2.3000000e-01	   9.6880768e-01	   1.0686261e+02	   2.5408888e-02	   6.8125771e-13	
   2.4000000e-01	   1.1640432e+00	   1.0766917e+02	   2.4713961e-02	   7.1258221e-13	
   2.5000000e-01	   1.3632227e+00	   1.0839067e+02	   2.4062645e-02	   7.4602423e-13	
   2.6000000e-01	   1.5383939e+00	   1.0896344e+02	   2.3449657e-02	   7.7672995e-13	
   2.7000000e-01	   1.6699379e+00	   1.0936560e+02	   2.2870540e-02	   8.0061633e-13	
   2.8000000e-01	   1.7560754e+00	   1.0962097e+02	   2.2321589e-02	   8.1665420e-13	
   2.9000000e-01	   1.8057582e+00	   1.0976969e+02	   2.1799731e-02	   8.2605027e-13	
   3.0000000e-01	   1.8262740e+00	   1.0983806e+02	   2.1302421e-02	   8.2996172e-13	
   3.1000000e-01	   1.8199386e+00	   1.0983476e+02	   2.0827541e-02	   8.2875187e-13	
   3.2000000e-01	   1.7928993e+00	   1.0977630e+02	   2.0373327e-02	   8.2360806e-13	
   3.3000000e-01	   1.7653516e+00	   1.0971593e+02	   1.9938304e-02	   8.1840038e-13	
   3.4000000e-01	   1.7640537e+00	   1.0972571e+02	   1.9521219e-02	   8.1815583e-13	
   3.5000000e-01	   1.7975792e+00	   1.0982783e+02	   1.9120992e-02	   8.2449606e-13	
   3.6000000e-01	   1.8462524e+00	   1.0996749e+02	   1.8736662e-02	   8.3378850e-13	
   3.7000000e-01	   1.8831682e+00	   1.1007444e+02	   1.8367356e-02	   8.4090605e-13	
   3.8000000e-01	   1.8986505e+00	   1.1012591e+02	   1.8012250e-02	   8.4390917e-13	
   3.9000000e-01	   1.8998653e+00	   1.1014135e+02	   1.7670562e-02	   8.4414526e-13	
   4.0000000e-01	   1.8933890e+00	   1.1013766e+02	   1.7341533e-02	   8.4288739e-13	
   4.1000000e-01	   1.8788691e+00	   1.1011398e+02	   1.7024431e-02	   8.4007405e-13	
   4.2000000e-01	   1.8595827e+00	   1.1007840e+02	   1.6718545e-02	   8.3635167e-13	
   4.3000000e-01	   1.8455601e+00	   1.1005611e+02	   1.6423195e-02	   8.3365559e-13	
   4.4000000e-01	   1.8415068e+00	   1.1005900e+02	   1.6137728e-02	   8.3287791e-13	
   4.5000000e-01	   1.8422205e+00	   1.1007384e+02	   1.5861526e-02	   8.3301479e-13	
   4.6000000e-01	   1.8419466e+00	   1.1008606e+02	   1.5594004e-02	   8.3296224e-13	
   4.7000000e-01	   1.8395710e+00	   1.1009293e+02	   1.5334620e-02	   8.3250674e-13	
   4.8000000e-01	   1.8358760e+00	   1.1009646e+02	   1.5082878e-02	   8.3179874e-13	
   4.9000000e-01	   1.8317290e+00	   1.1009887e+02	   1.4838326e-02	   8.3100486e-13	
   5.0000000e-01	   1.8270410e+00	   1.1009996e+02	   1.4600571e-02	   8.3010830e-13	
   5.1000000e-01	   1.8201906e+00	   1.1009569e+02	   1.4369271e-02	   8.2879995e-13	
   5.2000000e-01	   1.8109071e+00	   1.1008540e+02	   1.4144143e-02	   8.2703020e-13	
   5.3000000e-01	   1.8017554e+00	   1.1007546e+02	   1.3924960e-02	   8.2528927e-13	
   5.4000000e-01	   1.7947221e+00	   1.1007079e+02	   1.3711544e-02	   8.2395382e-13	
   5.5000000e-01	   1.7893750e+00	   1.1007033e+02	   1.3503763e-02	   8.2293997e-13	
   5.6000000e-01	   1.7848403e+00	   1.1007187e+02	   1.3301517e-02	   8.2208115e-13	
   5.7000000e-01	   1.7800642e+00	   1.1007280e+02	   1.3104732e-02	   8.2117757e-13	
   5.8000000e-01	   1.7727869e+00	   1.1006753e+02	   1.2913345e-02	   8.1980271e-13	
   5.9000000e-01	   1.7617907e+00	   1.1005303e+02	   1.2727299e-02	   8.1772962e-13	
   6.0000000e-01	   1.7493090e+00	   1.1003485e+02	   1.2546528e-02	   8.1538282e-13	
   6.1000000e-01	   1.7385288e+00	   1.1002088e+02	   1.2370958e-02	   8.1336136e-13	
   6.2000000e-01	   1.7300270e+00	   1.1001258e+02	   1.2200496e-02	   8.1177067e-13	
   6.3000000e-01	   1.7225682e+00	   1.1000687e+02	   1.2035038e-02	   8.1037770e-13	
   6.4000000e-01	   1.7152666e+00	   1.1000156e+02	   1.1874460e-02	   8.0901639e-13	
   6.5000000e-01	   1.7072659e+00	   1.0999451e+02	   1.1718627e-02	   8.0752736e-13	
   6.6000000e-01	   1.6974552e+00	   1.0998296e+02	   1.1567394e-02	   8.0570523e-13	
   6.7000000e-01	   1.6858611e+00	   1.0996699e+02	   1.1420608e-02	   8.0355715e-13	
   6.8000000e-01	   1.6740481e+00	   1.0995046e+02	   1.1278108e-02	   8.0137440e-13	
   6.9000000e-01	   1.6635907e+00	   1.0993731e+02	   1.1139732e-02	   7.9944710e-13	
   7.0000000e-01	   1.6547433e+00	   1.0992816e+02	   1.1005318e-02	   7.9782014e-13	
   7.1000000e-01	   1.6469427e+00	   1.0992163e+02	   1.0874701e-02	   7.9638841e-13	
   7.2000000e-01	   1.6401892e+00	   1.0991771e+02	   1.0747716e-02	   7.9515095e-13	
   7.3000000e-01	   1.6346098e+00	   1.0991671e+02	   1.0624201e-02	   7.9413006e-13	
   7.4000000e-01	   1.6286605e+00	   1.0991478e+02	   1.0503993e-02	   7.9304295e-13	
   7.5000000e-01	   1.6200456e+00	   1.0990622e+02	   1.0386933e-02	   7.9147139e-13	
   7.6000000e-01	   1.6088356e+00	   1.0989120e+02	   1.0272862e-02	   7.8943109e-13	
   7.7000000e-01	   1.5973744e+00	   1.0987555e+02	   1.0161623e-02	   7.8735048e-13	
   7.8000000e-01	   1.5871052e+00	   1.0986286e+02	   1.0053063e-02	   7.8549093e-13	
   7.9000000e-01	   1.5778247e+00	   1.0985264e+02	   9.9470309e-03	   7.8381420e-13	
   8.0000000e-01	   1.5695658e+00	   1.0984497e+02	   9.8433805e-03	   7.8232505e-13	
   8.1000000e-01	   1.5625844e+00	   1.0984049e+02	   9.7419688e-03	   7.8106847e-13	
   8.2000000e-01	   1.5558004e+00	   1.0983650e+02	   9.6426574e-03	   7.7984932e-13	
   8.3000000e-01	   1.5475922e+00	   1.0982897e+02	   9.5453131e-03	   7.7837679e-13	
   8.4000000e-01	   1.5379471e+00	   1.0981787e+02	   9.4498079e-03	   7.7665004e-13	
   8.5000000e-01	   1.5281281e+00	   1.0980633e+02	   9.3560199e-03	   7.7489608e-13	
   8.6000000e-01	   1.5187846e+00	   1.0979599e+02	   9.2638332e-03	   7.7323076e-13	
   8.7000000e-01	   1.5098467e+00	   1.0978665e+02	   9.1731388e-03	   7.7164106e-13	
   8.8000000e-01	   1.5015246e+00	   1.0977884e+02	   9.0838349e-03	   7.7016383e-13	
   8.9000000e-01	   1.4940175e+00	   1.0977307e+02	   8.9958270e-03	   7.6883370e-13	
   9.0000000e-01	   1.4866699e+00	   1.0976769e+02	   8.9090293e-03	   7.6753404e-13	
   9.1000000e-01	   1.4784581e+00	   1.0976015e+02	   8.8233645e-03	   7.6608413e-13	
   9.2000000e-01	   1.4691960e+00	   1.0975000e+02	   8.7387645e-03	   7.6445207e-13	
   9.3000000e-01	   1.4595568e+00	   1.0973891e+02	   8.6551714e-03	   7.6275724e-13	
   9.4000000e-01	   1.4499790e+00	   1.0972797e+02	   8.5725374e-03	   7.6107693e-13	
   9.5000000e-01	   1.4404109e+00	   1.0971705e+02	   8.4908258e-03	   7.5940202e-13	
   9.6000000e-01	   1.4311858e+00	   1.0970698e+02	   8.4100107e-03	   7.5779065e-13	
   9.7000000e-01	   1.4229770e+00	   1.0969945e+02	   8.3300777e-03	   7.5635966e-13	
   9.8000000e-01	   1.4155823e+00	   1.0969394e+02	   8.2510231e-03	   7.5507291e-13	
   9.9000000e-01	   1.4079033e+00	   1.0968773e+02	   8.1728541e-03	   7.5373901e-13	
   1.0000000e+00	   1.3993756e+00	   1.0967940e+02	   8.0955877e-03	   7.5226042e-13	
