   0.0000000e+00	   0.0000000e+00	   0.0000000e+00	   1.0494312e-01	   5.4504287e-13	
   1.0000000e-02	   1.9907087e-03	   8.3556707e+01	   8.8456638e-02	   5.4529276e-13	
   2.0000000e-02	  -7.2113034e-03	   7.8151294e+01	   7.7158877e-02	   5.4413859e-13	
   3.0000000e-02	  -1.2226122e-02	   7.9836254e+01	   6.8859543e-02	   5.4351064e-13	
   4.0000000e-02	  -2.0185029e-02	   7.5528599e+01	   6.2395277e-02	   5.4251551e-13	
   5.0000000e-02	  -2.5489999e-02	   7.9781066e+01	   5.7263884e-02	   5.4185322e-13	
   6.0000000e-02	  -3.1983978e-02	   8.0888577e+01	   5.3080001e-02	   5.4104360e-13	
   7.0000000e-02	  -3.9789823e-02	   8.0421005e+01	   4.9544675e-02	   5.4007202e-13	
   8.0000000e-02	  -4.6376848e-02	   8.1820722e+01	   4.6493515e-02	   5.3925350e-13	
   9.0000000e-02	  -5.6984843e-02	   7.6718734e+01	   4.3844159e-02	   5.3793794e-13	
   1.0000000e-01	  -6.2850073e-02	   8.1062628e+01	   4.1536390e-02	   5.3721193e-13	
   1.1000000e-01	  -7.1586303e-02	   8.0124396e+01	   3.9510630e-02	   5.3613237e-13	
   1.2000000e-01	  -8.0442793e-02	   7.8828013e+01	   3.7711413e-02	   5.3504016e-13	
   1.3000000e-01	  -8.7682201e-02	   8.0532219e+01	   3.6092767e-02	   5.3414902e-13	
   1.4000000e-01	  -9.6718018e-02	   7.9203361e+01	   3.4619080e-02	   5.3303884e-13	
   1.5000000e-01	  -1.0451869e-01	   8.0055351e+01	   3.3263979e-02	   5.3208227e-13	
   1.6000000e-01	  -1.1307168e-01	   7.9636225e+01	   3.2009091e-02	   5.3103542e-13	
   1.7000000e-01	  -1.2163214e-01	   7.9207150e+01	   3.0842765e-02	   5.2998972e-13	
   1.8000000e-01	  -1.2966184e-01	   7.9797631e+01	   2.9758264e-02	   5.2901072e-13	
   1.9000000e-01	  -1.3835056e-01	   7.9229216e+01	   2.8751426e-02	   5.2795341e-13	
   2.0000000e-01	  -1.4659290e-01	   7.9521807e+01	   2.7818429e-02	   5.2695238e-13	
   2.1000000e-01	  -1.5532955e-01	   7.8909234e+01	   2.6954462e-02	   5.2589338e-13	
   2.2000000e-01	  -1.6351765e-01	   7.9406007e+01	   2.6153508e-02	   5.2490281e-13	
   2.3000000e-01	  -1.7192543e-01	   7.9501988e+01	   2.5408888e-02	   5.2388760e-13	
   2.4000000e-01	  -1.8074414e-01	   7.8838038e+01	   2.4713961e-02	   5.2282488e-13	
   2.5000000e-01	  -1.8909087e-01	   7.9134341e+01	   2.4062645e-02	   5.2182102e-13	
   2.6000000e-01	  -1.9752711e-01	   7.9267743e+01	   2.3449657e-02	   5.2080836e-13	
   2.7000000e-01	  -2.0630034e-01	   7.8752637e+01	   2.2870540e-02	   5.1975733e-13	
   2.8000000e-01	  -2.1467562e-01	   7.9063121e+01	   2.2321589e-02	   5.1875596e-13	
   2.9000000e-01	  -2.2320082e-01	   7.9081869e+01	   2.1799731e-02	   5.1773864e-13	
   3.0000000e-01	  -2.3188040e-01	   7.8803076e+01	   2.1302421e-02	   5.1670495e-13	
   3.1000000e-01	  -2.4041069e-01	   7.8841675e+01	   2.0827541e-02	   5.1569105e-13	
   3.2000000e-01	  -2.4894155e-01	   7.8890693e+01	   2.0373327e-02	   5.1467907e-13	
   3.3000000e-01	  -2.5752218e-01	   7.8848656e+01	   1.9938304e-02	   5.1366319e-13	
   3.4000000e-01	  -2.6614394e-01	   7.8730953e+01	   1.9521219e-02	   5.1264446e-13	
   3.5000000e-01	  -2.7470847e-01	   7.8743044e+01	   1.9120992e-02	   5.1163449e-13	
   3.6000000e-01	  -2.8323663e-01	   7.8840188e+01	   1.8736662e-02	   5.1063079e-13	
   3.7000000e-01	  -2.9190327e-01	   7.8657961e+01	   1.8367356e-02	   5.0961281e-13	
   3.8000000e-01	  -3.0051565e-01	   7.8597219e+01	   1.8012250e-02	   5.0860321e-13	
   3.9000000e-01	  -3.0902714e-01	   7.8759875e+01	   1.7670562e-02	   5.0760740e-13	
   4.0000000e-01	  -3.1762718e-01	   7.8743483e+01	   1.7341533e-02	   5.0660322e-13	
   4.1000000e-01	  -3.2633604e-01	   7.8502167e+01	   1.7024431e-02	   5.0558835e-13	
   4.2000000e-01	  -3.3493200e-01	   7.8509714e+01	   1.6718545e-02	   5.0458863e-13	
   4.3000000e-01	  -3.4341971e-01	   7.8753136e+01	   1.6423195e-02	   5.0360344e-13	
   4.4000000e-01	  -3.5212580e-01	   7.8539522e+01	   1.6137728e-02	   5.0259490e-13	
   4.5000000e-01	  -3.6079844e-01	   7.8396702e+01	   1.5861526e-02	   5.0159225e-13	
   4.6000000e-01	  -3.6932893e-01	   7.8570275e+01	   1.5594004e-02	   5.0060798e-13	
   4.7000000e-01	  -3.7795041e-01	   7.8550020e+01	   1.5334620e-02	   4.9961517e-13	
   4.8000000e-01	  -3.8664100e-01	   7.8383166e+01	   1.5082878e-02	   4.9861640e-13	
   4.9000000e-01	  -3.9525844e-01	   7.8380840e+01	   1.4838326e-02	   4.9762801e-13	
   5.0000000e-01	  -4.0380495e-01	   7.8537540e+01	   1.4600571e-02	   4.9664969e-13	
   5.1000000e-01	  -4.1248173e-01	   7.8415413e+01	   1.4369271e-02	   4.9565842e-13	
   5.2000000e-01	  -4.2116706e-01	   7.8275484e+01	   1.4144143e-02	   4.9466816e-13	
   5.3000000e-01	  -4.2975504e-01	   7.8357344e+01	   1.3924960e-02	   4.9369094e-13	
   5.4000000e-01	  -4.3837127e-01	   7.8379652e+01	   1.3711544e-02	   4.9271245e-13	
   5.5000000e-01	  -4.4702194e-01	   7.8329718e+01	   1.3503763e-02	   4.9173199e-13	
   5.6000000e-01	  -4.5567431e-01	   7.8279237e+01	   1.3301517e-02	   4.9075330e-13	
   5.7000000e-01	  -4.6432572e-01	   7.8234009e+01	   1.3104732e-02	   4.8977666e-13	
   5.8000000e-01	  -4.7295365e-01	   7.8244949e+01	   1.2913345e-02	   4.8880461e-13	
   5.9000000e-01	  -4.8155647e-01	   7.8314847e+01	   1.2727299e-02	   4.8783731e-13	
   6.0000000e-01	  -4.9021774e-01	   7.8257470e+01	   1.2546528e-02	   4.8686537e-13	
   6.1000000e-01	  -4.9890017e-01	   7.8154504e+01	   1.2370958e-02	   4.8589300e-13	
   6.2000000e-01	  -5.0752767e-01	   7.8179049e+01	   1.2200496e-02	   4.8492871e-13	
   6.3000000e-01	  -5.1613951e-01	   7.8241490e+01	   1.2035038e-02	   4.8396807e-13	
   6.4000000e-01	  -5.2479259e-01	   7.8214366e+01	   1.1874460e-02	   4.8300475e-13	
   6.5000000e-01	  -5.3349011e-01	   7.8089149e+01	   1.1718627e-02	   4.8203841e-13	
   6.6000000e-01	  -5.4212600e-01	   7.8107267e+01	   1.1567394e-02	   4.8108084e-13	
   6.7000000e-01	  -5.5073185e-01	   7.8195979e+01	   1.1420608e-02	   4.8012849e-13	
   6.8000000e-01	  -5.5941746e-01	   7.8107292e+01	   1.1278108e-02	   4.7916922e-13	
   6.9000000e-01	  -5.6810185e-01	   7.8022758e+01	   1.1139732e-02	   4.7821201e-13	
   7.0000000e-01	  -5.7673338e-01	   7.8062474e+01	   1.1005318e-02	   4.7726251e-13	
   7.1000000e-01	  -5.8535742e-01	   7.8121007e+01	   1.0874701e-02	   4.7631572e-13	
   7.2000000e-01	  -5.9402761e-01	   7.8076838e+01	   1.0747716e-02	   4.7536576e-13	
   7.3000000e-01	  -6.0273496e-01	   7.7948284e+01	   1.0624201e-02	   4.7441364e-13	
   7.4000000e-01	  -6.1137257e-01	   7.7982965e+01	   1.0503993e-02	   4.7347102e-13	
   7.5000000e-01	  -6.1998127e-01	   7.8084707e+01	   1.0386933e-02	   4.7253342e-13	
   7.6000000e-01	  -6.2866486e-01	   7.8017070e+01	   1.0272862e-02	   4.7158955e-13	
   7.7000000e-01	  -6.3736196e-01	   7.7918725e+01	   1.0161623e-02	   4.7064610e-13	
   7.8000000e-01	  -6.4601781e-01	   7.7917414e+01	   1.0053063e-02	   4.6970900e-13	
   7.9000000e-01	  -6.5464744e-01	   7.7978250e+01	   9.9470309e-03	   4.6877659e-13	
   8.0000000e-01	  -6.6329928e-01	   7.7988993e+01	   9.8433805e-03	   4.6784364e-13	
   8.1000000e-01	  -6.7200351e-01	   7.7880334e+01	   9.7419688e-03	   4.6690692e-13	
   8.2000000e-01	  -6.8067885e-01	   7.7839529e+01	   9.6426574e-03	   4.6597517e-13	
   8.3000000e-01	  -6.8930725e-01	   7.7910105e+01	   9.5453131e-03	   4.6505031e-13	
   8.4000000e-01	  -6.9796845e-01	   7.7905588e+01	   9.4498079e-03	   4.6412377e-13	
   8.5000000e-01	  -7.0665740e-01	   7.7837945e+01	   9.3560199e-03	   4.6319613e-13	
   8.6000000e-01	  -7.1533427e-01	   7.7799499e+01	   9.2638332e-03	   4.6227162e-13	
   8.7000000e-01	  -7.2398639e-01	   7.7820501e+01	   9.1731388e-03	   4.6135159e-13	
   8.8000000e-01	  -7.3263565e-01	   7.7849089e+01	   9.0838349e-03	   4.6043369e-13	
   8.9000000e-01	  -7.4132227e-01	   7.7791354e+01	   8.9958270e-03	   4.5951367e-13	
   9.0000000e-01	  -7.5000594e-01	   7.7740882e+01	   8.9090293e-03	   4.5859579e-13	
   9.1000000e-01	  -7.5865252e-01	   7.7778592e+01	   8.8233645e-03	   4.5768366e-13	
   9.2000000e-01	  -7.6730848e-01	   7.7794415e+01	   8.7387645e-03	   4.5677236e-13	
   9.3000000e-01	  -7.7598784e-01	   7.7755765e+01	   8.6551714e-03	   4.5586041e-13	
   9.4000000e-01	  -7.8466933e-01	   7.7712068e+01	   8.5725374e-03	   4.5495006e-13	
   9.5000000e-01	  -7.9333116e-01	   7.7714979e+01	   8.4908258e-03	   4.5404358e-13	
   9.6000000e-01	  -8.0197537e-01	   7.7759284e+01	   8.4100107e-03	   4.5314075e-13	
   9.7000000e-01	  -8.1064826e-01	   7.7736450e+01	   8.3300777e-03	   4.5223673e-13	
   9.8000000e-01	  -8.1933890e-01	   7.7671850e+01	   8.2510231e-03	   4.5133267e-13	
   9.9000000e-01	  -8.2800095e-01	   7.7675026e+01	   8.1728541e-03	   4.5043338e-13	
   1.0000000e+00	  -8.3665352e-01	   7.7700927e+01	   8.0955877e-03	   4.4953686e-13	
