   0.0000000e+00	   0.0000000e+00	   0.0000000e+00	   2.0988624e-01	   5.4504287e-13	
   1.0000000e-02	   3.0639307e-02	   8.9723029e+01	   1.5225138e-01	   5.4890172e-13	
   2.0000000e-02	   6.1231420e-02	   9.3045929e+01	   1.2388884e-01	   5.5278188e-13	
   3.0000000e-02	   9.9406832e-02	   9.5478457e+01	   1.0582039e-01	   5.5766237e-13	
   4.0000000e-02	   1.4146174e-01	   9.7249553e+01	   9.3045931e-02	   5.6308873e-13	
   5.0000000e-02	   2.0292996e-01	   9.9007499e+01	   8.3368793e-02	   5.7111512e-13	
   6.0000000e-02	   3.1007068e-01	   1.0099772e+02	   7.5802509e-02	   5.8537979e-13	
   7.0000000e-02	   4.8237757e-01	   1.0304234e+02	   6.9689174e-02	   6.0907169e-13	
   8.0000000e-02	   7.1171818e-01	   1.0486075e+02	   6.4582315e-02	   6.4209972e-13	
   9.0000000e-02	   1.1667483e+00	   1.0722510e+02	   6.0211041e-02	   7.1302620e-13	
   1.0000000e-01	   1.7254217e+00	   1.0920418e+02	   5.6425491e-02	   8.1091033e-13	
   1.1000000e-01	   2.2483954e+00	   1.1062909e+02	   5.3131858e-02	   9.1468215e-13	
   1.2000000e-01	   2.8145998e+00	   1.1191066e+02	   5.0249644e-02	   1.0420550e-12	
   1.3000000e-01	   3.5947268e+00	   1.1340329e+02	   4.7704363e-02	   1.2471059e-12	
   1.4000000e-01	   4.6636972e+00	   1.1514206e+02	   4.5433671e-02	   1.5951458e-12	
   1.5000000e-01	   5.9445568e+00	   1.1695463e+02	   4.3389443e-02	   2.1423298e-12	
   1.6000000e-01	   7.3298111e+00	   1.1871989e+02	   4.1535271e-02	   2.9472146e-12	
   1.7000000e-01	   8.8029224e+00	   1.2046193e+02	   3.9843241e-02	   4.1373561e-12	
   1.8000000e-01	   1.0385163e+01	   1.2223580e+02	   3.8291501e-02	   5.9558939e-12	
   1.9000000e-01	   1.2055766e+01	   1.2403937e+02	   3.6862520e-02	   8.7499841e-12	
   2.0000000e-01	   1.3778220e+01	   1.2585128e+02	   3.5541803e-02	   1.3009261e-11	
   2.1000000e-01	   1.5520962e+01	   1.2765291e+02	   3.4316980e-02	   1.9432417e-11	
   2.2000000e-01	   1.7251451e+01	   1.2942154e+02	   3.3177218e-02	   2.8945144e-11	
   2.3000000e-01	   1.8940342e+01	   1.3113493e+02	   3.2112867e-02	   4.2703634e-11	
   2.4000000e-01	   2.0549172e+01	   1.3275939e+02	   3.1115282e-02	   6.1851158e-11	
   2.5000000e-01	   2.2017862e+01	   1.3423791e+02	   3.0176779e-02	   8.6739484e-11	
   2.6000000e-01	   2.3279576e+01	   1.3550568e+02	   2.9290701e-02	   1.1598137e-10	
   2.7000000e-01	   2.4281235e+01	   1.3651094e+02	   2.8451524e-02	   1.4606770e-10	
   2.8000000e-01	   2.4993905e+01	   1.3722559e+02	   2.7654936e-02	   1.7211596e-10	
   2.9000000e-01	   2.5422713e+01	   1.3765527e+02	   2.6897831e-02	   1.8997742e-10	
   3.0000000e-01	   2.5615482e+01	   1.3784813e+02	   2.6178154e-02	   1.9859983e-10	
   3.1000000e-01	   2.5652707e+01	   1.3788494e+02	   2.5494618e-02	   2.0030941e-10	
   3.2000000e-01	   2.5614054e+01	   1.3784552e+02	   2.4846324e-02	   1.9853454e-10	
   3.3000000e-01	   2.5546033e+01	   1.3777641e+02	   2.4232389e-02	   1.9544921e-10	
   3.4000000e-01	   2.5458354e+01	   1.3768729e+02	   2.3651672e-02	   1.9154289e-10	
   3.5000000e-01	   2.5349683e+01	   1.3757681e+02	   2.3102644e-02	   1.8680952e-10	
   3.6000000e-01	   2.5239134e+01	   1.3746420e+02	   2.2583396e-02	   1.8211430e-10	
   3.7000000e-01	   2.5164059e+01	   1.3738715e+02	   2.2091750e-02	   1.7899322e-10	
   3.8000000e-01	   2.5137908e+01	   1.3735935e+02	   2.1625393e-02	   1.7791865e-10	
   3.9000000e-01	   2.5134649e+01	   1.3735476e+02	   2.1182011e-02	   1.7778520e-10	
   4.0000000e-01	   2.5128770e+01	   1.3734779e+02	   2.0759384e-02	   1.7754466e-10	
   4.1000000e-01	   2.5119992e+01	   1.3733819e+02	   2.0355454e-02	   1.7718618e-10	
   4.2000000e-01	   2.5113490e+01	   1.3733113e+02	   1.9968358e-02	   1.7692110e-10	
   4.3000000e-01	   2.5107099e+01	   1.3732439e+02	   1.9596434e-02	   1.7666095e-10	
   4.4000000e-01	   2.5100262e+01	   1.3731734e+02	   1.9238223e-02	   1.7638307e-10	
   4.5000000e-01	   2.5094290e+01	   1.3731124e+02	   1.8892461e-02	   1.7614069e-10	
   4.6000000e-01	   2.5086902e+01	   1.3730374e+02	   1.8558068e-02	   1.7584127e-10	
   4.7000000e-01	   2.5076448e+01	   1.3729317e+02	   1.8234139e-02	   1.7541851e-10	
   4.8000000e-01	   2.5064787e+01	   1.3728138e+02	   1.7919934e-02	   1.7494814e-10	
   4.9000000e-01	   2.5053904e+01	   1.3727038e+02	   1.7614872e-02	   1.7451028e-10	
   5.0000000e-01	   2.5044897e+01	   1.3726130e+02	   1.7318515e-02	   1.7414877e-10	
   5.1000000e-01	   2.5037856e+01	   1.3725421e+02	   1.7030554e-02	   1.7386665e-10	
   5.2000000e-01	   2.5031029e+01	   1.3724736e+02	   1.6750791e-02	   1.7359354e-10	
   5.3000000e-01	   2.5023010e+01	   1.3723933e+02	   1.6479107e-02	   1.7327329e-10	
   5.4000000e-01	   2.5014368e+01	   1.3723068e+02	   1.6215440e-02	   1.7292885e-10	
   5.5000000e-01	   2.5006078e+01	   1.3722239e+02	   1.5959747e-02	   1.7259906e-10	
   5.6000000e-01	   2.4998653e+01	   1.3721497e+02	   1.5711982e-02	   1.7230425e-10	
   5.7000000e-01	   2.4992217e+01	   1.3720854e+02	   1.5472068e-02	   1.7204908e-10	
   5.8000000e-01	   2.4986043e+01	   1.3720236e+02	   1.5239884e-02	   1.7180468e-10	
   5.9000000e-01	   2.4979034e+01	   1.3719534e+02	   1.5015254e-02	   1.7152763e-10	
   6.0000000e-01	   2.4970728e+01	   1.3718701e+02	   1.4797950e-02	   1.7119990e-10	
   6.1000000e-01	   2.4961405e+01	   1.3717766e+02	   1.4587695e-02	   1.7083277e-10	
   6.2000000e-01	   2.4951633e+01	   1.3716786e+02	   1.4384177e-02	   1.7044879e-10	
   6.3000000e-01	   2.4941795e+01	   1.3715800e+02	   1.4187056e-02	   1.7006311e-10	
   6.4000000e-01	   2.4932038e+01	   1.3714824e+02	   1.3995981e-02	   1.6968150e-10	
   6.5000000e-01	   2.4922443e+01	   1.3713863e+02	   1.3810595e-02	   1.6930700e-10	
   6.6000000e-01	   2.4912759e+01	   1.3712894e+02	   1.3630551e-02	   1.6892991e-10	
   6.7000000e-01	   2.4902599e+01	   1.3711877e+02	   1.3455511e-02	   1.6853519e-10	
   6.8000000e-01	   2.4892248e+01	   1.3710840e+02	   1.3285157e-02	   1.6813398e-10	
   6.9000000e-01	   2.4882385e+01	   1.3709851e+02	   1.3119192e-02	   1.6775256e-10	
   7.0000000e-01	   2.4873219e+01	   1.3708933e+02	   1.2957339e-02	   1.6739888e-10	
   7.1000000e-01	   2.4864717e+01	   1.3708083e+02	   1.2799345e-02	   1.6707151e-10	
   7.2000000e-01	   2.4856864e+01	   1.3707297e+02	   1.2644979e-02	   1.6676966e-10	
   7.3000000e-01	   2.4849229e+01	   1.3706534e+02	   1.2494032e-02	   1.6647675e-10	
   7.4000000e-01	   2.4841250e+01	   1.3705737e+02	   1.2346317e-02	   1.6617117e-10	
   7.5000000e-01	   2.4832911e+01	   1.3704903e+02	   1.2201666e-02	   1.6585242e-10	
   7.6000000e-01	   2.4824507e+01	   1.3704063e+02	   1.2059931e-02	   1.6553179e-10	
   7.7000000e-01	   2.4816146e+01	   1.3703227e+02	   1.1920983e-02	   1.6521338e-10	
   7.8000000e-01	   2.4807793e+01	   1.3702391e+02	   1.1784711e-02	   1.6489593e-10	
   7.9000000e-01	   2.4799377e+01	   1.3701549e+02	   1.1651019e-02	   1.6457671e-10	
   8.0000000e-01	   2.4790757e+01	   1.3700687e+02	   1.1519829e-02	   1.6425036e-10	
   8.1000000e-01	   2.4781823e+01	   1.3699793e+02	   1.1391073e-02	   1.6391282e-10	
   8.2000000e-01	   2.4772663e+01	   1.3698876e+02	   1.1264699e-02	   1.6356746e-10	
   8.3000000e-01	   2.4763514e+01	   1.3697961e+02	   1.1140662e-02	   1.6322328e-10	
   8.4000000e-01	   2.4754526e+01	   1.3697061e+02	   1.1018928e-02	   1.6288580e-10	
   8.5000000e-01	   2.4745659e+01	   1.3696174e+02	   1.0899468e-02	   1.6255358e-10	
   8.6000000e-01	   2.4736825e+01	   1.3695291e+02	   1.0782258e-02	   1.6222326e-10	
   8.7000000e-01	   2.4727999e+01	   1.3694408e+02	   1.0667275e-02	   1.6189392e-10	
   8.8000000e-01	   2.4719300e+01	   1.3693538e+02	   1.0554498e-02	   1.6156997e-10	
   8.9000000e-01	   2.4710903e+01	   1.3692698e+02	   1.0443906e-02	   1.6125789e-10	
   9.0000000e-01	   2.4702711e+01	   1.3691879e+02	   1.0335475e-02	   1.6095399e-10	
   9.1000000e-01	   2.4694380e+01	   1.3691046e+02	   1.0229178e-02	   1.6064553e-10	
   9.2000000e-01	   2.4685763e+01	   1.3690184e+02	   1.0124987e-02	   1.6032711e-10	
   9.3000000e-01	   2.4676969e+01	   1.3689305e+02	   1.0022869e-02	   1.6000278e-10	
   9.4000000e-01	   2.4668108e+01	   1.3688418e+02	   9.9227899e-03	   1.5967665e-10	
   9.5000000e-01	   2.4659270e+01	   1.3687534e+02	   9.8247121e-03	   1.5935206e-10	
   9.6000000e-01	   2.4650496e+01	   1.3686657e+02	   9.7285961e-03	   1.5903044e-10	
   9.7000000e-01	   2.4641706e+01	   1.3685778e+02	   9.6344013e-03	   1.5870888e-10	
   9.8000000e-01	   2.4632867e+01	   1.3684894e+02	   9.5420859e-03	   1.5838622e-10	
   9.9000000e-01	   2.4624075e+01	   1.3684014e+02	   9.4516079e-03	   1.5806588e-10	
   1.0000000e+00	   2.4615384e+01	   1.3683145e+02	   9.3629254e-03	   1.5774988e-10	
