   0.0000000e+00	   0.0000000e+00	   0.0000000e+00	   1.0494312e-01	   5.4504287e-13	
   1.0000000e-02	   1.9062299e-03	   8.3516129e+01	   8.8456638e-02	   5.4528215e-13	
   2.0000000e-02	  -7.3840276e-03	   7.7744270e+01	   7.7158877e-02	   5.4411695e-13	
   3.0000000e-02	  -1.2334708e-02	   7.9696983e+01	   6.8859543e-02	   5.4349705e-13	
   4.0000000e-02	  -2.0402578e-02	   7.4538604e+01	   6.2395277e-02	   5.4248833e-13	
   5.0000000e-02	  -2.5537648e-02	   7.9764704e+01	   5.7263884e-02	   5.4184728e-13	
   6.0000000e-02	  -3.2491370e-02	   8.0207581e+01	   5.3080001e-02	   5.4098039e-13	
   7.0000000e-02	  -3.9720414e-02	   8.0592398e+01	   4.9544675e-02	   5.4008065e-13	
   8.0000000e-02	  -4.6519957e-02	   8.1720432e+01	   4.6493515e-02	   5.3923573e-13	
   9.0000000e-02	  -5.6963456e-02	   7.6945184e+01	   4.3844159e-02	   5.3794059e-13	
   1.0000000e-01	  -6.2819269e-02	   8.1170543e+01	   4.1536390e-02	   5.3721574e-13	
   1.1000000e-01	  -7.2050469e-02	   7.9404626e+01	   3.9510630e-02	   5.3607507e-13	
   1.2000000e-01	  -8.0137978e-02	   7.9534086e+01	   3.7711413e-02	   5.3507771e-13	
   1.3000000e-01	  -8.7974963e-02	   8.0167954e+01	   3.6092767e-02	   5.3411302e-13	
   1.4000000e-01	  -9.6744159e-02	   7.9251088e+01	   3.4619080e-02	   5.3303563e-13	
   1.5000000e-01	  -1.0457972e-01	   8.0041102e+01	   3.3263979e-02	   5.3207480e-13	
   1.6000000e-01	  -1.1327086e-01	   7.9364575e+01	   3.2009091e-02	   5.3101107e-13	
   1.7000000e-01	  -1.2158744e-01	   7.9390949e+01	   3.0842765e-02	   5.2999517e-13	
   1.8000000e-01	  -1.2977020e-01	   7.9700771e+01	   2.9758264e-02	   5.2899752e-13	
   1.9000000e-01	  -1.3844788e-01	   7.9139521e+01	   2.8751426e-02	   5.2794158e-13	
   2.0000000e-01	  -1.4671735e-01	   7.9389588e+01	   2.7818429e-02	   5.2693728e-13	
   2.1000000e-01	  -1.5541033e-01	   7.8848970e+01	   2.6954462e-02	   5.2588360e-13	
   2.2000000e-01	  -1.6347524e-01	   7.9580691e+01	   2.6153508e-02	   5.2490793e-13	
   2.3000000e-01	  -1.7214259e-01	   7.9195851e+01	   2.5408888e-02	   5.2386140e-13	
   2.4000000e-01	  -1.8081920e-01	   7.8791992e+01	   2.4713961e-02	   5.2281584e-13	
   2.5000000e-01	  -1.8907668e-01	   7.9266707e+01	   2.4062645e-02	   5.2182273e-13	
   2.6000000e-01	  -1.9771108e-01	   7.9014511e+01	   2.3449657e-02	   5.2078630e-13	
   2.7000000e-01	  -2.0635988e-01	   7.8740772e+01	   2.2870540e-02	   5.1975021e-13	
   2.8000000e-01	  -2.1468641e-01	   7.9149540e+01	   2.2321589e-02	   5.1875467e-13	
   2.9000000e-01	  -2.2335570e-01	   7.8879880e+01	   2.1799731e-02	   5.1772017e-13	
   3.0000000e-01	  -2.3196144e-01	   7.8747112e+01	   2.1302421e-02	   5.1669531e-13	
   3.1000000e-01	  -2.4046039e-01	   7.8852198e+01	   2.0827541e-02	   5.1568514e-13	
   3.2000000e-01	  -2.4901997e-01	   7.8842352e+01	   2.0373327e-02	   5.1466977e-13	
   3.3000000e-01	  -2.5762706e-01	   7.8744375e+01	   1.9938304e-02	   5.1365078e-13	
   3.4000000e-01	  -2.6622594e-01	   7.8673244e+01	   1.9521219e-02	   5.1263478e-13	
   3.5000000e-01	  -2.7475085e-01	   7.8769797e+01	   1.9120992e-02	   5.1162950e-13	
   3.6000000e-01	  -2.8335219e-01	   7.8714525e+01	   1.8736662e-02	   5.1061720e-13	
   3.7000000e-01	  -2.9201036e-01	   7.8545405e+01	   1.8367356e-02	   5.0960024e-13	
   3.8000000e-01	  -3.0053756e-01	   7.8668989e+01	   1.8012250e-02	   5.0860064e-13	
   3.9000000e-01	  -3.0909882e-01	   7.8726443e+01	   1.7670562e-02	   5.0759902e-13	
   4.0000000e-01	  -3.1777748e-01	   7.8541546e+01	   1.7341533e-02	   5.0658568e-13	
   4.1000000e-01	  -3.2642648e-01	   7.8424626e+01	   1.7024431e-02	   5.0557782e-13	
   4.2000000e-01	  -3.3491217e-01	   7.8672398e+01	   1.6718545e-02	   5.0459093e-13	
   4.3000000e-01	  -3.4354547e-01	   7.8606592e+01	   1.6423195e-02	   5.0358886e-13	
   4.4000000e-01	  -3.5227296e-01	   7.8336722e+01	   1.6137728e-02	   5.0257787e-13	
   4.5000000e-01	  -3.6080893e-01	   7.8496960e+01	   1.5861526e-02	   5.0159104e-13	
   4.6000000e-01	  -3.6939742e-01	   7.8543664e+01	   1.5594004e-02	   5.0060008e-13	
   4.7000000e-01	  -3.7808497e-01	   7.8377894e+01	   1.5334620e-02	   4.9959969e-13	
   4.8000000e-01	  -3.8672184e-01	   7.8327404e+01	   1.5082878e-02	   4.9860712e-13	
   4.9000000e-01	  -3.9526816e-01	   7.8483170e+01	   1.4838326e-02	   4.9762689e-13	
   5.0000000e-01	  -4.0391828e-01	   7.8413907e+01	   1.4600571e-02	   4.9663673e-13	
   5.1000000e-01	  -4.1262050e-01	   7.8230237e+01	   1.4369271e-02	   4.9564258e-13	
   5.2000000e-01	  -4.2120053e-01	   7.8327320e+01	   1.4144143e-02	   4.9466434e-13	
   5.3000000e-01	  -4.2980742e-01	   7.8366918e+01	   1.3924960e-02	   4.9368498e-13	
   5.4000000e-01	  -4.3847026e-01	   7.8285563e+01	   1.3711544e-02	   4.9270121e-13	
   5.5000000e-01	  -4.4712376e-01	   7.8228316e+01	   1.3503763e-02	   4.9172046e-13	
   5.6000000e-01	  -4.5576147e-01	   7.8210499e+01	   1.3301517e-02	   4.9074345e-13	
   5.7000000e-01	  -4.6438548e-01	   7.8227401e+01	   1.3104732e-02	   4.8976992e-13	
   5.8000000e-01	  -4.7300073e-01	   7.8267149e+01	   1.2913345e-02	   4.8879931e-13	
   5.9000000e-01	  -4.8166336e-01	   7.8202833e+01	   1.2727299e-02	   4.8782530e-13	
   6.0000000e-01	  -4.9033745e-01	   7.8114426e+01	   1.2546528e-02	   4.8685195e-13	
   6.1000000e-01	  -4.9895375e-01	   7.8162116e+01	   1.2370958e-02	   4.8588701e-13	
   6.2000000e-01	  -5.0757017e-01	   7.8211889e+01	   1.2200496e-02	   4.8492396e-13	
   6.3000000e-01	  -5.1623283e-01	   7.8159661e+01	   1.2035038e-02	   4.8395767e-13	
   6.4000000e-01	  -5.2492121e-01	   7.8050556e+01	   1.1874460e-02	   4.8299044e-13	
   6.5000000e-01	  -5.3354563e-01	   7.8092565e+01	   1.1718627e-02	   4.8203225e-13	
   6.6000000e-01	  -5.4215876e-01	   7.8162784e+01	   1.1567394e-02	   4.8107721e-13	
   6.7000000e-01	  -5.5085400e-01	   7.8047826e+01	   1.1420608e-02	   4.8011498e-13	
   6.8000000e-01	  -5.5952429e-01	   7.7992261e+01	   1.1278108e-02	   4.7915743e-13	
   6.9000000e-01	  -5.6814335e-01	   7.8058901e+01	   1.1139732e-02	   4.7820744e-13	
   7.0000000e-01	  -5.7678296e-01	   7.8079963e+01	   1.1005318e-02	   4.7725706e-13	
   7.1000000e-01	  -5.8546900e-01	   7.7996228e+01	   1.0874701e-02	   4.7630349e-13	
   7.2000000e-01	  -5.9415574e-01	   7.7911791e+01	   1.0747716e-02	   4.7535174e-13	
   7.3000000e-01	  -6.0276870e-01	   7.8002695e+01	   1.0624201e-02	   4.7440995e-13	
   7.4000000e-01	  -6.1140062e-01	   7.8050004e+01	   1.0503993e-02	   4.7346796e-13	
   7.5000000e-01	  -6.2010793e-01	   7.7924466e+01	   1.0386933e-02	   4.7251964e-13	
   7.6000000e-01	  -6.2878356e-01	   7.7873308e+01	   1.0272862e-02	   4.7157666e-13	
   7.7000000e-01	  -6.3741418e-01	   7.7929990e+01	   1.0161623e-02	   4.7064044e-13	
   7.8000000e-01	  -6.4605261e-01	   7.7969225e+01	   1.0053063e-02	   4.6970523e-13	
   7.9000000e-01	  -6.5473446e-01	   7.7908968e+01	   9.9470309e-03	   4.6876720e-13	
   8.0000000e-01	  -6.6343368e-01	   7.7808364e+01	   9.8433805e-03	   4.6782916e-13	
   8.1000000e-01	  -6.7207328e-01	   7.7850721e+01	   9.7419688e-03	   4.6689942e-13	
   8.2000000e-01	  -6.8070727e-01	   7.7907197e+01	   9.6426574e-03	   4.6597212e-13	
   8.3000000e-01	  -6.8939632e-01	   7.7836069e+01	   9.5453131e-03	   4.6504077e-13	
   8.4000000e-01	  -6.9808133e-01	   7.7775304e+01	   9.4498079e-03	   4.6411171e-13	
   8.5000000e-01	  -7.0673707e-01	   7.7785659e+01	   9.3560199e-03	   4.6318763e-13	
   8.6000000e-01	  -7.1538429e-01	   7.7817451e+01	   9.2638332e-03	   4.6226630e-13	
   8.7000000e-01	  -7.2405608e-01	   7.7792303e+01	   9.1731388e-03	   4.6134419e-13	
   8.8000000e-01	  -7.3274848e-01	   7.7718914e+01	   9.0838349e-03	   4.6042173e-13	
   8.9000000e-01	  -7.4140506e-01	   7.7732009e+01	   8.9958270e-03	   4.5950491e-13	
   9.0000000e-01	  -7.5005081e-01	   7.7771423e+01	   8.9090293e-03	   4.5859105e-13	
   9.1000000e-01	  -7.5873006e-01	   7.7731817e+01	   8.8233645e-03	   4.5767549e-13	
   9.2000000e-01	  -7.6741199e-01	   7.7685968e+01	   8.7387645e-03	   4.5676147e-13	
   9.3000000e-01	  -7.7607489e-01	   7.7685957e+01	   8.6551714e-03	   4.5585127e-13	
   9.4000000e-01	  -7.8472337e-01	   7.7720483e+01	   8.5725374e-03	   4.5494440e-13	
   9.5000000e-01	  -7.9338916e-01	   7.7713860e+01	   8.4908258e-03	   4.5403752e-13	
   9.6000000e-01	  -8.0208083e-01	   7.7645556e+01	   8.4100107e-03	   4.5312975e-13	
   9.7000000e-01	  -8.1074616e-01	   7.7640392e+01	   8.3300777e-03	   4.5222654e-13	
   9.8000000e-01	  -8.1939221e-01	   7.7681532e+01	   8.2510231e-03	   4.5132713e-13	
   9.9000000e-01	  -8.2806191e-01	   7.7666555e+01	   8.1728541e-03	   4.5042706e-13	
   1.0000000e+00	  -8.3674396e-01	   7.7622551e+01	   8.0955877e-03	   4.4952750e-13	
