   0.0000000e+00	   0.0000000e+00	   0.0000000e+00	   2.0988624e-01	   5.4504287e-13	
   1.0000000e-02	   3.1146633e-02	   8.9830687e+01	   1.5225138e-01	   5.4896584e-13	
   2.0000000e-02	   6.3115566e-02	   9.3220531e+01	   1.2388884e-01	   5.5302175e-13	
   3.0000000e-02	   1.0656558e-01	   9.5832794e+01	   1.0582039e-01	   5.5858236e-13	
   4.0000000e-02	   1.5844002e-01	   9.7792298e+01	   9.3045931e-02	   5.6529437e-13	
   5.0000000e-02	   2.3792855e-01	   9.9742440e+01	   8.3368793e-02	   5.7573617e-13	
   6.0000000e-02	   3.7401671e-01	   1.0185575e+02	   7.5802509e-02	   5.9406276e-13	
   7.0000000e-02	   6.0080396e-01	   1.0405832e+02	   6.9689174e-02	   6.2590880e-13	
   8.0000000e-02	   8.9880154e-01	   1.0596913e+02	   6.4582315e-02	   6.7036420e-13	
   9.0000000e-02	   1.4581483e+00	   1.0834873e+02	   6.0211041e-02	   7.6250990e-13	
   1.0000000e-01	   2.1505817e+00	   1.1039396e+02	   5.6425491e-02	   8.9431153e-13	
   1.1000000e-01	   2.7834317e+00	   1.1185543e+02	   5.3131858e-02	   1.0346032e-12	
   1.2000000e-01	   3.4034880e+00	   1.1307324e+02	   5.0249644e-02	   1.1933819e-12	
   1.3000000e-01	   4.1939470e+00	   1.1442832e+02	   4.7704363e-02	   1.4316121e-12	
   1.4000000e-01	   5.2643597e+00	   1.1603928e+02	   4.5433671e-02	   1.8317518e-12	
   1.5000000e-01	   6.5603444e+00	   1.1777858e+02	   4.3389443e-02	   2.4686817e-12	
   1.6000000e-01	   7.9810820e+00	   1.1952362e+02	   4.1535271e-02	   3.4240402e-12	
   1.7000000e-01	   9.5095941e+00	   1.2128409e+02	   3.9843241e-02	   4.8684428e-12	
   1.8000000e-01	   1.1157044e+01	   1.2309607e+02	   3.8291501e-02	   7.1143467e-12	
   1.9000000e-01	   1.2889225e+01	   1.2494071e+02	   3.6862520e-02	   1.0601155e-11	
   2.0000000e-01	   1.4661871e+01	   1.2678763e+02	   3.5541803e-02	   1.5944750e-11	
   2.1000000e-01	   1.6439048e+01	   1.2861283e+02	   3.4316980e-02	   2.4006865e-11	
   2.2000000e-01	   1.8186472e+01	   1.3039086e+02	   3.3177218e-02	   3.5898626e-11	
   2.3000000e-01	   1.9874908e+01	   1.3209873e+02	   3.2112867e-02	   5.2956768e-11	
   2.4000000e-01	   2.1464502e+01	   1.3370062e+02	   3.1115282e-02	   7.6362619e-11	
   2.5000000e-01	   2.2893462e+01	   1.3513726e+02	   3.0176779e-02	   1.0611502e-10	
   2.6000000e-01	   2.4096416e+01	   1.3634490e+02	   2.9290701e-02	   1.3998203e-10	
   2.7000000e-01	   2.5025769e+01	   1.3727698e+02	   2.8451524e-02	   1.7338343e-10	
   2.8000000e-01	   2.5661743e+01	   1.3791436e+02	   2.7654936e-02	   2.0072659e-10	
   2.9000000e-01	   2.6021437e+01	   1.3827454e+02	   2.6897831e-02	   2.1805918e-10	
   3.0000000e-01	   2.6163579e+01	   1.3841651e+02	   2.6178154e-02	   2.2531422e-10	
   3.1000000e-01	   2.6171920e+01	   1.3842422e+02	   2.5494618e-02	   2.2574733e-10	
   3.2000000e-01	   2.6119491e+01	   1.3837083e+02	   2.4846324e-02	   2.2303845e-10	
   3.3000000e-01	   2.6043882e+01	   1.3829394e+02	   2.4232389e-02	   2.1918906e-10	
   3.4000000e-01	   2.5954457e+01	   1.3820290e+02	   2.3651672e-02	   2.1472192e-10	
   3.5000000e-01	   2.5860402e+01	   1.3810695e+02	   2.3102643e-02	   2.1012166e-10	
   3.6000000e-01	   2.5788609e+01	   1.3803320e+02	   2.2583396e-02	   2.0667670e-10	
   3.7000000e-01	   2.5762805e+01	   1.3800564e+02	   2.2091750e-02	   2.0545236e-10	
   3.8000000e-01	   2.5770778e+01	   1.3801217e+02	   2.1625393e-02	   2.0582990e-10	
   3.9000000e-01	   2.5780225e+01	   1.3802039e+02	   2.1182010e-02	   2.0627810e-10	
   4.0000000e-01	   2.5779071e+01	   1.3801821e+02	   2.0759384e-02	   2.0622331e-10	
   4.1000000e-01	   2.5774630e+01	   1.3801301e+02	   2.0355454e-02	   2.0601255e-10	
   4.2000000e-01	   2.5769928e+01	   1.3800779e+02	   1.9968358e-02	   2.0578964e-10	
   4.3000000e-01	   2.5763129e+01	   1.3800066e+02	   1.9596434e-02	   2.0546770e-10	
   4.4000000e-01	   2.5755199e+01	   1.3799252e+02	   1.9238223e-02	   2.0509285e-10	
   4.5000000e-01	   2.5746048e+01	   1.3798322e+02	   1.8892461e-02	   2.0466117e-10	
   4.6000000e-01	   2.5734110e+01	   1.3797114e+02	   1.8558068e-02	   2.0409936e-10	
   4.7000000e-01	   2.5720864e+01	   1.3795774e+02	   1.8234138e-02	   2.0347781e-10	
   4.8000000e-01	   2.5709028e+01	   1.3794577e+02	   1.7919934e-02	   2.0292400e-10	
   4.9000000e-01	   2.5699595e+01	   1.3793623e+02	   1.7614872e-02	   2.0248374e-10	
   5.0000000e-01	   2.5692129e+01	   1.3792868e+02	   1.7318515e-02	   2.0213594e-10	
   5.1000000e-01	   2.5684882e+01	   1.3792139e+02	   1.7030554e-02	   2.0179891e-10	
   5.2000000e-01	   2.5676262e+01	   1.3791273e+02	   1.6750791e-02	   2.0139881e-10	
   5.3000000e-01	   2.5666732e+01	   1.3790318e+02	   1.6479107e-02	   2.0095733e-10	
   5.4000000e-01	   2.5657536e+01	   1.3789397e+02	   1.6215440e-02	   2.0053225e-10	
   5.5000000e-01	   2.5649110e+01	   1.3788554e+02	   1.5959747e-02	   2.0014360e-10	
   5.6000000e-01	   2.5641219e+01	   1.3787765e+02	   1.5711982e-02	   1.9978027e-10	
   5.7000000e-01	   2.5633102e+01	   1.3786952e+02	   1.5472068e-02	   1.9940721e-10	
   5.8000000e-01	   2.5623966e+01	   1.3786036e+02	   1.5239884e-02	   1.9898817e-10	
   5.9000000e-01	   2.5613797e+01	   1.3785015e+02	   1.5015254e-02	   1.9852280e-10	
   6.0000000e-01	   2.5603203e+01	   1.3783952e+02	   1.4797950e-02	   1.9803912e-10	
   6.1000000e-01	   2.5592754e+01	   1.3782903e+02	   1.4587695e-02	   1.9756320e-10	
   6.2000000e-01	   2.5582668e+01	   1.3781892e+02	   1.4384177e-02	   1.9710490e-10	
   6.3000000e-01	   2.5572930e+01	   1.3780917e+02	   1.4187056e-02	   1.9666345e-10	
   6.4000000e-01	   2.5563511e+01	   1.3779974e+02	   1.3995981e-02	   1.9623737e-10	
   6.5000000e-01	   2.5554263e+01	   1.3779049e+02	   1.3810595e-02	   1.9581998e-10	
   6.6000000e-01	   2.5545088e+01	   1.3778130e+02	   1.3630551e-02	   1.9540672e-10	
   6.7000000e-01	   2.5536319e+01	   1.3777253e+02	   1.3455511e-02	   1.9501254e-10	
   6.8000000e-01	   2.5528270e+01	   1.3776448e+02	   1.3285157e-02	   1.9465147e-10	
   6.9000000e-01	   2.5520720e+01	   1.3775692e+02	   1.3119192e-02	   1.9431334e-10	
   7.0000000e-01	   2.5513320e+01	   1.3774952e+02	   1.2957339e-02	   1.9398256e-10	
   7.1000000e-01	   2.5505798e+01	   1.3774200e+02	   1.2799345e-02	   1.9364688e-10	
   7.2000000e-01	   2.5497749e+01	   1.3773395e+02	   1.2644979e-02	   1.9328831e-10	
   7.3000000e-01	   2.5489047e+01	   1.3772525e+02	   1.2494032e-02	   1.9290140e-10	
   7.4000000e-01	   2.5480081e+01	   1.3771628e+02	   1.2346317e-02	   1.9250355e-10	
   7.5000000e-01	   2.5471176e+01	   1.3770737e+02	   1.2201666e-02	   1.9210923e-10	
   7.6000000e-01	   2.5462309e+01	   1.3769850e+02	   1.2059931e-02	   1.9171743e-10	
   7.7000000e-01	   2.5453380e+01	   1.3768957e+02	   1.1920983e-02	   1.9132365e-10	
   7.8000000e-01	   2.5444329e+01	   1.3768051e+02	   1.1784711e-02	   1.9092532e-10	
   7.9000000e-01	   2.5435157e+01	   1.3767133e+02	   1.1651019e-02	   1.9052253e-10	
   8.0000000e-01	   2.5426002e+01	   1.3766217e+02	   1.1519829e-02	   1.9012136e-10	
   8.1000000e-01	   2.5417066e+01	   1.3765322e+02	   1.1391073e-02	   1.8973055e-10	
   8.2000000e-01	   2.5408414e+01	   1.3764457e+02	   1.1264698e-02	   1.8935293e-10	
   8.3000000e-01	   2.5399924e+01	   1.3763608e+02	   1.1140662e-02	   1.8898312e-10	
   8.4000000e-01	   2.5391451e+01	   1.3762760e+02	   1.1018928e-02	   1.8861480e-10	
   8.5000000e-01	   2.5382963e+01	   1.3761912e+02	   1.0899468e-02	   1.8824651e-10	
   8.6000000e-01	   2.5374503e+01	   1.3761066e+02	   1.0782258e-02	   1.8788020e-10	
   8.7000000e-01	   2.5366109e+01	   1.3760226e+02	   1.0667275e-02	   1.8751738e-10	
   8.8000000e-01	   2.5357678e+01	   1.3759383e+02	   1.0554498e-02	   1.8715373e-10	
   8.9000000e-01	   2.5348997e+01	   1.3758515e+02	   1.0443906e-02	   1.8677999e-10	
   9.0000000e-01	   2.5340034e+01	   1.3757618e+02	   1.0335475e-02	   1.8639491e-10	
   9.1000000e-01	   2.5331011e+01	   1.3756716e+02	   1.0229178e-02	   1.8600807e-10	
   9.2000000e-01	   2.5322101e+01	   1.3755824e+02	   1.0124987e-02	   1.8562681e-10	
   9.3000000e-01	   2.5313327e+01	   1.3754947e+02	   1.0022869e-02	   1.8525218e-10	
   9.4000000e-01	   2.5304658e+01	   1.3754080e+02	   9.9227899e-03	   1.8488278e-10	
   9.5000000e-01	   2.5296016e+01	   1.3753215e+02	   9.8247121e-03	   1.8451527e-10	
   9.6000000e-01	   2.5287375e+01	   1.3752351e+02	   9.7285961e-03	   1.8414850e-10	
   9.7000000e-01	   2.5278804e+01	   1.3751494e+02	   9.6344013e-03	   1.8378540e-10	
   9.8000000e-01	   2.5270305e+01	   1.3750644e+02	   9.5420859e-03	   1.8342609e-10	
   9.9000000e-01	   2.5261788e+01	   1.3749793e+02	   9.4516079e-03	   1.8306675e-10	
   1.0000000e+00	   2.5253195e+01	   1.3748933e+02	   9.3629254e-03	   1.8270488e-10	
