   0.0000000e+00	   0.0000000e+00	   0.0000000e+00	   1.0494312e-01	   5.4504287e-13	
   1.0000000e-02	   1.8417388e-03	   8.3484325e+01	   8.8456638e-02	   5.4527405e-13	
   2.0000000e-02	  -7.5073665e-03	   7.7428552e+01	   7.7158877e-02	   5.4410150e-13	
   3.0000000e-02	  -1.2410632e-02	   7.9598973e+01	   6.8859543e-02	   5.4348755e-13	
   4.0000000e-02	  -2.0535724e-02	   7.3820470e+01	   6.2395277e-02	   5.4247170e-13	
   5.0000000e-02	  -2.5563828e-02	   7.9769203e+01	   5.7263884e-02	   5.4184401e-13	
   6.0000000e-02	  -3.2859359e-02	   7.9634978e+01	   5.3080001e-02	   5.4093455e-13	
   7.0000000e-02	  -3.9678604e-02	   8.0702799e+01	   4.9544675e-02	   5.4008585e-13	
   8.0000000e-02	  -4.6682334e-02	   8.1579670e+01	   4.6493515e-02	   5.3921557e-13	
   9.0000000e-02	  -5.6873971e-02	   7.7340151e+01	   4.3844159e-02	   5.3795167e-13	
   1.0000000e-01	  -6.2850619e-02	   8.1181677e+01	   4.1536390e-02	   5.3721187e-13	
   1.1000000e-01	  -7.2363984e-02	   7.8844912e+01	   3.9510630e-02	   5.3603637e-13	
   1.2000000e-01	  -7.9909486e-02	   7.9999687e+01	   3.7711413e-02	   5.3510586e-13	
   1.3000000e-01	  -8.8217673e-02	   7.9831485e+01	   3.6092767e-02	   5.3408317e-13	
   1.4000000e-01	  -9.6732912e-02	   7.9346177e+01	   3.4619080e-02	   5.3303702e-13	
   1.5000000e-01	  -1.0466279e-01	   7.9968725e+01	   3.3263979e-02	   5.3206462e-13	
   1.6000000e-01	  -1.1338109e-01	   7.9225151e+01	   3.2009091e-02	   5.3099759e-13	
   1.7000000e-01	  -1.2155379e-01	   7.9524816e+01	   3.0842765e-02	   5.2999928e-13	
   1.8000000e-01	  -1.2988414e-01	   7.9567408e+01	   2.9758264e-02	   5.2898365e-13	
   1.9000000e-01	  -1.3849994e-01	   7.9112638e+01	   2.8751426e-02	   5.2793526e-13	
   2.0000000e-01	  -1.4682702e-01	   7.9255483e+01	   2.7818429e-02	   5.2692397e-13	
   2.1000000e-01	  -1.5541215e-01	   7.8927088e+01	   2.6954462e-02	   5.2588338e-13	
   2.2000000e-01	  -1.6350681e-01	   7.9596381e+01	   2.6153508e-02	   5.2490412e-13	
   2.3000000e-01	  -1.7230234e-01	   7.8955955e+01	   2.5408888e-02	   5.2384213e-13	
   2.4000000e-01	  -1.8082454e-01	   7.8865221e+01	   2.4713961e-02	   5.2281520e-13	
   2.5000000e-01	  -1.8910712e-01	   7.9286398e+01	   2.4062645e-02	   5.2181907e-13	
   2.6000000e-01	  -1.9785477e-01	   7.8800875e+01	   2.3449657e-02	   5.2076907e-13	
   2.7000000e-01	  -2.0635135e-01	   7.8844752e+01	   2.2870540e-02	   5.1975123e-13	
   2.8000000e-01	  -2.1474662e-01	   7.9112075e+01	   2.2321589e-02	   5.1874748e-13	
   2.9000000e-01	  -2.2346540e-01	   7.8734728e+01	   2.1799731e-02	   5.1770710e-13	
   3.0000000e-01	  -2.3199607e-01	   7.8760279e+01	   2.1302421e-02	   5.1669119e-13	
   3.1000000e-01	  -2.4050526e-01	   7.8844231e+01	   2.0827541e-02	   5.1567982e-13	
   3.2000000e-01	  -2.4909115e-01	   7.8779412e+01	   2.0373327e-02	   5.1466134e-13	
   3.3000000e-01	  -2.5770250e-01	   7.8670847e+01	   1.9938304e-02	   5.1364186e-13	
   3.4000000e-01	  -2.6626778e-01	   7.8671652e+01	   1.9521219e-02	   5.1262984e-13	
   3.5000000e-01	  -2.7480173e-01	   7.8749651e+01	   1.9120992e-02	   5.1162350e-13	
   3.6000000e-01	  -2.8344939e-01	   7.8594204e+01	   1.8736662e-02	   5.1060577e-13	
   3.7000000e-01	  -2.9204917e-01	   7.8550778e+01	   1.8367356e-02	   5.0959569e-13	
   3.8000000e-01	  -3.0056700e-01	   7.8694755e+01	   1.8012250e-02	   5.0859719e-13	
   3.9000000e-01	  -3.0919165e-01	   7.8617388e+01	   1.7670562e-02	   5.0758817e-13	
   4.0000000e-01	  -3.1787479e-01	   7.8417552e+01	   1.7341533e-02	   5.0657433e-13	
   4.1000000e-01	  -3.2643007e-01	   7.8509169e+01	   1.7024431e-02	   5.0557740e-13	
   4.2000000e-01	  -3.3494877e-01	   7.8683688e+01	   1.6718545e-02	   5.0458668e-13	
   4.3000000e-01	  -3.4368391e-01	   7.8394123e+01	   1.6423195e-02	   5.0357280e-13	
   4.4000000e-01	  -3.5230483e-01	   7.8359017e+01	   1.6137728e-02	   5.0257418e-13	
   4.5000000e-01	  -3.6082854e-01	   7.8545614e+01	   1.5861526e-02	   5.0158877e-13	
   4.6000000e-01	  -3.6949333e-01	   7.8425325e+01	   1.5594004e-02	   5.0058903e-13	
   4.7000000e-01	  -3.7816466e-01	   7.8292167e+01	   1.5334620e-02	   4.9959052e-13	
   4.8000000e-01	  -3.8673592e-01	   7.8390117e+01	   1.5082878e-02	   4.9860550e-13	
   4.9000000e-01	  -3.9532291e-01	   7.8455704e+01	   1.4838326e-02	   4.9762062e-13	
   5.0000000e-01	  -4.0403725e-01	   7.8240544e+01	   1.4600571e-02	   4.9662312e-13	
   5.1000000e-01	  -4.1265347e-01	   7.8251302e+01	   1.4369271e-02	   4.9563882e-13	
   5.2000000e-01	  -4.2122536e-01	   7.8366590e+01	   1.4144143e-02	   4.9466152e-13	
   5.3000000e-01	  -4.2988727e-01	   7.8283016e+01	   1.3924960e-02	   4.9367591e-13	
   5.4000000e-01	  -4.3854928e-01	   7.8202113e+01	   1.3711544e-02	   4.9269225e-13	
   5.5000000e-01	  -4.4718232e-01	   7.8191396e+01	   1.3503763e-02	   4.9171383e-13	
   5.6000000e-01	  -4.5580500e-01	   7.8208220e+01	   1.3301517e-02	   4.9073853e-13	
   5.7000000e-01	  -4.6442750e-01	   7.8228734e+01	   1.3104732e-02	   4.8976518e-13	
   5.8000000e-01	  -4.7307734e-01	   7.8189974e+01	   1.2913345e-02	   4.8879069e-13	
   5.9000000e-01	  -4.8175182e-01	   7.8096879e+01	   1.2727299e-02	   4.8781537e-13	
   6.0000000e-01	  -4.9037475e-01	   7.8126626e+01	   1.2546528e-02	   4.8684777e-13	
   6.1000000e-01	  -4.9898600e-01	   7.8185904e+01	   1.2370958e-02	   4.8588340e-13	
   6.2000000e-01	  -5.0764289e-01	   7.8143421e+01	   1.2200496e-02	   4.8491584e-13	
   6.3000000e-01	  -5.1632667e-01	   7.8041072e+01	   1.2035038e-02	   4.8394721e-13	
   6.4000000e-01	  -5.2496313e-01	   7.8052200e+01	   1.1874460e-02	   4.8298578e-13	
   6.5000000e-01	  -5.3356740e-01	   7.8140781e+01	   1.1718627e-02	   4.8202983e-13	
   6.6000000e-01	  -5.4225282e-01	   7.8044762e+01	   1.1567394e-02	   4.8106679e-13	
   6.7000000e-01	  -5.5093238e-01	   7.7964042e+01	   1.1420608e-02	   4.8010632e-13	
   6.8000000e-01	  -5.5954875e-01	   7.8035037e+01	   1.1278108e-02	   4.7915473e-13	
   6.9000000e-01	  -5.6818893e-01	   7.8052521e+01	   1.1139732e-02	   4.7820242e-13	
   7.0000000e-01	  -5.7687200e-01	   7.7972543e+01	   1.1005318e-02	   4.7724728e-13	
   7.1000000e-01	  -5.8555362e-01	   7.7897293e+01	   1.0874701e-02	   4.7629420e-13	
   7.2000000e-01	  -5.9417028e-01	   7.7978294e+01	   1.0747716e-02	   4.7535015e-13	
   7.3000000e-01	  -6.0280179e-01	   7.8025239e+01	   1.0624201e-02	   4.7440634e-13	
   7.4000000e-01	  -6.1151112e-01	   7.7891855e+01	   1.0503993e-02	   4.7345592e-13	
   7.5000000e-01	  -6.2018200e-01	   7.7849878e+01	   1.0386933e-02	   4.7251158e-13	
   7.6000000e-01	  -6.2880455e-01	   7.7924630e+01	   1.0272862e-02	   4.7157438e-13	
   7.7000000e-01	  -6.3745071e-01	   7.7944560e+01	   1.0161623e-02	   4.7063648e-13	
   7.8000000e-01	  -6.4613745e-01	   7.7870611e+01	   1.0053063e-02	   4.6969606e-13	
   7.9000000e-01	  -6.5482894e-01	   7.7785898e+01	   9.9470309e-03	   4.6875700e-13	
   8.0000000e-01	  -6.6346143e-01	   7.7844177e+01	   9.8433805e-03	   4.6782617e-13	
   8.1000000e-01	  -6.7209908e-01	   7.7890976e+01	   9.7419688e-03	   4.6689664e-13	
   8.2000000e-01	  -6.8079629e-01	   7.7798385e+01	   9.6426574e-03	   4.6596257e-13	
   8.3000000e-01	  -6.8947612e-01	   7.7748028e+01	   9.5453131e-03	   4.6503222e-13	
   8.4000000e-01	  -6.9812288e-01	   7.7778841e+01	   9.4498079e-03	   4.6410727e-13	
   8.5000000e-01	  -7.0677448e-01	   7.7799256e+01	   9.3560199e-03	   4.6318364e-13	
   8.6000000e-01	  -7.1545324e-01	   7.7756152e+01	   9.2638332e-03	   4.6225896e-13	
   8.7000000e-01	  -7.2414108e-01	   7.7692028e+01	   9.1731388e-03	   4.6133516e-13	
   8.8000000e-01	  -7.3279024e-01	   7.7722397e+01	   9.0838349e-03	   4.6041730e-13	
   8.9000000e-01	  -7.4144120e-01	   7.7749016e+01	   8.9958270e-03	   4.5950108e-13	
   9.0000000e-01	  -7.5012794e-01	   7.7690464e+01	   8.9090293e-03	   4.5858291e-13	
   9.1000000e-01	  -7.5880403e-01	   7.7657816e+01	   8.8233645e-03	   4.5766769e-13	
   9.2000000e-01	  -7.6745860e-01	   7.7677676e+01	   8.7387645e-03	   4.5675657e-13	
   9.3000000e-01	  -7.7611195e-01	   7.7700529e+01	   8.6551714e-03	   4.5584738e-13	
   9.4000000e-01	  -7.8478870e-01	   7.7667356e+01	   8.5725374e-03	   4.5493756e-13	
   9.5000000e-01	  -7.9347563e-01	   7.7609425e+01	   8.4908258e-03	   4.5402848e-13	
   9.6000000e-01	  -8.0212761e-01	   7.7636415e+01	   8.4100107e-03	   4.5312487e-13	
   9.7000000e-01	  -8.1077787e-01	   7.7667421e+01	   8.3300777e-03	   4.5222323e-13	
   9.8000000e-01	  -8.1945918e-01	   7.7624062e+01	   8.2510231e-03	   4.5132017e-13	
   9.9000000e-01	  -8.2813901e-01	   7.7584453e+01	   8.1728541e-03	   4.5041906e-13	
   1.0000000e+00	  -8.3680255e-01	   7.7584892e+01	   8.0955877e-03	   4.4952143e-13	
