   0.0000000e+00	   0.0000000e+00	   0.0000000e+00	   2.0988624e-01	   5.4504287e-13	
   1.0000000e-02	   3.1349844e-02	   8.9873287e+01	   1.5225138e-01	   5.4899153e-13	
   2.0000000e-02	   6.3882268e-02	   9.3289901e+01	   1.2388884e-01	   5.5311939e-13	
   3.0000000e-02	   1.0949761e-01	   9.5970754e+01	   1.0582039e-01	   5.5895960e-13	
   4.0000000e-02	   1.6543877e-01	   9.7999222e+01	   9.3045931e-02	   5.6620609e-13	
   5.0000000e-02	   2.5266901e-01	   1.0002102e+02	   8.3368793e-02	   5.7769361e-13	
   6.0000000e-02	   4.0108957e-01	   1.0217811e+02	   7.5802509e-02	   5.9777757e-13	
   7.0000000e-02	   6.5114663e-01	   1.0443584e+02	   6.9689174e-02	   6.3320644e-13	
   8.0000000e-02	   9.7824696e-01	   1.0637937e+02	   6.4582315e-02	   6.8274001e-13	
   9.0000000e-02	   1.5795479e+00	   1.0876281e+02	   6.0211041e-02	   7.8412527e-13	
   1.0000000e-01	   2.3253167e+00	   1.1083143e+02	   5.6425491e-02	   9.3102712e-13	
   1.1000000e-01	   3.0015924e+00	   1.1230798e+02	   5.3131858e-02	   1.0879023e-12	
   1.2000000e-01	   3.6406737e+00	   1.1350459e+02	   5.0249644e-02	   1.2603699e-12	
   1.3000000e-01	   4.4287019e+00	   1.1480667e+02	   4.7704363e-02	   1.5111266e-12	
   1.4000000e-01	   5.4887857e+00	   1.1636172e+02	   4.5433671e-02	   1.9288978e-12	
   1.5000000e-01	   6.7778373e+00	   1.1806274e+02	   4.3389443e-02	   2.5954603e-12	
   1.6000000e-01	   8.1995080e+00	   1.1978944e+02	   4.1535271e-02	   3.6006545e-12	
   1.7000000e-01	   9.7369059e+00	   1.2154656e+02	   3.9843241e-02	   5.1300458e-12	
   1.8000000e-01	   1.1397813e+01	   1.2336356e+02	   3.8291501e-02	   7.5198981e-12	
   1.9000000e-01	   1.3143734e+01	   1.2521592e+02	   3.6862520e-02	   1.1240978e-11	
   2.0000000e-01	   1.4927660e+01	   1.2706987e+02	   3.5541803e-02	   1.6951053e-11	
   2.1000000e-01	   1.6711735e+01	   1.2889900e+02	   3.4316980e-02	   2.5562549e-11	
   2.2000000e-01	   1.8460623e+01	   1.3067649e+02	   3.3177218e-02	   3.8237804e-11	
   2.3000000e-01	   2.0144713e+01	   1.3237869e+02	   3.2112867e-02	   5.6351045e-11	
   2.4000000e-01	   2.1723337e+01	   1.3396875e+02	   3.1115282e-02	   8.1052112e-11	
   2.5000000e-01	   2.3133967e+01	   1.3538652e+02	   3.0176779e-02	   1.1215725e-10	
   2.6000000e-01	   2.4311834e+01	   1.3656872e+02	   2.9290701e-02	   1.4710046e-10	
   2.7000000e-01	   2.5211622e+01	   1.3747101e+02	   2.8451524e-02	   1.8096427e-10	
   2.8000000e-01	   2.5817381e+01	   1.3807802e+02	   2.7654936e-02	   2.0805051e-10	
   2.9000000e-01	   2.6151018e+01	   1.3841203e+02	   2.6897831e-02	   2.2466347e-10	
   3.0000000e-01	   2.6275134e+01	   1.3853589e+02	   2.6178154e-02	   2.3117669e-10	
   3.1000000e-01	   2.6273907e+01	   1.3853395e+02	   2.5494618e-02	   2.3111142e-10	
   3.2000000e-01	   2.6217391e+01	   1.3847639e+02	   2.4846324e-02	   2.2812337e-10	
   3.3000000e-01	   2.6140545e+01	   1.3839818e+02	   2.4232389e-02	   2.2412235e-10	
   3.4000000e-01	   2.6053986e+01	   1.3830994e+02	   2.3651672e-02	   2.1969961e-10	
   3.5000000e-01	   2.5970938e+01	   1.3822499e+02	   2.3102643e-02	   2.1553830e-10	
   3.6000000e-01	   2.5918453e+01	   1.3817061e+02	   2.2583396e-02	   2.1294917e-10	
   3.7000000e-01	   2.5911976e+01	   1.3816248e+02	   2.2091750e-02	   2.1263180e-10	
   3.8000000e-01	   2.5930777e+01	   1.3817989e+02	   2.1625393e-02	   2.1355430e-10	
   3.9000000e-01	   2.5943727e+01	   1.3819165e+02	   2.1182010e-02	   2.1419205e-10	
   4.0000000e-01	   2.5944394e+01	   1.3819132e+02	   2.0759384e-02	   2.1422496e-10	
   4.1000000e-01	   2.5941467e+01	   1.3818764e+02	   2.0355454e-02	   2.1408061e-10	
   4.2000000e-01	   2.5937045e+01	   1.3818272e+02	   1.9968358e-02	   2.1386277e-10	
   4.3000000e-01	   2.5929805e+01	   1.3817515e+02	   1.9596434e-02	   2.1350654e-10	
   4.4000000e-01	   2.5920872e+01	   1.3816601e+02	   1.9238223e-02	   2.1306781e-10	
   4.5000000e-01	   2.5909790e+01	   1.3815476e+02	   1.8892461e-02	   2.1252481e-10	
   4.6000000e-01	   2.5895927e+01	   1.3814073e+02	   1.8558068e-02	   2.1184752e-10	
   4.7000000e-01	   2.5881790e+01	   1.3812643e+02	   1.8234138e-02	   2.1115904e-10	
   4.8000000e-01	   2.5869959e+01	   1.3811446e+02	   1.7919934e-02	   2.1058457e-10	
   4.9000000e-01	   2.5860863e+01	   1.3810525e+02	   1.7614872e-02	   2.1014398e-10	
   5.0000000e-01	   2.5853369e+01	   1.3809768e+02	   1.7318515e-02	   2.0978167e-10	
   5.1000000e-01	   2.5845354e+01	   1.3808961e+02	   1.7030554e-02	   2.0939489e-10	
   5.2000000e-01	   2.5835775e+01	   1.3807999e+02	   1.6750791e-02	   2.0893352e-10	
   5.3000000e-01	   2.5825665e+01	   1.3806985e+02	   1.6479107e-02	   2.0844772e-10	
   5.4000000e-01	   2.5816153e+01	   1.3806032e+02	   1.6215440e-02	   2.0799167e-10	
   5.5000000e-01	   2.5807340e+01	   1.3805150e+02	   1.5959747e-02	   2.0757005e-10	
   5.6000000e-01	   2.5798723e+01	   1.3804287e+02	   1.5711982e-02	   2.0715860e-10	
   5.7000000e-01	   2.5789529e+01	   1.3803366e+02	   1.5472068e-02	   2.0672053e-10	
   5.8000000e-01	   2.5779400e+01	   1.3802350e+02	   1.5239884e-02	   2.0623894e-10	
   5.9000000e-01	   2.5768771e+01	   1.3801283e+02	   1.5015254e-02	   2.0573480e-10	
   6.0000000e-01	   2.5758301e+01	   1.3800232e+02	   1.4797950e-02	   2.0523940e-10	
   6.1000000e-01	   2.5748324e+01	   1.3799231e+02	   1.4587695e-02	   2.0476847e-10	
   6.2000000e-01	   2.5738826e+01	   1.3798280e+02	   1.4384177e-02	   2.0432112e-10	
   6.3000000e-01	   2.5729704e+01	   1.3797366e+02	   1.4187056e-02	   2.0389241e-10	
   6.4000000e-01	   2.5720875e+01	   1.3796483e+02	   1.3995981e-02	   2.0347833e-10	
   6.5000000e-01	   2.5712203e+01	   1.3795615e+02	   1.3810595e-02	   2.0307244e-10	
   6.6000000e-01	   2.5703776e+01	   1.3794772e+02	   1.3630551e-02	   2.0267876e-10	
   6.7000000e-01	   2.5695911e+01	   1.3793986e+02	   1.3455511e-02	   2.0231206e-10	
   6.8000000e-01	   2.5688537e+01	   1.3793249e+02	   1.3285157e-02	   2.0196884e-10	
   6.9000000e-01	   2.5681196e+01	   1.3792514e+02	   1.3119192e-02	   2.0162772e-10	
   7.0000000e-01	   2.5673566e+01	   1.3791751e+02	   1.2957339e-02	   2.0127381e-10	
   7.1000000e-01	   2.5665394e+01	   1.3790934e+02	   1.2799345e-02	   2.0089542e-10	
   7.2000000e-01	   2.5656514e+01	   1.3790045e+02	   1.2644979e-02	   2.0048506e-10	
   7.3000000e-01	   2.5647232e+01	   1.3789116e+02	   1.2494032e-02	   2.0005705e-10	
   7.4000000e-01	   2.5638019e+01	   1.3788194e+02	   1.2346317e-02	   1.9963310e-10	
   7.5000000e-01	   2.5628964e+01	   1.3787289e+02	   1.2201666e-02	   1.9921731e-10	
   7.6000000e-01	   2.5619934e+01	   1.3786385e+02	   1.2059931e-02	   1.9880352e-10	
   7.7000000e-01	   2.5610863e+01	   1.3785477e+02	   1.1920983e-02	   1.9838870e-10	
   7.8000000e-01	   2.5601763e+01	   1.3784567e+02	   1.1784711e-02	   1.9797344e-10	
   7.9000000e-01	   2.5592741e+01	   1.3783664e+02	   1.1651019e-02	   1.9756260e-10	
   8.0000000e-01	   2.5583962e+01	   1.3782785e+02	   1.1519829e-02	   1.9716364e-10	
   8.1000000e-01	   2.5575474e+01	   1.3781936e+02	   1.1391073e-02	   1.9677867e-10	
   8.2000000e-01	   2.5567134e+01	   1.3781102e+02	   1.1264698e-02	   1.9640116e-10	
   8.3000000e-01	   2.5558760e+01	   1.3780265e+02	   1.1140662e-02	   1.9602282e-10	
   8.4000000e-01	   2.5550294e+01	   1.3779418e+02	   1.1018928e-02	   1.9564107e-10	
   8.5000000e-01	   2.5541781e+01	   1.3778567e+02	   1.0899468e-02	   1.9525798e-10	
   8.6000000e-01	   2.5533263e+01	   1.3777715e+02	   1.0782258e-02	   1.9487536e-10	
   8.7000000e-01	   2.5524690e+01	   1.3776858e+02	   1.0667275e-02	   1.9449108e-10	
   8.8000000e-01	   2.5515917e+01	   1.3775980e+02	   1.0554498e-02	   1.9409859e-10	
   8.9000000e-01	   2.5506906e+01	   1.3775078e+02	   1.0443906e-02	   1.9369625e-10	
   9.0000000e-01	   2.5497863e+01	   1.3774174e+02	   1.0335475e-02	   1.9329339e-10	
   9.1000000e-01	   2.5488992e+01	   1.3773286e+02	   1.0229178e-02	   1.9289896e-10	
   9.2000000e-01	   2.5480298e+01	   1.3772417e+02	   1.0124987e-02	   1.9251320e-10	
   9.3000000e-01	   2.5471709e+01	   1.3771558e+02	   1.0022869e-02	   1.9213281e-10	
   9.4000000e-01	   2.5463141e+01	   1.3770701e+02	   9.9227899e-03	   1.9175416e-10	
   9.5000000e-01	   2.5454552e+01	   1.3769842e+02	   9.8247121e-03	   1.9137528e-10	
   9.6000000e-01	   2.5445989e+01	   1.3768986e+02	   9.7285961e-03	   1.9099833e-10	
   9.7000000e-01	   2.5437466e+01	   1.3768134e+02	   9.6344013e-03	   1.9062385e-10	
   9.8000000e-01	   2.5428890e+01	   1.3767276e+02	   9.5420859e-03	   1.9024781e-10	
   9.9000000e-01	   2.5420199e+01	   1.3766407e+02	   9.4516079e-03	   1.8986747e-10	
   1.0000000e+00	   2.5411398e+01	   1.3765526e+02	   9.3629254e-03	   1.8948311e-10	
