   0.0000000e+00	   0.0000000e+00	   0.0000000e+00	   1.0494312e-01	   5.4504287e-13	
   1.0000000e-02	   1.8200312e-03	   8.3473461e+01	   8.8456638e-02	   5.4527133e-13	
   2.0000000e-02	  -7.5472752e-03	   7.7321353e+01	   7.7158877e-02	   5.4409650e-13	
   3.0000000e-02	  -1.2434854e-02	   7.9567699e+01	   6.8859543e-02	   5.4348451e-13	
   4.0000000e-02	  -2.0574327e-02	   7.3593716e+01	   6.2395277e-02	   5.4246688e-13	
   5.0000000e-02	  -2.5570823e-02	   7.9773762e+01	   5.7263884e-02	   5.4184314e-13	
   6.0000000e-02	  -3.2978280e-02	   7.9432385e+01	   5.3080001e-02	   5.4091974e-13	
   7.0000000e-02	  -3.9667075e-02	   8.0735700e+01	   4.9544675e-02	   5.4008728e-13	
   8.0000000e-02	  -4.6746008e-02	   8.1520297e+01	   4.6493515e-02	   5.3920767e-13	
   9.0000000e-02	  -5.6832003e-02	   7.7500748e+01	   4.3844159e-02	   5.3795687e-13	
   1.0000000e-01	  -6.2871658e-02	   8.1171932e+01	   4.1536390e-02	   5.3720926e-13	
   1.1000000e-01	  -7.2458232e-02	   7.8663519e+01	   3.9510630e-02	   5.3602474e-13	
   1.2000000e-01	  -7.9838527e-02	   8.0136552e+01	   3.7711413e-02	   5.3511461e-13	
   1.3000000e-01	  -8.8299054e-02	   7.9711966e+01	   3.6092767e-02	   5.3407316e-13	
   1.4000000e-01	  -9.6725439e-02	   7.9384592e+01	   3.4619080e-02	   5.3303793e-13	
   1.5000000e-01	  -1.0469662e-01	   7.9933937e+01	   3.3263979e-02	   5.3206047e-13	
   1.6000000e-01	  -1.1340924e-01	   7.9194538e+01	   3.2009091e-02	   5.3099415e-13	
   1.7000000e-01	  -1.2154585e-01	   7.9562731e+01	   3.0842765e-02	   5.3000025e-13	
   1.8000000e-01	  -1.2992606e-01	   7.9514642e+01	   2.9758264e-02	   5.2897854e-13	
   1.9000000e-01	  -1.3851395e-01	   7.9110319e+01	   2.8751426e-02	   5.2793355e-13	
   2.0000000e-01	  -1.4686430e-01	   7.9208241e+01	   2.7818429e-02	   5.2691945e-13	
   2.1000000e-01	  -1.5540478e-01	   7.8969402e+01	   2.6954462e-02	   5.2588427e-13	
   2.2000000e-01	  -1.6353074e-01	   7.9577650e+01	   2.6153508e-02	   5.2490122e-13	
   2.3000000e-01	  -1.7234961e-01	   7.8885186e+01	   2.5408888e-02	   5.2383643e-13	
   2.4000000e-01	  -1.8081964e-01	   7.8903371e+01	   2.4713961e-02	   5.2281579e-13	
   2.5000000e-01	  -1.8912784e-01	   7.9272789e+01	   2.4062645e-02	   5.2181658e-13	
   2.6000000e-01	  -1.9789737e-01	   7.8738425e+01	   2.3449657e-02	   5.2076396e-13	
   2.7000000e-01	  -2.0634342e-01	   7.8889578e+01	   2.2870540e-02	   5.1975218e-13	
   2.8000000e-01	  -2.1477723e-01	   7.9078554e+01	   2.2321589e-02	   5.1874382e-13	
   2.9000000e-01	  -2.2349625e-01	   7.8697455e+01	   2.1799731e-02	   5.1770342e-13	
   3.0000000e-01	  -2.3200494e-01	   7.8770339e+01	   2.1302421e-02	   5.1669013e-13	
   3.1000000e-01	  -2.4052295e-01	   7.8835852e+01	   2.0827541e-02	   5.1567772e-13	
   3.2000000e-01	  -2.4911653e-01	   7.8754604e+01	   2.0373327e-02	   5.1465833e-13	
   3.3000000e-01	  -2.5772525e-01	   7.8651144e+01	   1.9938304e-02	   5.1363917e-13	
   3.4000000e-01	  -2.6627961e-01	   7.8675653e+01	   1.9521219e-02	   5.1262844e-13	
   3.5000000e-01	  -2.7482406e-01	   7.8731478e+01	   1.9120992e-02	   5.1162087e-13	
   3.6000000e-01	  -2.8347878e-01	   7.8559815e+01	   1.8736662e-02	   5.1060232e-13	
   3.7000000e-01	  -2.9205683e-01	   7.8564167e+01	   1.8367356e-02	   5.0959479e-13	
   3.8000000e-01	  -3.0058363e-01	   7.8688823e+01	   1.8012250e-02	   5.0859525e-13	
   3.9000000e-01	  -3.0922631e-01	   7.8572159e+01	   1.7670562e-02	   5.0758412e-13	
   4.0000000e-01	  -3.1789789e-01	   7.8396517e+01	   1.7341533e-02	   5.0657164e-13	
   4.1000000e-01	  -3.2642635e-01	   7.8547840e+01	   1.7024431e-02	   5.0557783e-13	
   4.2000000e-01	  -3.3497788e-01	   7.8651536e+01	   1.6718545e-02	   5.0458330e-13	
   4.3000000e-01	  -3.4372377e-01	   7.8335066e+01	   1.6423195e-02	   5.0356818e-13	
   4.4000000e-01	  -3.5230416e-01	   7.8391968e+01	   1.6137728e-02	   5.0257426e-13	
   4.5000000e-01	  -3.6084592e-01	   7.8538238e+01	   1.5861526e-02	   5.0158676e-13	
   4.6000000e-01	  -3.6952766e-01	   7.8379677e+01	   1.5594004e-02	   5.0058507e-13	
   4.7000000e-01	  -3.7818206e-01	   7.8284214e+01	   1.5334620e-02	   4.9958852e-13	
   4.8000000e-01	  -3.8673962e-01	   7.8413113e+01	   1.5082878e-02	   4.9860508e-13	
   4.9000000e-01	  -3.9535510e-01	   7.8415634e+01	   1.4838326e-02	   4.9761693e-13	
   5.0000000e-01	  -4.0406847e-01	   7.8200664e+01	   1.4600571e-02	   4.9661955e-13	
   5.1000000e-01	  -4.1265488e-01	   7.8280250e+01	   1.4369271e-02	   4.9563866e-13	
   5.2000000e-01	  -4.2124378e-01	   7.8356999e+01	   1.4144143e-02	   4.9465942e-13	
   5.3000000e-01	  -4.2991740e-01	   7.8246520e+01	   1.3924960e-02	   4.9367248e-13	
   5.4000000e-01	  -4.3857147e-01	   7.8183458e+01	   1.3711544e-02	   4.9268973e-13	
   5.5000000e-01	  -4.4719732e-01	   7.8189424e+01	   1.3503763e-02	   4.9171214e-13	
   5.6000000e-01	  -4.5581882e-01	   7.8209015e+01	   1.3301517e-02	   4.9073697e-13	
   5.7000000e-01	  -4.6444733e-01	   7.8215851e+01	   1.3104732e-02	   4.8976295e-13	
   5.8000000e-01	  -4.7310773e-01	   7.8152596e+01	   1.2913345e-02	   4.8878727e-13	
   5.9000000e-01	  -4.8177191e-01	   7.8082994e+01	   1.2727299e-02	   4.8781311e-13	
   6.0000000e-01	  -4.9038236e-01	   7.8141884e+01	   1.2546528e-02	   4.8684692e-13	
   6.1000000e-01	  -4.9900467e-01	   7.8175715e+01	   1.2370958e-02	   4.8588131e-13	
   6.2000000e-01	  -5.0767354e-01	   7.8105391e+01	   1.2200496e-02	   4.8491242e-13	
   6.3000000e-01	  -5.1635041e-01	   7.8018517e+01	   1.2035038e-02	   4.8394457e-13	
   6.4000000e-01	  -5.2496741e-01	   7.8075406e+01	   1.1874460e-02	   4.8298531e-13	
   6.5000000e-01	  -5.3358803e-01	   7.8126148e+01	   1.1718627e-02	   4.8202755e-13	
   6.6000000e-01	  -5.4228768e-01	   7.7996259e+01	   1.1567394e-02	   4.8106293e-13	
   6.7000000e-01	  -5.5094430e-01	   7.7969480e+01	   1.1420608e-02	   4.8010500e-13	
   6.8000000e-01	  -5.5955842e-01	   7.8045729e+01	   1.1278108e-02	   4.7915367e-13	
   6.9000000e-01	  -5.6821470e-01	   7.8025766e+01	   1.1139732e-02	   4.7819958e-13	
   7.0000000e-01	  -5.7690356e-01	   7.7931501e+01	   1.1005318e-02	   4.7724381e-13	
   7.1000000e-01	  -5.8556615e-01	   7.7901343e+01	   1.0874701e-02	   4.7629283e-13	
   7.2000000e-01	  -5.9417285e-01	   7.8005620e+01	   1.0747716e-02	   4.7534987e-13	
   7.3000000e-01	  -6.0283416e-01	   7.7983111e+01	   1.0624201e-02	   4.7440280e-13	
   7.4000000e-01	  -6.1154453e-01	   7.7845887e+01	   1.0503993e-02	   4.7345227e-13	
   7.5000000e-01	  -6.2018903e-01	   7.7867087e+01	   1.0386933e-02	   4.7251082e-13	
   7.6000000e-01	  -6.2881313e-01	   7.7937948e+01	   1.0272862e-02	   4.7157345e-13	
   7.7000000e-01	  -6.3747603e-01	   7.7918574e+01	   1.0161623e-02	   4.7063374e-13	
   7.8000000e-01	  -6.4617165e-01	   7.7822926e+01	   1.0053063e-02	   4.6969236e-13	
   7.9000000e-01	  -6.5484354e-01	   7.7784950e+01	   9.9470309e-03	   4.6875542e-13	
   8.0000000e-01	  -6.6346381e-01	   7.7872357e+01	   9.8433805e-03	   4.6782592e-13	
   8.1000000e-01	  -6.7212629e-01	   7.7860523e+01	   9.7419688e-03	   4.6689372e-13	
   8.2000000e-01	  -6.8082803e-01	   7.7756367e+01	   9.6426574e-03	   4.6595916e-13	
   8.3000000e-01	  -6.8948990e-01	   7.7749287e+01	   9.5453131e-03	   4.6503075e-13	
   8.4000000e-01	  -6.9813360e-01	   7.7787506e+01	   9.4498079e-03	   4.6410612e-13	
   8.5000000e-01	  -7.0679527e-01	   7.7783937e+01	   9.3560199e-03	   4.6318142e-13	
   8.6000000e-01	  -7.1548324e-01	   7.7718484e+01	   9.2638332e-03	   4.6225576e-13	
   8.7000000e-01	  -7.2415806e-01	   7.7685686e+01	   9.1731388e-03	   4.6133335e-13	
   8.8000000e-01	  -7.3279862e-01	   7.7736883e+01	   9.0838349e-03	   4.6041641e-13	
   8.9000000e-01	  -7.4146610e-01	   7.7723891e+01	   8.9958270e-03	   4.5949845e-13	
   9.0000000e-01	  -7.5015498e-01	   7.7659765e+01	   8.9090293e-03	   4.5858005e-13	
   9.1000000e-01	  -7.5881915e-01	   7.7656004e+01	   8.8233645e-03	   4.5766610e-13	
   9.2000000e-01	  -7.6747045e-01	   7.7683759e+01	   8.7387645e-03	   4.5675532e-13	
   9.3000000e-01	  -7.7613248e-01	   7.7685762e+01	   8.6551714e-03	   4.5584523e-13	
   9.4000000e-01	  -7.8481879e-01	   7.7629209e+01	   8.5725374e-03	   4.5493440e-13	
   9.5000000e-01	  -7.9349243e-01	   7.7603361e+01	   8.4908258e-03	   4.5402672e-13	
   9.6000000e-01	  -8.0213517e-01	   7.7652733e+01	   8.4100107e-03	   4.5312408e-13	
   9.7000000e-01	  -8.1080067e-01	   7.7647054e+01	   8.3300777e-03	   4.5222086e-13	
   9.8000000e-01	  -8.1948682e-01	   7.7591729e+01	   8.2510231e-03	   4.5131730e-13	
   9.9000000e-01	  -8.2815765e-01	   7.7573878e+01	   8.1728541e-03	   4.5041713e-13	
   1.0000000e+00	  -8.3681459e-01	   7.7590434e+01	   8.0955877e-03	   4.4952019e-13	
