   0.0000000e+00	   0.0000000e+00	   0.0000000e+00	   1.0494312e-01	   5.4504287e-13	
   1.0000000e-02	   1.7321745e-03	   8.3428677e+01	   8.8456638e-02	   5.4526030e-13	
   2.0000000e-02	  -7.7007873e-03	   7.6883052e+01	   7.7158877e-02	   5.4407727e-13	
   3.0000000e-02	  -1.2526163e-02	   7.9450386e+01	   6.8859543e-02	   5.4347309e-13	
   4.0000000e-02	  -2.0699806e-02	   7.2804257e+01	   6.2395277e-02	   5.4245121e-13	
   5.0000000e-02	  -2.5590720e-02	   7.9806247e+01	   5.7263884e-02	   5.4184065e-13	
   6.0000000e-02	  -3.3429011e-02	   7.8565923e+01	   5.3080001e-02	   5.4086360e-13	
   7.0000000e-02	  -3.9634891e-02	   8.0846150e+01	   4.9544675e-02	   5.4009129e-13	
   8.0000000e-02	  -4.7042056e-02	   8.1221074e+01	   4.6493515e-02	   5.3917091e-13	
   9.0000000e-02	  -5.6615006e-02	   7.8217655e+01	   4.3844159e-02	   5.3798375e-13	
   1.0000000e-01	  -6.3007169e-02	   8.1065822e+01	   4.1536390e-02	   5.3719250e-13	
   1.1000000e-01	  -7.2769403e-02	   7.8023368e+01	   3.9510630e-02	   5.3598634e-13	
   1.2000000e-01	  -7.9603381e-02	   8.0576229e+01	   3.7711413e-02	   5.3514358e-13	
   1.3000000e-01	  -8.8608228e-02	   7.9227915e+01	   3.6092767e-02	   5.3403514e-13	
   1.4000000e-01	  -9.6688957e-02	   7.9547590e+01	   3.4619080e-02	   5.3304241e-13	
   1.5000000e-01	  -1.0485380e-01	   7.9753060e+01	   3.3263979e-02	   5.3204122e-13	
   1.6000000e-01	  -1.1348007e-01	   7.9153748e+01	   3.2009091e-02	   5.3098549e-13	
   1.7000000e-01	  -1.2154236e-01	   7.9661621e+01	   3.0842765e-02	   5.3000068e-13	
   1.8000000e-01	  -1.3010010e-01	   7.9283508e+01	   2.9758264e-02	   5.2895734e-13	
   1.9000000e-01	  -1.3855887e-01	   7.9123278e+01	   2.8751426e-02	   5.2792809e-13	
   2.0000000e-01	  -1.4700482e-01	   7.9030672e+01	   2.7818429e-02	   5.2690240e-13	
   2.1000000e-01	  -1.5535914e-01	   7.9167472e+01	   2.6954462e-02	   5.2588980e-13	
   2.2000000e-01	  -1.6368382e-01	   7.9395176e+01	   2.6153508e-02	   5.2488272e-13	
   2.3000000e-01	  -1.7249108e-01	   7.8694588e+01	   2.5408888e-02	   5.2381937e-13	
   2.4000000e-01	  -1.8078953e-01	   7.9074495e+01	   2.4713961e-02	   5.2281941e-13	
   2.5000000e-01	  -1.8926173e-01	   7.9117314e+01	   2.4062645e-02	   5.2180049e-13	
   2.6000000e-01	  -1.9801721e-01	   7.8592579e+01	   2.3449657e-02	   5.2074959e-13	
   2.7000000e-01	  -2.0632045e-01	   7.9047440e+01	   2.2870540e-02	   5.1975493e-13	
   2.8000000e-01	  -2.1493524e-01	   7.8867273e+01	   2.2321589e-02	   5.1872495e-13	
   2.9000000e-01	  -2.2358085e-01	   7.8630680e+01	   2.1799731e-02	   5.1769334e-13	
   3.0000000e-01	  -2.3204196e-01	   7.8807168e+01	   2.1302421e-02	   5.1668573e-13	
   3.1000000e-01	  -2.4060858e-01	   7.8770348e+01	   2.0827541e-02	   5.1566755e-13	
   3.2000000e-01	  -2.4921928e-01	   7.8650785e+01	   2.0373327e-02	   5.1464615e-13	
   3.3000000e-01	  -2.5779985e-01	   7.8607285e+01	   1.9938304e-02	   5.1363035e-13	
   3.4000000e-01	  -2.6633034e-01	   7.8684311e+01	   1.9521219e-02	   5.1262245e-13	
   3.5000000e-01	  -2.7493378e-01	   7.8613230e+01	   1.9120992e-02	   5.1160795e-13	
   3.6000000e-01	  -2.8356572e-01	   7.8488180e+01	   1.8736662e-02	   5.1059210e-13	
   3.7000000e-01	  -2.9208770e-01	   7.8617022e+01	   1.8367356e-02	   5.0959116e-13	
   3.8000000e-01	  -3.0068458e-01	   7.8590152e+01	   1.8012250e-02	   5.0858342e-13	
   3.9000000e-01	  -3.0935530e-01	   7.8407513e+01	   1.7670562e-02	   5.0756905e-13	
   4.0000000e-01	  -3.1793840e-01	   7.8429792e+01	   1.7341533e-02	   5.0656691e-13	
   4.1000000e-01	  -3.2644452e-01	   7.8629138e+01	   1.7024431e-02	   5.0557572e-13	
   4.2000000e-01	  -3.3514829e-01	   7.8399134e+01	   1.6718545e-02	   5.0456350e-13	
   4.3000000e-01	  -3.4380443e-01	   7.8276684e+01	   1.6423195e-02	   5.0355883e-13	
   4.4000000e-01	  -3.5230750e-01	   7.8508620e+01	   1.6137728e-02	   5.0257388e-13	
   4.5000000e-01	  -3.6096510e-01	   7.8397824e+01	   1.5861526e-02	   5.0157300e-13	
   4.6000000e-01	  -3.6963996e-01	   7.8249919e+01	   1.5594004e-02	   5.0057213e-13	
   4.7000000e-01	  -3.7821449e-01	   7.8337523e+01	   1.5334620e-02	   4.9958479e-13	
   4.8000000e-01	  -3.8679888e-01	   7.8405842e+01	   1.5082878e-02	   4.9859828e-13	
   4.9000000e-01	  -3.9550724e-01	   7.8196288e+01	   1.4838326e-02	   4.9759950e-13	
   5.0000000e-01	  -4.0411827e-01	   7.8215012e+01	   1.4600571e-02	   4.9661386e-13	
   5.1000000e-01	  -4.1268272e-01	   7.8344761e+01	   1.4369271e-02	   4.9563548e-13	
   5.2000000e-01	  -4.2136132e-01	   7.8217711e+01	   1.4144143e-02	   4.9464603e-13	
   5.3000000e-01	  -4.3001919e-01	   7.8141018e+01	   1.3924960e-02	   4.9366091e-13	
   5.4000000e-01	  -4.3863428e-01	   7.8168642e+01	   1.3711544e-02	   4.9268261e-13	
   5.5000000e-01	  -4.4725361e-01	   7.8190028e+01	   1.3503763e-02	   4.9170576e-13	
   5.6000000e-01	  -4.5589412e-01	   7.8165835e+01	   1.3301517e-02	   4.9072846e-13	
   5.7000000e-01	  -4.6455107e-01	   7.8106504e+01	   1.3104732e-02	   4.8975125e-13	
   5.8000000e-01	  -4.7320430e-01	   7.8058785e+01	   1.2913345e-02	   4.8877640e-13	
   5.9000000e-01	  -4.8181424e-01	   7.8116510e+01	   1.2727299e-02	   4.8780836e-13	
   6.0000000e-01	  -4.9044217e-01	   7.8134702e+01	   1.2546528e-02	   4.8684021e-13	
   6.1000000e-01	  -4.9911384e-01	   7.8053659e+01	   1.2370958e-02	   4.8586910e-13	
   6.2000000e-01	  -5.0777841e-01	   7.7991699e+01	   1.2200496e-02	   4.8490071e-13	
   6.3000000e-01	  -5.1639157e-01	   7.8055197e+01	   1.2035038e-02	   4.8393998e-13	
   6.4000000e-01	  -5.2501910e-01	   7.8087348e+01	   1.1874460e-02	   4.8297956e-13	
   6.5000000e-01	  -5.3371932e-01	   7.7951148e+01	   1.1718627e-02	   4.8201297e-13	
   6.6000000e-01	  -5.4236455e-01	   7.7948387e+01	   1.1567394e-02	   4.8105441e-13	
   6.7000000e-01	  -5.5097790e-01	   7.8024433e+01	   1.1420608e-02	   4.8010129e-13	
   6.8000000e-01	  -5.5964767e-01	   7.7969643e+01	   1.1278108e-02	   4.7914382e-13	
   6.9000000e-01	  -5.6833063e-01	   7.7885434e+01	   1.1139732e-02	   4.7818681e-13	
   7.0000000e-01	  -5.7697398e-01	   7.7899008e+01	   1.1005318e-02	   4.7723607e-13	
   7.1000000e-01	  -5.8558824e-01	   7.7983987e+01	   1.0874701e-02	   4.7629041e-13	
   7.2000000e-01	  -5.9427246e-01	   7.7904789e+01	   1.0747716e-02	   4.7533896e-13	
   7.3000000e-01	  -6.0296853e-01	   7.7797609e+01	   1.0624201e-02	   4.7438812e-13	
   7.4000000e-01	  -6.1158765e-01	   7.7878767e+01	   1.0503993e-02	   4.7344757e-13	
   7.5000000e-01	  -6.2022464e-01	   7.7917698e+01	   1.0386933e-02	   4.7250694e-13	
   7.6000000e-01	  -6.2891013e-01	   7.7842457e+01	   1.0272862e-02	   4.7156292e-13	
   7.7000000e-01	  -6.3759712e-01	   7.7764285e+01	   1.0161623e-02	   4.7062062e-13	
   7.8000000e-01	  -6.4623943e-01	   7.7796482e+01	   1.0053063e-02	   4.6968503e-13	
   7.9000000e-01	  -6.5486641e-01	   7.7866673e+01	   9.9470309e-03	   4.6875296e-13	
   8.0000000e-01	  -6.6355943e-01	   7.7779864e+01	   9.8433805e-03	   4.6781562e-13	
   8.1000000e-01	  -6.7224865e-01	   7.7702765e+01	   9.7419688e-03	   4.6688056e-13	
   8.2000000e-01	  -6.8088599e-01	   7.7754266e+01	   9.6426574e-03	   4.6595294e-13	
   8.3000000e-01	  -6.8953763e-01	   7.7772192e+01	   9.5453131e-03	   4.6502564e-13	
   8.4000000e-01	  -6.9821824e-01	   7.7721474e+01	   9.4498079e-03	   4.6409708e-13	
   8.5000000e-01	  -7.0690271e-01	   7.7662352e+01	   9.3560199e-03	   4.6316996e-13	
   8.6000000e-01	  -7.1555443e-01	   7.7684956e+01	   9.2638332e-03	   4.6224819e-13	
   8.7000000e-01	  -7.2420244e-01	   7.7717522e+01	   9.1731388e-03	   4.6132864e-13	
   8.8000000e-01	  -7.3289134e-01	   7.7651321e+01	   9.0838349e-03	   4.6040658e-13	
   8.9000000e-01	  -7.4156696e-01	   7.7618166e+01	   8.9958270e-03	   4.5948778e-13	
   9.0000000e-01	  -7.5021578e-01	   7.7651656e+01	   8.9090293e-03	   4.5857363e-13	
   9.1000000e-01	  -7.5887654e-01	   7.7656159e+01	   8.8233645e-03	   4.5766005e-13	
   9.2000000e-01	  -7.6755617e-01	   7.7614812e+01	   8.7387645e-03	   4.5674630e-13	
   9.3000000e-01	  -7.7623536e-01	   7.7574576e+01	   8.6551714e-03	   4.5583443e-13	
   9.4000000e-01	  -7.8488359e-01	   7.7610854e+01	   8.5725374e-03	   4.5492762e-13	
   9.5000000e-01	  -7.9353885e-01	   7.7629730e+01	   8.4908258e-03	   4.5402187e-13	
   9.6000000e-01	  -8.0222763e-01	   7.7566729e+01	   8.4100107e-03	   4.5311443e-13	
   9.7000000e-01	  -8.1090012e-01	   7.7543818e+01	   8.3300777e-03	   4.5221051e-13	
   9.8000000e-01	  -8.1955318e-01	   7.7569206e+01	   8.2510231e-03	   4.5131040e-13	
   9.9000000e-01	  -8.2821410e-01	   7.7575672e+01	   8.1728541e-03	   4.5041127e-13	
   1.0000000e+00	  -8.3689309e-01	   7.7538442e+01	   8.0955877e-03	   4.4951206e-13	
