   0.0000000e+00	   0.0000000e+00	   0.0000000e+00	   2.0988624e-01	   5.4504287e-13	
   1.0000000e-02	   3.1756523e-02	   8.9957677e+01	   1.5225138e-01	   5.4904294e-13	
   2.0000000e-02	   6.5436917e-02	   9.3427741e+01	   1.2388884e-01	   5.5331743e-13	
   3.0000000e-02	   1.1546680e-01	   9.6240098e+01	   1.0582039e-01	   5.5972839e-13	
   4.0000000e-02	   1.7974734e-01	   9.8396423e+01	   9.3045931e-02	   5.6807463e-13	
   5.0000000e-02	   2.8331146e-01	   1.0055317e+02	   8.3368793e-02	   5.8178404e-13	
   6.0000000e-02	   4.5749410e-01	   1.0278923e+02	   7.5802509e-02	   6.0559192e-13	
   7.0000000e-02	   7.5605013e-01	   1.0514488e+02	   6.9689174e-02	   6.4868771e-13	
   8.0000000e-02	   1.1432190e+00	   1.0714690e+02	   6.4582315e-02	   7.0917360e-13	
   9.0000000e-02	   1.8270192e+00	   1.0953379e+02	   6.0211041e-02	   8.3010414e-13	
   1.0000000e-01	   2.6768529e+00	   1.1164390e+02	   5.6425491e-02	   1.0095224e-12	
   1.1000000e-01	   3.4378637e+00	   1.1315128e+02	   5.3131858e-02	   1.2028654e-12	
   1.2000000e-01	   4.1120322e+00	   1.1431350e+02	   5.0249644e-02	   1.4048627e-12	
   1.3000000e-01	   4.8875013e+00	   1.1551586e+02	   4.7704363e-02	   1.6795030e-12	
   1.4000000e-01	   5.9117049e+00	   1.1695368e+02	   4.5433671e-02	   2.1261855e-12	
   1.5000000e-01	   7.1661621e+00	   1.1856300e+02	   4.3389443e-02	   2.8382253e-12	
   1.6000000e-01	   8.5661377e+00	   1.2023317e+02	   4.1535271e-02	   3.9178196e-12	
   1.7000000e-01	   1.0096110e+01	   1.2196155e+02	   3.9843241e-02	   5.5723917e-12	
   1.8000000e-01	   1.1759794e+01	   1.2376760e+02	   3.8291501e-02	   8.1735378e-12	
   1.9000000e-01	   1.3512991e+01	   1.2561812e+02	   3.6862520e-02	   1.2238543e-11	
   2.0000000e-01	   1.5303952e+01	   1.2747302e+02	   3.5541803e-02	   1.8485273e-11	
   2.1000000e-01	   1.7090431e+01	   1.2930048e+02	   3.4316980e-02	   2.7891621e-11	
   2.2000000e-01	   1.8833976e+01	   1.3106995e+02	   3.3177218e-02	   4.1670458e-11	
   2.3000000e-01	   2.0503233e+01	   1.3275557e+02	   3.2112867e-02	   6.1200361e-11	
   2.4000000e-01	   2.2055384e+01	   1.3431805e+02	   3.1115282e-02	   8.7492138e-11	
   2.5000000e-01	   2.3426222e+01	   1.3569531e+02	   3.0176779e-02	   1.1996452e-10	
   2.6000000e-01	   2.4552090e+01	   1.3682506e+02	   2.9290701e-02	   1.5546752e-10	
   2.7000000e-01	   2.5392371e+01	   1.3766753e+02	   2.8451524e-02	   1.8865477e-10	
   2.8000000e-01	   2.5939069e+01	   1.3821525e+02	   2.7654936e-02	   2.1396245e-10	
   2.9000000e-01	   2.6223618e+01	   1.3849999e+02	   2.6897831e-02	   2.2845070e-10	
   3.0000000e-01	   2.6315410e+01	   1.3859135e+02	   2.6178154e-02	   2.3333057e-10	
   3.1000000e-01	   2.6298206e+01	   1.3857328e+02	   2.5494618e-02	   2.3240810e-10	
   3.2000000e-01	   2.6236196e+01	   1.3851006e+02	   2.4846324e-02	   2.2911330e-10	
   3.3000000e-01	   2.6161022e+01	   1.3843336e+02	   2.4232389e-02	   2.2518159e-10	
   3.4000000e-01	   2.6087406e+01	   1.3835798e+02	   2.3651672e-02	   2.2139675e-10	
   3.5000000e-01	   2.6034684e+01	   1.3830338e+02	   2.3102643e-02	   2.1872530e-10	
   3.6000000e-01	   2.6024683e+01	   1.3829165e+02	   2.2583396e-02	   2.1822223e-10	
   3.7000000e-01	   2.6053953e+01	   1.3831944e+02	   2.2091750e-02	   2.1969792e-10	
   3.8000000e-01	   2.6089804e+01	   1.3835402e+02	   2.1625393e-02	   2.2151906e-10	
   3.9000000e-01	   2.6108065e+01	   1.3837114e+02	   2.1182010e-02	   2.2245245e-10	
   4.0000000e-01	   2.6112146e+01	   1.3837427e+02	   2.0759383e-02	   2.2266157e-10	
   4.1000000e-01	   2.6111320e+01	   1.3837275e+02	   2.0355454e-02	   2.2261924e-10	
   4.2000000e-01	   2.6106422e+01	   1.3836737e+02	   1.9968358e-02	   2.2236830e-10	
   4.3000000e-01	   2.6097306e+01	   1.3835792e+02	   1.9596434e-02	   2.2190200e-10	
   4.4000000e-01	   2.6084940e+01	   1.3834532e+02	   1.9238223e-02	   2.2127107e-10	
   4.5000000e-01	   2.6069064e+01	   1.3832923e+02	   1.8892461e-02	   2.2046366e-10	
   4.6000000e-01	   2.6051482e+01	   1.3831145e+02	   1.8558068e-02	   2.1957296e-10	
   4.7000000e-01	   2.6035960e+01	   1.3829573e+02	   1.8234138e-02	   2.1878958e-10	
   4.8000000e-01	   2.6024236e+01	   1.3828386e+02	   1.7919934e-02	   2.1819975e-10	
   4.9000000e-01	   2.6015404e+01	   1.3827491e+02	   1.7614872e-02	   2.1775647e-10	
   5.0000000e-01	   2.6007026e+01	   1.3826644e+02	   1.7318515e-02	   2.1733680e-10	
   5.1000000e-01	   2.5997023e+01	   1.3825636e+02	   1.7030554e-02	   2.1683681e-10	
   5.2000000e-01	   2.5985764e+01	   1.3824505e+02	   1.6750791e-02	   2.1627538e-10	
   5.3000000e-01	   2.5974835e+01	   1.3823408e+02	   1.6479107e-02	   2.1573181e-10	
   5.4000000e-01	   2.5964761e+01	   1.3822399e+02	   1.6215440e-02	   2.1523196e-10	
   5.5000000e-01	   2.5955092e+01	   1.3821430e+02	   1.5959747e-02	   2.1475330e-10	
   5.6000000e-01	   2.5945239e+01	   1.3820443e+02	   1.5711982e-02	   2.1426665e-10	
   5.7000000e-01	   2.5935023e+01	   1.3819418e+02	   1.5472068e-02	   2.1376323e-10	
   5.8000000e-01	   2.5924915e+01	   1.3818404e+02	   1.5239884e-02	   2.1326625e-10	
   5.9000000e-01	   2.5915470e+01	   1.3817456e+02	   1.5015254e-02	   2.1280294e-10	
   6.0000000e-01	   2.5906788e+01	   1.3816586e+02	   1.4797949e-02	   2.1237795e-10	
   6.1000000e-01	   2.5898623e+01	   1.3815768e+02	   1.4587695e-02	   2.1197907e-10	
   6.2000000e-01	   2.5890713e+01	   1.3814976e+02	   1.4384177e-02	   2.1159330e-10	
   6.3000000e-01	   2.5882919e+01	   1.3814196e+02	   1.4187056e-02	   2.1121392e-10	
   6.4000000e-01	   2.5875161e+01	   1.3813421e+02	   1.3995981e-02	   2.1083695e-10	
   6.5000000e-01	   2.5867494e+01	   1.3812654e+02	   1.3810595e-02	   2.1046507e-10	
   6.6000000e-01	   2.5860066e+01	   1.3811912e+02	   1.3630551e-02	   2.1010544e-10	
   6.7000000e-01	   2.5852650e+01	   1.3811171e+02	   1.3455511e-02	   2.0974697e-10	
   6.8000000e-01	   2.5844711e+01	   1.3810376e+02	   1.3285157e-02	   2.0936387e-10	
   6.9000000e-01	   2.5836006e+01	   1.3809505e+02	   1.3119192e-02	   2.0894467e-10	
   7.0000000e-01	   2.5826602e+01	   1.3808563e+02	   1.2957339e-02	   2.0849270e-10	
   7.1000000e-01	   2.5816729e+01	   1.3807574e+02	   1.2799345e-02	   2.0801925e-10	
   7.2000000e-01	   2.5806899e+01	   1.3806590e+02	   1.2644979e-02	   2.0754898e-10	
   7.3000000e-01	   2.5797526e+01	   1.3805652e+02	   1.2494032e-02	   2.0710150e-10	
   7.4000000e-01	   2.5788522e+01	   1.3804751e+02	   1.2346317e-02	   2.0667260e-10	
   7.5000000e-01	   2.5779654e+01	   1.3803864e+02	   1.2201666e-02	   2.0625098e-10	
   7.6000000e-01	   2.5770875e+01	   1.3802986e+02	   1.2059931e-02	   2.0583450e-10	
   7.7000000e-01	   2.5762250e+01	   1.3802123e+02	   1.1920983e-02	   2.0542610e-10	
   7.8000000e-01	   2.5753850e+01	   1.3801283e+02	   1.1784711e-02	   2.0502916e-10	
   7.9000000e-01	   2.5745670e+01	   1.3800465e+02	   1.1651019e-02	   2.0464337e-10	
   8.0000000e-01	   2.5737536e+01	   1.3799651e+02	   1.1519829e-02	   2.0426045e-10	
   8.1000000e-01	   2.5729215e+01	   1.3798819e+02	   1.1391073e-02	   2.0386945e-10	
   8.2000000e-01	   2.5720622e+01	   1.3797959e+02	   1.1264698e-02	   2.0346645e-10	
   8.3000000e-01	   2.5711850e+01	   1.3797082e+02	   1.1140662e-02	   2.0305591e-10	
   8.4000000e-01	   2.5703020e+01	   1.3796199e+02	   1.1018928e-02	   2.0264351e-10	
   8.5000000e-01	   2.5694170e+01	   1.3795313e+02	   1.0899468e-02	   2.0223095e-10	
   8.6000000e-01	   2.5685259e+01	   1.3794422e+02	   1.0782258e-02	   2.0181647e-10	
   8.7000000e-01	   2.5676264e+01	   1.3793522e+02	   1.0667275e-02	   2.0139888e-10	
   8.8000000e-01	   2.5667306e+01	   1.3792626e+02	   1.0554498e-02	   2.0098388e-10	
   8.9000000e-01	   2.5658581e+01	   1.3791753e+02	   1.0443906e-02	   2.0058052e-10	
   9.0000000e-01	   2.5650094e+01	   1.3790904e+02	   1.0335475e-02	   2.0018892e-10	
   9.1000000e-01	   2.5641672e+01	   1.3790062e+02	   1.0229178e-02	   1.9980108e-10	
   9.2000000e-01	   2.5633186e+01	   1.3789213e+02	   1.0124987e-02	   1.9941105e-10	
   9.3000000e-01	   2.5624597e+01	   1.3788355e+02	   1.0022869e-02	   1.9901707e-10	
   9.4000000e-01	   2.5615941e+01	   1.3787489e+02	   9.9227899e-03	   1.9862080e-10	
   9.5000000e-01	   2.5607265e+01	   1.3786621e+02	   9.8247121e-03	   1.9822444e-10	
   9.6000000e-01	   2.5598527e+01	   1.3785747e+02	   9.7285961e-03	   1.9782598e-10	
   9.7000000e-01	   2.5589675e+01	   1.3784862e+02	   9.6344013e-03	   1.9742317e-10	
   9.8000000e-01	   2.5580774e+01	   1.3783972e+02	   9.5420859e-03	   1.9701899e-10	
   9.9000000e-01	   2.5571923e+01	   1.3783086e+02	   9.4516079e-03	   1.9661788e-10	
   1.0000000e+00	   2.5563189e+01	   1.3782213e+02	   9.3629253e-03	   1.9622285e-10	
