   0.0000000e+00	   0.0000000e+00	   0.0000000e+00	   1.0494312e-01	   5.4504287e-13	
   1.0000000e-02	   1.7010881e-03	   8.3104834e+01	   8.8456638e-02	   5.4525640e-13	
   2.0000000e-02	   1.7870232e-02	   9.0101759e+01	   7.7158877e-02	   5.4729021e-13	
   3.0000000e-02	   3.7167681e-02	   9.3014711e+01	   6.8859543e-02	   5.4972746e-13	
   4.0000000e-02	   6.5517621e-02	   9.5270419e+01	   6.2395277e-02	   5.5332771e-13	
   5.0000000e-02	   9.8367059e-02	   9.6936357e+01	   5.7263884e-02	   5.5752888e-13	
   6.0000000e-02	   1.2810016e-01	   9.8073595e+01	   5.3080001e-02	   5.6135898e-13	
   7.0000000e-02	   1.8267477e-01	   9.9507701e+01	   4.9544675e-02	   5.6845768e-13	
   8.0000000e-02	   2.1503623e-01	   1.0024321e+02	   4.6493515e-02	   5.7270936e-13	
   9.0000000e-02	   2.1453607e-01	   1.0037405e+02	   4.3844159e-02	   5.7264341e-13	
   1.0000000e-01	   2.2325495e-01	   1.0064740e+02	   4.1536390e-02	   5.7379420e-13	
   1.1000000e-01	   2.4410181e-01	   1.0107584e+02	   3.9510630e-02	   5.7655513e-13	
   1.2000000e-01	   2.5516745e-01	   1.0133556e+02	   3.7711413e-02	   5.7802604e-13	
   1.3000000e-01	   2.5119601e-01	   1.0138383e+02	   3.6092767e-02	   5.7749770e-13	
   1.4000000e-01	   2.4797778e-01	   1.0143715e+02	   3.4619080e-02	   5.7706992e-13	
   1.5000000e-01	   2.7115620e-01	   1.0181251e+02	   3.3263979e-02	   5.8015799e-13	
   1.6000000e-01	   3.4180225e-01	   1.0265681e+02	   3.2009091e-02	   5.8967251e-13	
   1.7000000e-01	   4.6930551e-01	   1.0383934e+02	   3.0842765e-02	   6.0724117e-13	
   1.8000000e-01	   6.6241127e-01	   1.0519942e+02	   2.9758264e-02	   6.3485097e-13	
   1.9000000e-01	   9.4032552e-01	   1.0667245e+02	   2.8751426e-02	   6.7680446e-13	
   2.0000000e-01	   1.3244689e+00	   1.0821284e+02	   2.7818429e-02	   7.3939677e-13	
   2.1000000e-01	   1.8199375e+00	   1.0974821e+02	   2.6954462e-02	   8.2875165e-13	
   2.2000000e-01	   2.4041587e+00	   1.1119839e+02	   2.6153508e-02	   9.4808338e-13	
   2.3000000e-01	   3.0232093e+00	   1.1248532e+02	   2.5408888e-02	   1.0933308e-12	
   2.4000000e-01	   3.5962485e+00	   1.1353052e+02	   2.4713961e-02	   1.2475430e-12	
   2.5000000e-01	   4.0459928e+00	   1.1428199e+02	   2.4062645e-02	   1.3836618e-12	
   2.6000000e-01	   4.3410156e+00	   1.1475012e+02	   2.3449657e-02	   1.4809221e-12	
   2.7000000e-01	   4.5029023e+00	   1.1500114e+02	   2.2870540e-02	   1.5371664e-12	
   2.8000000e-01	   4.5720083e+00	   1.1510897e+02	   2.2321589e-02	   1.5618218e-12	
   2.9000000e-01	   4.5761010e+00	   1.1511889e+02	   2.1799731e-02	   1.5632943e-12	
   3.0000000e-01	   4.5315179e+00	   1.1505564e+02	   2.1302421e-02	   1.5473282e-12	
   3.1000000e-01	   4.4611455e+00	   1.1495281e+02	   2.0827541e-02	   1.5224576e-12	
   3.2000000e-01	   4.4014018e+00	   1.1486508e+02	   2.0373327e-02	   1.5016573e-12	
   3.3000000e-01	   4.3828160e+00	   1.1483954e+02	   1.9938304e-02	   1.4952446e-12	
   3.4000000e-01	   4.4025254e+00	   1.1487230e+02	   1.9521219e-02	   1.5020459e-12	
   3.5000000e-01	   4.4316775e+00	   1.1491934e+02	   1.9120992e-02	   1.5121623e-12	
   3.6000000e-01	   4.4513498e+00	   1.1495206e+02	   1.8736662e-02	   1.5190275e-12	
   3.7000000e-01	   4.4650898e+00	   1.1497604e+02	   1.8367356e-02	   1.5238410e-12	
   3.8000000e-01	   4.4770611e+00	   1.1499764e+02	   1.8012250e-02	   1.5280472e-12	
   3.9000000e-01	   4.4779603e+00	   1.1500286e+02	   1.7670562e-02	   1.5283636e-12	
   4.0000000e-01	   4.4624785e+00	   1.1498367e+02	   1.7341533e-02	   1.5229250e-12	
   4.1000000e-01	   4.4427520e+00	   1.1495820e+02	   1.7024431e-02	   1.5160232e-12	
   4.2000000e-01	   4.4310008e+00	   1.1494478e+02	   1.6718545e-02	   1.5119267e-12	
   4.3000000e-01	   4.4255642e+00	   1.1494088e+02	   1.6423195e-02	   1.5100352e-12	
   4.4000000e-01	   4.4216842e+00	   1.1493931e+02	   1.6137728e-02	   1.5086868e-12	
   4.5000000e-01	   4.4181487e+00	   1.1493825e+02	   1.5861526e-02	   1.5074591e-12	
   4.6000000e-01	   4.4130953e+00	   1.1493491e+02	   1.5594004e-02	   1.5057060e-12	
   4.7000000e-01	   4.4057169e+00	   1.1492809e+02	   1.5334620e-02	   1.5031501e-12	
   4.8000000e-01	   4.3974606e+00	   1.1491995e+02	   1.5082878e-02	   1.5002952e-12	
   4.9000000e-01	   4.3885821e+00	   1.1491090e+02	   1.4838326e-02	   1.4972312e-12	
   5.0000000e-01	   4.3789338e+00	   1.1490069e+02	   1.4600571e-02	   1.4939086e-12	
   5.1000000e-01	   4.3693789e+00	   1.1489065e+02	   1.4369271e-02	   1.4906255e-12	
   5.2000000e-01	   4.3605433e+00	   1.1488169e+02	   1.4144143e-02	   1.4875959e-12	
   5.3000000e-01	   4.3533085e+00	   1.1487516e+02	   1.3924960e-02	   1.4851199e-12	
   5.4000000e-01	   4.3479983e+00	   1.1487153e+02	   1.3711544e-02	   1.4833051e-12	
   5.5000000e-01	   4.3421360e+00	   1.1486706e+02	   1.3503763e-02	   1.4813042e-12	
   5.6000000e-01	   4.3332741e+00	   1.1485807e+02	   1.3301517e-02	   1.4782847e-12	
   5.7000000e-01	   4.3225839e+00	   1.1484634e+02	   1.3104732e-02	   1.4746503e-12	
   5.8000000e-01	   4.3122652e+00	   1.1483515e+02	   1.2913345e-02	   1.4711508e-12	
   5.9000000e-01	   4.3025866e+00	   1.1482494e+02	   1.2727299e-02	   1.4678758e-12	
   6.0000000e-01	   4.2934522e+00	   1.1481554e+02	   1.2546528e-02	   1.4647917e-12	
   6.1000000e-01	   4.2849929e+00	   1.1480717e+02	   1.2370958e-02	   1.4619414e-12	
   6.2000000e-01	   4.2760772e+00	   1.1479811e+02	   1.2200496e-02	   1.4589432e-12	
   6.3000000e-01	   4.2658407e+00	   1.1478707e+02	   1.2035038e-02	   1.4555085e-12	
   6.4000000e-01	   4.2554835e+00	   1.1477584e+02	   1.1874460e-02	   1.4520414e-12	
   6.5000000e-01	   4.2460722e+00	   1.1476604e+02	   1.1718627e-02	   1.4488982e-12	
   6.6000000e-01	   4.2371578e+00	   1.1475698e+02	   1.1567394e-02	   1.4459272e-12	
   6.7000000e-01	   4.2286346e+00	   1.1474851e+02	   1.1420608e-02	   1.4430923e-12	
   6.8000000e-01	   4.2211824e+00	   1.1474166e+02	   1.1278108e-02	   1.4406182e-12	
   6.9000000e-01	   4.2145016e+00	   1.1473597e+02	   1.1139732e-02	   1.4384038e-12	
   7.0000000e-01	   4.2069702e+00	   1.1472900e+02	   1.1005318e-02	   1.4359115e-12	
   7.1000000e-01	   4.1976866e+00	   1.1471940e+02	   1.0874701e-02	   1.4328454e-12	
   7.2000000e-01	   4.1876990e+00	   1.1470873e+02	   1.0747716e-02	   1.4295540e-12	
   7.3000000e-01	   4.1780781e+00	   1.1469862e+02	   1.0624201e-02	   1.4263906e-12	
   7.4000000e-01	   4.1685439e+00	   1.1468864e+02	   1.0503993e-02	   1.4232627e-12	
   7.5000000e-01	   4.1593421e+00	   1.1467915e+02	   1.0386933e-02	   1.4202502e-12	
   7.6000000e-01	   4.1515650e+00	   1.1467181e+02	   1.0272862e-02	   1.4177092e-12	
   7.7000000e-01	   4.1445878e+00	   1.1466568e+02	   1.0161623e-02	   1.4154334e-12	
   7.8000000e-01	   4.1365024e+00	   1.1465788e+02	   1.0053063e-02	   1.4128007e-12	
   7.9000000e-01	   4.1271691e+00	   1.1464820e+02	   9.9470309e-03	   1.4097678e-12	
   8.0000000e-01	   4.1178197e+00	   1.1463850e+02	   9.8433805e-03	   1.4067361e-12	
   8.1000000e-01	   4.1086998e+00	   1.1462915e+02	   9.7419688e-03	   1.4037851e-12	
   8.2000000e-01	   4.0996821e+00	   1.1461996e+02	   9.6426574e-03	   1.4008734e-12	
   8.3000000e-01	   4.0913651e+00	   1.1461182e+02	   9.5453131e-03	   1.3981931e-12	
   8.4000000e-01	   4.0836280e+00	   1.1460455e+02	   9.4498079e-03	   1.3957045e-12	
   8.5000000e-01	   4.0752745e+00	   1.1459636e+02	   9.3560199e-03	   1.3930224e-12	
   8.6000000e-01	   4.0660360e+00	   1.1458683e+02	   9.2638332e-03	   1.3900623e-12	
   8.7000000e-01	   4.0567790e+00	   1.1457727e+02	   9.1731388e-03	   1.3871025e-12	
   8.8000000e-01	   4.0477988e+00	   1.1456813e+02	   9.0838349e-03	   1.3842373e-12	
   8.9000000e-01	   4.0388059e+00	   1.1455897e+02	   8.9958270e-03	   1.3813739e-12	
   9.0000000e-01	   4.0300793e+00	   1.1455021e+02	   8.9090293e-03	   1.3786010e-12	
   9.1000000e-01	   4.0220845e+00	   1.1454255e+02	   8.8233645e-03	   1.3760655e-12	
   9.2000000e-01	   4.0143375e+00	   1.1453527e+02	   8.7387645e-03	   1.3736131e-12	
   9.3000000e-01	   4.0059104e+00	   1.1452696e+02	   8.6551714e-03	   1.3709503e-12	
   9.4000000e-01	   3.9968295e+00	   1.1451766e+02	   8.5725374e-03	   1.3680867e-12	
   9.5000000e-01	   3.9877653e+00	   1.1450839e+02	   8.4908258e-03	   1.3652343e-12	
   9.6000000e-01	   3.9787815e+00	   1.1449925e+02	   8.4100107e-03	   1.3624131e-12	
   9.7000000e-01	   3.9697248e+00	   1.1448999e+02	   8.3300777e-03	   1.3595749e-12	
   9.8000000e-01	   3.9610135e+00	   1.1448126e+02	   8.2510231e-03	   1.3568505e-12	
   9.9000000e-01	   3.9527790e+00	   1.1447324e+02	   8.1728541e-03	   1.3542803e-12	
   1.0000000e+00	   3.9443770e+00	   1.1446497e+02	   8.0955877e-03	   1.3516628e-12	
