   0.0000000e+00	   0.0000000e+00	   0.0000000e+00	   2.0988624e-01	   5.4504287e-13	
   1.0000000e-02	   3.1959909e-02	   8.9999460e+01	   1.5225138e-01	   5.4906865e-13	
   2.0000000e-02	   6.6224419e-02	   9.3496178e+01	   1.2388884e-01	   5.5341777e-13	
   3.0000000e-02	   1.1849914e-01	   9.6371450e+01	   1.0582039e-01	   5.6011935e-13	
   4.0000000e-02	   1.8704015e-01	   9.8586972e+01	   9.3045931e-02	   5.6902936e-13	
   5.0000000e-02	   2.9916807e-01	   1.0080721e+02	   8.3368793e-02	   5.8391209e-13	
   6.0000000e-02	   4.8670292e-01	   1.0307872e+02	   7.5802509e-02	   6.0967860e-13	
   7.0000000e-02	   8.1025922e-01	   1.0547752e+02	   6.9689174e-02	   6.5683545e-13	
   8.0000000e-02	   1.2280319e+00	   1.0750542e+02	   6.4582315e-02	   7.2315909e-13	
   9.0000000e-02	   1.9517722e+00	   1.0989186e+02	   6.0211041e-02	   8.5429502e-13	
   1.0000000e-01	   2.8516155e+00	   1.1202011e+02	   5.6425491e-02	   1.0509746e-12	
   1.1000000e-01	   3.6536265e+00	   1.1354321e+02	   5.3131858e-02	   1.2641346e-12	
   1.2000000e-01	   4.3444499e+00	   1.1469250e+02	   5.0249644e-02	   1.4820937e-12	
   1.3000000e-01	   5.1112884e+00	   1.1584921e+02	   4.7704363e-02	   1.7683145e-12	
   1.4000000e-01	   6.1116090e+00	   1.1722714e+02	   4.5433671e-02	   2.2263404e-12	
   1.5000000e-01	   7.3393674e+00	   1.1878364e+02	   4.3389443e-02	   2.9537069e-12	
   1.6000000e-01	   8.7165915e+00	   1.2041499e+02	   4.1535271e-02	   4.0559240e-12	
   1.7000000e-01	   1.0229230e+01	   1.2211650e+02	   3.9843241e-02	   5.7458422e-12	
   1.8000000e-01	   1.1880938e+01	   1.2390490e+02	   3.8291501e-02	   8.4047435e-12	
   1.9000000e-01	   1.3626630e+01	   1.2574458e+02	   3.6862520e-02	   1.2563010e-11	
   2.0000000e-01	   1.5412760e+01	   1.2759264e+02	   3.5541803e-02	   1.8954252e-11	
   2.1000000e-01	   1.7194582e+01	   1.2941422e+02	   3.4316980e-02	   2.8568596e-11	
   2.2000000e-01	   1.8931420e+01	   1.3117620e+02	   3.3177218e-02	   4.2615997e-11	
   2.3000000e-01	   2.0590429e+01	   1.3285109e+02	   3.2112867e-02	   6.2441540e-11	
   2.4000000e-01	   2.2127399e+01	   1.3439808e+02	   3.1115282e-02	   8.8955049e-11	
   2.5000000e-01	   2.3477108e+01	   1.3575403e+02	   3.0176779e-02	   1.2137842e-10	
   2.6000000e-01	   2.4576351e+01	   1.3685702e+02	   2.9290701e-02	   1.5633845e-10	
   2.7000000e-01	   2.5386925e+01	   1.3766969e+02	   2.8451524e-02	   1.8841832e-10	
   2.8000000e-01	   2.5904961e+01	   1.3818867e+02	   2.7654936e-02	   2.1228866e-10	
   2.9000000e-01	   2.6166579e+01	   1.3845039e+02	   2.6897831e-02	   2.2546991e-10	
   3.0000000e-01	   2.6244055e+01	   1.3852736e+02	   2.6178154e-02	   2.2952825e-10	
   3.1000000e-01	   2.6220423e+01	   1.3850278e+02	   2.5494618e-02	   2.2828266e-10	
   3.2000000e-01	   2.6157203e+01	   1.3843827e+02	   2.4846324e-02	   2.2498365e-10	
   3.3000000e-01	   2.6085358e+01	   1.3836484e+02	   2.4232389e-02	   2.2129240e-10	
   3.4000000e-01	   2.6022078e+01	   1.3829976e+02	   2.3651672e-02	   2.1809135e-10	
   3.5000000e-01	   2.5988242e+01	   1.3826410e+02	   2.3102643e-02	   2.1639881e-10	
   3.6000000e-01	   2.6000429e+01	   1.3827464e+02	   2.2583396e-02	   2.1700692e-10	
   3.7000000e-01	   2.6045561e+01	   1.3831839e+02	   2.2091750e-02	   2.1927382e-10	
   3.8000000e-01	   2.6087830e+01	   1.3835943e+02	   2.1625393e-02	   2.2141837e-10	
   3.9000000e-01	   2.6108080e+01	   1.3837857e+02	   2.1182010e-02	   2.2245322e-10	
   4.0000000e-01	   2.6113560e+01	   1.3838313e+02	   2.0759383e-02	   2.2273407e-10	
   4.1000000e-01	   2.6113121e+01	   1.3838201e+02	   2.0355454e-02	   2.2271155e-10	
   4.2000000e-01	   2.6107349e+01	   1.3837576e+02	   1.9968358e-02	   2.2241576e-10	
   4.3000000e-01	   2.6096626e+01	   1.3836471e+02	   1.9596434e-02	   2.2186726e-10	
   4.4000000e-01	   2.6081802e+01	   1.3834962e+02	   1.9238223e-02	   2.2111125e-10	
   4.5000000e-01	   2.6063240e+01	   1.3833083e+02	   1.8892461e-02	   2.2016825e-10	
   4.6000000e-01	   2.6044011e+01	   1.3831137e+02	   1.8558068e-02	   2.1919556e-10	
   4.7000000e-01	   2.6028072e+01	   1.3829523e+02	   1.8234138e-02	   2.1839255e-10	
   4.8000000e-01	   2.6016524e+01	   1.3828352e+02	   1.7919934e-02	   2.1781262e-10	
   4.9000000e-01	   2.6007690e+01	   1.3827456e+02	   1.7614872e-02	   2.1737004e-10	
   5.0000000e-01	   2.5998630e+01	   1.3826541e+02	   1.7318515e-02	   2.1691704e-10	
   5.1000000e-01	   2.5987680e+01	   1.3825438e+02	   1.7030554e-02	   2.1637082e-10	
   5.2000000e-01	   2.5975907e+01	   1.3824254e+02	   1.6750791e-02	   2.1578504e-10	
   5.3000000e-01	   2.5964873e+01	   1.3823147e+02	   1.6479107e-02	   2.1523750e-10	
   5.4000000e-01	   2.5954742e+01	   1.3822132e+02	   1.6215440e-02	   2.1473601e-10	
   5.5000000e-01	   2.5944946e+01	   1.3821151e+02	   1.5959747e-02	   2.1425217e-10	
   5.6000000e-01	   2.5935090e+01	   1.3820163e+02	   1.5711982e-02	   2.1376649e-10	
   5.7000000e-01	   2.5925358e+01	   1.3819187e+02	   1.5472068e-02	   2.1328802e-10	
   5.8000000e-01	   2.5916299e+01	   1.3818278e+02	   1.5239884e-02	   2.1284358e-10	
   5.9000000e-01	   2.5908125e+01	   1.3817458e+02	   1.5015254e-02	   2.1244334e-10	
   6.0000000e-01	   2.5900557e+01	   1.3816700e+02	   1.4797949e-02	   2.1207347e-10	
   6.1000000e-01	   2.5893201e+01	   1.3815963e+02	   1.4587695e-02	   2.1171458e-10	
   6.2000000e-01	   2.5885819e+01	   1.3815225e+02	   1.4384177e-02	   2.1135500e-10	
   6.3000000e-01	   2.5878320e+01	   1.3814475e+02	   1.4187056e-02	   2.1099038e-10	
   6.4000000e-01	   2.5870699e+01	   1.3813713e+02	   1.3995981e-02	   2.1062045e-10	
   6.5000000e-01	   2.5863075e+01	   1.3812951e+02	   1.3810595e-02	   2.1025106e-10	
   6.6000000e-01	   2.5855422e+01	   1.3812186e+02	   1.3630551e-02	   2.0988086e-10	
   6.7000000e-01	   2.5847286e+01	   1.3811372e+02	   1.3455511e-02	   2.0948804e-10	
   6.8000000e-01	   2.5838289e+01	   1.3810471e+02	   1.3285157e-02	   2.0905452e-10	
   6.9000000e-01	   2.5828538e+01	   1.3809494e+02	   1.3119192e-02	   2.0858565e-10	
   7.0000000e-01	   2.5818375e+01	   1.3808476e+02	   1.2957339e-02	   2.0809812e-10	
   7.1000000e-01	   2.5808294e+01	   1.3807466e+02	   1.2799345e-02	   2.0761563e-10	
   7.2000000e-01	   2.5798795e+01	   1.3806515e+02	   1.2644979e-02	   2.0716201e-10	
   7.3000000e-01	   2.5789906e+01	   1.3805626e+02	   1.2494032e-02	   2.0673844e-10	
   7.4000000e-01	   2.5781286e+01	   1.3804764e+02	   1.2346317e-02	   2.0632851e-10	
   7.5000000e-01	   2.5772758e+01	   1.3803911e+02	   1.2201666e-02	   2.0592374e-10	
   7.6000000e-01	   2.5764359e+01	   1.3803071e+02	   1.2059931e-02	   2.0552592e-10	
   7.7000000e-01	   2.5756139e+01	   1.3802249e+02	   1.1920983e-02	   2.0513725e-10	
   7.8000000e-01	   2.5748063e+01	   1.3801441e+02	   1.1784711e-02	   2.0475617e-10	
   7.9000000e-01	   2.5739957e+01	   1.3800631e+02	   1.1651019e-02	   2.0437433e-10	
   8.0000000e-01	   2.5731579e+01	   1.3799793e+02	   1.1519829e-02	   2.0398047e-10	
   8.1000000e-01	   2.5722847e+01	   1.3798919e+02	   1.1391073e-02	   2.0357075e-10	
   8.2000000e-01	   2.5713892e+01	   1.3798023e+02	   1.1264698e-02	   2.0315143e-10	
   8.3000000e-01	   2.5704898e+01	   1.3797123e+02	   1.1140662e-02	   2.0273113e-10	
   8.4000000e-01	   2.5695944e+01	   1.3796227e+02	   1.1018928e-02	   2.0231358e-10	
   8.5000000e-01	   2.5687014e+01	   1.3795334e+02	   1.0899468e-02	   2.0189802e-10	
   8.6000000e-01	   2.5678083e+01	   1.3794441e+02	   1.0782258e-02	   2.0148326e-10	
   8.7000000e-01	   2.5669223e+01	   1.3793554e+02	   1.0667275e-02	   2.0107262e-10	
   8.8000000e-01	   2.5660591e+01	   1.3792691e+02	   1.0554498e-02	   2.0067336e-10	
   8.9000000e-01	   2.5652199e+01	   1.3791852e+02	   1.0443906e-02	   2.0028596e-10	
   9.0000000e-01	   2.5643846e+01	   1.3791017e+02	   1.0335475e-02	   1.9990114e-10	
   9.1000000e-01	   2.5635362e+01	   1.3790168e+02	   1.0229178e-02	   1.9951102e-10	
   9.2000000e-01	   2.5626721e+01	   1.3789304e+02	   1.0124987e-02	   1.9911442e-10	
   9.3000000e-01	   2.5617978e+01	   1.3788429e+02	   1.0022869e-02	   1.9871398e-10	
   9.4000000e-01	   2.5609205e+01	   1.3787552e+02	   9.9227899e-03	   1.9831299e-10	
   9.5000000e-01	   2.5600397e+01	   1.3786671e+02	   9.8247121e-03	   1.9791117e-10	
   9.6000000e-01	   2.5591515e+01	   1.3785783e+02	   9.7285961e-03	   1.9750684e-10	
   9.7000000e-01	   2.5582631e+01	   1.3784894e+02	   9.6344013e-03	   1.9710323e-10	
   9.8000000e-01	   2.5573859e+01	   1.3784017e+02	   9.5420859e-03	   1.9670555e-10	
   9.9000000e-01	   2.5565244e+01	   1.3783155e+02	   9.4516079e-03	   1.9631571e-10	
   1.0000000e+00	   2.5556763e+01	   1.3782307e+02	   9.3629253e-03	   1.9593271e-10	
