   0.0000000e+00	   0.0000000e+00	   0.0000000e+00	   1.0494312e-01	   5.4504287e-13	
   1.0000000e-02	   1.6652321e-03	   8.3393686e+01	   8.8456638e-02	   5.4525189e-13	
   2.0000000e-02	  -7.8093969e-03	   7.6544825e+01	   7.7158877e-02	   5.4406366e-13	
   3.0000000e-02	  -1.2588670e-02	   7.9371376e+01	   6.8859543e-02	   5.4346527e-13	
   4.0000000e-02	  -2.0763733e-02	   7.2400382e+01	   6.2395277e-02	   5.4244322e-13	
   5.0000000e-02	  -2.5597887e-02	   7.9844159e+01	   5.7263884e-02	   5.4183976e-13	
   6.0000000e-02	  -3.3734935e-02	   7.7863705e+01	   5.3080001e-02	   5.4082551e-13	
   7.0000000e-02	  -3.9626978e-02	   8.0905482e+01	   4.9544675e-02	   5.4009227e-13	
   8.0000000e-02	  -4.7299426e-02	   8.0932999e+01	   4.6493515e-02	   5.3913896e-13	
   9.0000000e-02	  -5.6414435e-02	   7.8774654e+01	   4.3844159e-02	   5.3800860e-13	
   1.0000000e-01	  -6.3158607e-02	   8.0916820e+01	   4.1536390e-02	   5.3717377e-13	
   1.1000000e-01	  -7.2923015e-02	   7.7701061e+01	   3.9510630e-02	   5.3596738e-13	
   1.2000000e-01	  -7.9497009e-02	   8.0784341e+01	   3.7711413e-02	   5.3515669e-13	
   1.3000000e-01	  -8.8805973e-02	   7.8896868e+01	   3.6092767e-02	   5.3401083e-13	
   1.4000000e-01	  -9.6667001e-02	   7.9656823e+01	   3.4619080e-02	   5.3304510e-13	
   1.5000000e-01	  -1.0498292e-01	   7.9590765e+01	   3.3263979e-02	   5.3202540e-13	
   1.6000000e-01	  -1.1349664e-01	   7.9196040e+01	   3.2009091e-02	   5.3098346e-13	
   1.7000000e-01	  -1.2157610e-01	   7.9670350e+01	   3.0842765e-02	   5.2999656e-13	
   1.8000000e-01	  -1.3022398e-01	   7.9113949e+01	   2.9758264e-02	   5.2894225e-13	
   1.9000000e-01	  -1.3858780e-01	   7.9142517e+01	   2.8751426e-02	   5.2792458e-13	
   2.0000000e-01	  -1.4709087e-01	   7.8932429e+01	   2.7818429e-02	   5.2689196e-13	
   2.1000000e-01	  -1.5533385e-01	   7.9293933e+01	   2.6954462e-02	   5.2589286e-13	
   2.2000000e-01	  -1.6383707e-01	   7.9176741e+01	   2.6153508e-02	   5.2486420e-13	
   2.3000000e-01	  -1.7254087e-01	   7.8671604e+01	   2.5408888e-02	   5.2381336e-13	
   2.4000000e-01	  -1.8078111e-01	   7.9171374e+01	   2.4713961e-02	   5.2282043e-13	
   2.5000000e-01	  -1.8939898e-01	   7.8919937e+01	   2.4062645e-02	   5.2178401e-13	
   2.6000000e-01	  -1.9804556e-01	   7.8618616e+01	   2.3449657e-02	   5.2074619e-13	
   2.7000000e-01	  -2.0634347e-01	   7.9082978e+01	   2.2870540e-02	   5.1975217e-13	
   2.8000000e-01	  -2.1506155e-01	   7.8683560e+01	   2.2321589e-02	   5.1870986e-13	
   2.9000000e-01	  -2.2360794e-01	   7.8660144e+01	   2.1799731e-02	   5.1769011e-13	
   3.0000000e-01	  -2.3208404e-01	   7.8804420e+01	   2.1302421e-02	   5.1668072e-13	
   3.1000000e-01	  -2.4068483e-01	   7.8694136e+01	   2.0827541e-02	   5.1565850e-13	
   3.2000000e-01	  -2.4928913e-01	   7.8586688e+01	   2.0373327e-02	   5.1463788e-13	
   3.3000000e-01	  -2.5784105e-01	   7.8606485e+01	   1.9938304e-02	   5.1362547e-13	
   3.4000000e-01	  -2.6638433e-01	   7.8656167e+01	   1.9521219e-02	   5.1261608e-13	
   3.5000000e-01	  -2.7502007e-01	   7.8512750e+01	   1.9120992e-02	   5.1159778e-13	
   3.6000000e-01	  -2.8360066e-01	   7.8501816e+01	   1.8736662e-02	   5.1058799e-13	
   3.7000000e-01	  -2.9213395e-01	   7.8606119e+01	   1.8367356e-02	   5.0958574e-13	
   3.8000000e-01	  -3.0077922e-01	   7.8471653e+01	   1.8012250e-02	   5.0857234e-13	
   3.9000000e-01	  -3.0941885e-01	   7.8356316e+01	   1.7670562e-02	   5.0756162e-13	
   4.0000000e-01	  -3.1794144e-01	   7.8515872e+01	   1.7341533e-02	   5.0656656e-13	
   4.1000000e-01	  -3.2652763e-01	   7.8538755e+01	   1.7024431e-02	   5.0556604e-13	
   4.2000000e-01	  -3.3526234e-01	   7.8230997e+01	   1.6718545e-02	   5.0455025e-13	
   4.3000000e-01	  -3.4379864e-01	   7.8385634e+01	   1.6423195e-02	   5.0355950e-13	
   4.4000000e-01	  -3.5236532e-01	   7.8473080e+01	   1.6137728e-02	   5.0256718e-13	
   4.5000000e-01	  -3.6106697e-01	   7.8259665e+01	   1.5861526e-02	   5.0156123e-13	
   4.6000000e-01	  -3.6968138e-01	   7.8250418e+01	   1.5594004e-02	   5.0056735e-13	
   4.7000000e-01	  -3.7823810e-01	   7.8378871e+01	   1.5334620e-02	   4.9958208e-13	
   4.8000000e-01	  -3.8689994e-01	   7.8271213e+01	   1.5082878e-02	   4.9858667e-13	
   4.9000000e-01	  -3.9557691e-01	   7.8130379e+01	   1.4838326e-02	   4.9759152e-13	
   5.0000000e-01	  -4.0412118e-01	   7.8305291e+01	   1.4600571e-02	   4.9661352e-13	
   5.1000000e-01	  -4.1276454e-01	   7.8254245e+01	   1.4369271e-02	   4.9562614e-13	
   5.2000000e-01	  -4.2144781e-01	   7.8113459e+01	   1.4144143e-02	   4.9463618e-13	
   5.3000000e-01	  -4.3006244e-01	   7.8138513e+01	   1.3924960e-02	   4.9365600e-13	
   5.4000000e-01	  -4.3867328e-01	   7.8176348e+01	   1.3711544e-02	   4.9267818e-13	
   5.5000000e-01	  -4.4731462e-01	   7.8146521e+01	   1.3503763e-02	   4.9169886e-13	
   5.6000000e-01	  -4.5596984e-01	   7.8087408e+01	   1.3301517e-02	   4.9071991e-13	
   5.7000000e-01	  -4.6461936e-01	   7.8044895e+01	   1.3104732e-02	   4.8974355e-13	
   5.8000000e-01	  -4.7323862e-01	   7.8077905e+01	   1.2913345e-02	   4.8877254e-13	
   5.9000000e-01	  -4.8185852e-01	   7.8112209e+01	   1.2727299e-02	   4.8780338e-13	
   6.0000000e-01	  -4.9052487e-01	   7.8039930e+01	   1.2546528e-02	   4.8683094e-13	
   6.1000000e-01	  -4.9918902e-01	   7.7975321e+01	   1.2370958e-02	   4.8586068e-13	
   6.2000000e-01	  -5.0781113e-01	   7.8014886e+01	   1.2200496e-02	   4.8489706e-13	
   6.3000000e-01	  -5.1642737e-01	   7.8071020e+01	   1.2035038e-02	   4.8393599e-13	
   6.4000000e-01	  -5.2511797e-01	   7.7953685e+01	   1.1874460e-02	   4.8296856e-13	
   6.5000000e-01	  -5.3377936e-01	   7.7908636e+01	   1.1718627e-02	   4.8200631e-13	
   6.6000000e-01	  -5.4238502e-01	   7.8001090e+01	   1.1567394e-02	   4.8105215e-13	
   6.7000000e-01	  -5.5104927e-01	   7.7956133e+01	   1.1420608e-02	   4.8009340e-13	
   6.8000000e-01	  -5.5973201e-01	   7.7869010e+01	   1.1278108e-02	   4.7913452e-13	
   6.9000000e-01	  -5.6837688e-01	   7.7876440e+01	   1.1139732e-02	   4.7818172e-13	
   7.0000000e-01	  -5.7699489e-01	   7.7951011e+01	   1.1005318e-02	   4.7723377e-13	
   7.1000000e-01	  -5.8567087e-01	   7.7888594e+01	   1.0874701e-02	   4.7628135e-13	
   7.2000000e-01	  -5.9436826e-01	   7.7775165e+01	   1.0747716e-02	   4.7532848e-13	
   7.3000000e-01	  -6.0298602e-01	   7.7858565e+01	   1.0624201e-02	   4.7438621e-13	
   7.4000000e-01	  -6.1162177e-01	   7.7899096e+01	   1.0503993e-02	   4.7344385e-13	
   7.5000000e-01	  -6.2031286e-01	   7.7807858e+01	   1.0386933e-02	   4.7249735e-13	
   7.6000000e-01	  -6.2899251e-01	   7.7745196e+01	   1.0272862e-02	   4.7155397e-13	
   7.7000000e-01	  -6.3763058e-01	   7.7786438e+01	   1.0161623e-02	   4.7061699e-13	
   7.8000000e-01	  -6.4626184e-01	   7.7845260e+01	   1.0053063e-02	   4.6968260e-13	
   7.9000000e-01	  -6.5495780e-01	   7.7748835e+01	   9.9470309e-03	   4.6874309e-13	
   8.0000000e-01	  -6.6364335e-01	   7.7678425e+01	   9.8433805e-03	   4.6780658e-13	
   8.1000000e-01	  -6.7227288e-01	   7.7748098e+01	   9.7419688e-03	   4.6687796e-13	
   8.2000000e-01	  -6.8092918e-01	   7.7753348e+01	   9.6426574e-03	   4.6594831e-13	
   8.3000000e-01	  -6.8961546e-01	   7.7686818e+01	   9.5453131e-03	   4.6501730e-13	
   8.4000000e-01	  -6.9829335e-01	   7.7642087e+01	   9.4498079e-03	   4.6408905e-13	
   8.5000000e-01	  -7.0694075e-01	   7.7674453e+01	   9.3560199e-03	   4.6316591e-13	
   8.6000000e-01	  -7.1559386e-01	   7.7693772e+01	   9.2638332e-03	   4.6224399e-13	
   8.7000000e-01	  -7.2428619e-01	   7.7617509e+01	   9.1731388e-03	   4.6131974e-13	
   8.8000000e-01	  -7.3295542e-01	   7.7599201e+01	   9.0838349e-03	   4.6039979e-13	
   8.9000000e-01	  -7.4160146e-01	   7.7639268e+01	   8.9958270e-03	   4.5948413e-13	
   9.0000000e-01	  -7.5026991e-01	   7.7624379e+01	   8.9090293e-03	   4.5856792e-13	
   9.1000000e-01	  -7.5895153e-01	   7.7577267e+01	   8.8233645e-03	   4.5765215e-13	
   9.2000000e-01	  -7.6762173e-01	   7.7558762e+01	   8.7387645e-03	   4.5673941e-13	
   9.3000000e-01	  -7.7626758e-01	   7.7600999e+01	   8.6551714e-03	   4.5583105e-13	
   9.4000000e-01	  -7.8493361e-01	   7.7593304e+01	   8.5725374e-03	   4.5492238e-13	
   9.5000000e-01	  -7.9362395e-01	   7.7525365e+01	   8.4908258e-03	   4.5401297e-13	
   9.6000000e-01	  -8.0228483e-01	   7.7530985e+01	   8.4100107e-03	   4.5310847e-13	
   9.7000000e-01	  -8.1093592e-01	   7.7561099e+01	   8.3300777e-03	   4.5220678e-13	
   9.8000000e-01	  -8.1960623e-01	   7.7543982e+01	   8.2510231e-03	   4.5130489e-13	
   9.9000000e-01	  -8.2828843e-01	   7.7497811e+01	   8.1728541e-03	   4.5040356e-13	
   1.0000000e+00	  -8.3695955e-01	   7.7479861e+01	   8.0955877e-03	   4.4950518e-13	
