   0.0000000e+00	   0.0000000e+00	   0.0000000e+00	   1.0494312e-01	   5.4504287e-13	
   1.0000000e-02	   1.7307151e-03	   8.3141961e+01	   8.8456638e-02	   5.4526012e-13	
   2.0000000e-02	   1.8082365e-02	   9.0149016e+01	   7.7158877e-02	   5.4731695e-13	
   3.0000000e-02	   3.6570794e-02	   9.2975403e+01	   6.8859543e-02	   5.4965191e-13	
   4.0000000e-02	   6.4535353e-02	   9.5231945e+01	   6.2395277e-02	   5.5320258e-13	
   5.0000000e-02	   9.5719458e-02	   9.6854437e+01	   5.7263884e-02	   5.5718909e-13	
   6.0000000e-02	   1.2135779e-01	   9.7898678e+01	   5.3080001e-02	   5.6048815e-13	
   7.0000000e-02	   1.7141541e-01	   9.9291461e+01	   4.9544675e-02	   5.6698582e-13	
   8.0000000e-02	   2.0332774e-01	   1.0005379e+02	   4.6493515e-02	   5.7116743e-13	
   9.0000000e-02	   2.0019397e-01	   1.0014549e+02	   4.3844159e-02	   5.7075544e-13	
   1.0000000e-01	   2.0228948e-01	   1.0032515e+02	   4.1536390e-02	   5.7103090e-13	
   1.1000000e-01	   2.1987986e-01	   1.0073551e+02	   3.9510630e-02	   5.7334845e-13	
   1.2000000e-01	   2.3565030e-01	   1.0108143e+02	   3.7711413e-02	   5.7543423e-13	
   1.3000000e-01	   2.4347252e-01	   1.0129224e+02	   3.6092767e-02	   5.7647159e-13	
   1.4000000e-01	   2.5717994e-01	   1.0156331e+02	   3.4619080e-02	   5.7829396e-13	
   1.5000000e-01	   3.0116407e-01	   1.0216387e+02	   3.3263979e-02	   5.8418051e-13	
   1.6000000e-01	   3.9722571e-01	   1.0318525e+02	   3.2009091e-02	   5.9724597e-13	
   1.7000000e-01	   5.6027958e-01	   1.0450921e+02	   3.0842765e-02	   6.2009555e-13	
   1.8000000e-01	   8.0686145e-01	   1.0600395e+02	   2.9758264e-02	   6.5632176e-13	
   1.9000000e-01	   1.1578419e+00	   1.0758834e+02	   2.8751426e-02	   7.1156545e-13	
   2.0000000e-01	   1.6267632e+00	   1.0919123e+02	   2.7818429e-02	   7.9269657e-13	
   2.1000000e-01	   2.2074434e+00	   1.1074393e+02	   2.6954462e-02	   9.0609764e-13	
   2.2000000e-01	   2.8689817e+00	   1.1218728e+02	   2.6153508e-02	   1.0551855e-12	
   2.3000000e-01	   3.5500771e+00	   1.1345610e+02	   2.5408888e-02	   1.2343501e-12	
   2.4000000e-01	   4.1628374e+00	   1.1447477e+02	   2.4713961e-02	   1.4213937e-12	
   2.5000000e-01	   4.6299352e+00	   1.1519545e+02	   2.4062645e-02	   1.5827932e-12	
   2.6000000e-01	   4.9271706e+00	   1.1563482e+02	   2.3449657e-02	   1.6949142e-12	
   2.7000000e-01	   5.0820125e+00	   1.1585969e+02	   2.2870540e-02	   1.7564343e-12	
   2.8000000e-01	   5.1361659e+00	   1.1593949e+02	   2.2321589e-02	   1.7784729e-12	
   2.9000000e-01	   5.1206222e+00	   1.1592052e+02	   2.1799731e-02	   1.7721190e-12	
   3.0000000e-01	   5.0609972e+00	   1.1583878e+02	   2.1302421e-02	   1.7479555e-12	
   3.1000000e-01	   4.9907068e+00	   1.1574104e+02	   2.0827541e-02	   1.7198927e-12	
   3.2000000e-01	   4.9484432e+00	   1.1568267e+02	   2.0373327e-02	   1.7032366e-12	
   3.3000000e-01	   4.9538464e+00	   1.1569241e+02	   1.9938304e-02	   1.7053570e-12	
   3.4000000e-01	   4.9903573e+00	   1.1574658e+02	   1.9521219e-02	   1.7197543e-12	
   3.5000000e-01	   5.0277620e+00	   1.1580189e+02	   1.9120992e-02	   1.7346300e-12	
   3.6000000e-01	   5.0548872e+00	   1.1584263e+02	   1.8736662e-02	   1.7454981e-12	
   3.7000000e-01	   5.0768531e+00	   1.1587627e+02	   1.8367356e-02	   1.7543489e-12	
   3.8000000e-01	   5.0911612e+00	   1.1589935e+02	   1.8012250e-02	   1.7601383e-12	
   3.9000000e-01	   5.0872404e+00	   1.1589695e+02	   1.7670562e-02	   1.7585499e-12	
   4.0000000e-01	   5.0679524e+00	   1.1587305e+02	   1.7341533e-02	   1.7507571e-12	
   4.1000000e-01	   5.0499008e+00	   1.1585098e+02	   1.7024431e-02	   1.7434951e-12	
   4.2000000e-01	   5.0412080e+00	   1.1584217e+02	   1.6718545e-02	   1.7400089e-12	
   4.3000000e-01	   5.0377178e+00	   1.1584072e+02	   1.6423195e-02	   1.7386111e-12	
   4.4000000e-01	   5.0355033e+00	   1.1584107e+02	   1.6137728e-02	   1.7377248e-12	
   4.5000000e-01	   5.0319547e+00	   1.1583953e+02	   1.5861526e-02	   1.7363055e-12	
   4.6000000e-01	   5.0244998e+00	   1.1583247e+02	   1.5594004e-02	   1.7333275e-12	
   4.7000000e-01	   5.0145145e+00	   1.1582185e+02	   1.5334620e-02	   1.7293469e-12	
   4.8000000e-01	   5.0046661e+00	   1.1581144e+02	   1.5082878e-02	   1.7254297e-12	
   4.9000000e-01	   4.9950977e+00	   1.1580143e+02	   1.4838326e-02	   1.7216324e-12	
   5.0000000e-01	   4.9856047e+00	   1.1579155e+02	   1.4600571e-02	   1.7178733e-12	
   5.1000000e-01	   4.9767949e+00	   1.1578264e+02	   1.4369271e-02	   1.7143921e-12	
   5.2000000e-01	   4.9695374e+00	   1.1577594e+02	   1.4144143e-02	   1.7115295e-12	
   5.3000000e-01	   4.9643175e+00	   1.1577213e+02	   1.3924960e-02	   1.7094736e-12	
   5.4000000e-01	   4.9591309e+00	   1.1576837e+02	   1.3711544e-02	   1.7074333e-12	
   5.5000000e-01	   4.9507943e+00	   1.1576015e+02	   1.3503763e-02	   1.7041589e-12	
   5.6000000e-01	   4.9394012e+00	   1.1574761e+02	   1.3301517e-02	   1.6996942e-12	
   5.7000000e-01	   4.9276316e+00	   1.1573454e+02	   1.3104732e-02	   1.6950941e-12	
   5.8000000e-01	   4.9167441e+00	   1.1572270e+02	   1.2913345e-02	   1.6908500e-12	
   5.9000000e-01	   4.9066426e+00	   1.1571198e+02	   1.2727299e-02	   1.6869217e-12	
   6.0000000e-01	   4.8973201e+00	   1.1570237e+02	   1.2546528e-02	   1.6833044e-12	
   6.1000000e-01	   4.8879413e+00	   1.1569268e+02	   1.2370958e-02	   1.6796732e-12	
   6.2000000e-01	   4.8775140e+00	   1.1568151e+02	   1.2200496e-02	   1.6756452e-12	
   6.3000000e-01	   4.8669275e+00	   1.1567012e+02	   1.2035038e-02	   1.6715655e-12	
   6.4000000e-01	   4.8575302e+00	   1.1566040e+02	   1.1874460e-02	   1.6679525e-12	
   6.5000000e-01	   4.8491719e+00	   1.1565216e+02	   1.1718627e-02	   1.6647455e-12	
   6.6000000e-01	   4.8415383e+00	   1.1564493e+02	   1.1567394e-02	   1.6618219e-12	
   6.7000000e-01	   4.8348604e+00	   1.1563906e+02	   1.1420608e-02	   1.6592686e-12	
   6.8000000e-01	   4.8284246e+00	   1.1563354e+02	   1.1278108e-02	   1.6568116e-12	
   6.9000000e-01	   4.8205685e+00	   1.1562601e+02	   1.1139732e-02	   1.6538172e-12	
   7.0000000e-01	   4.8106916e+00	   1.1561562e+02	   1.1005318e-02	   1.6500603e-12	
   7.1000000e-01	   4.8000711e+00	   1.1560419e+02	   1.0874701e-02	   1.6460301e-12	
   7.2000000e-01	   4.7900284e+00	   1.1559357e+02	   1.0747716e-02	   1.6422282e-12	
   7.3000000e-01	   4.7806244e+00	   1.1558385e+02	   1.0624201e-02	   1.6386760e-12	
   7.4000000e-01	   4.7720720e+00	   1.1557533e+02	   1.0503993e-02	   1.6354522e-12	
   7.5000000e-01	   4.7649575e+00	   1.1556885e+02	   1.0386933e-02	   1.6327752e-12	
   7.6000000e-01	   4.7581931e+00	   1.1556286e+02	   1.0272862e-02	   1.6302341e-12	
   7.7000000e-01	   4.7498419e+00	   1.1555463e+02	   1.0161623e-02	   1.6271023e-12	
   7.8000000e-01	   4.7400442e+00	   1.1554436e+02	   1.0053063e-02	   1.6234356e-12	
   7.9000000e-01	   4.7303292e+00	   1.1553421e+02	   9.9470309e-03	   1.6198081e-12	
   8.0000000e-01	   4.7211813e+00	   1.1552486e+02	   9.8433805e-03	   1.6163998e-12	
   8.1000000e-01	   4.7125360e+00	   1.1551622e+02	   9.7419688e-03	   1.6131853e-12	
   8.2000000e-01	   4.7046427e+00	   1.1550865e+02	   9.6426574e-03	   1.6102560e-12	
   8.3000000e-01	   4.6968855e+00	   1.1550127e+02	   9.5453131e-03	   1.6073824e-12	
   8.4000000e-01	   4.6880652e+00	   1.1549239e+02	   9.4498079e-03	   1.6041212e-12	
   8.5000000e-01	   4.6783729e+00	   1.1548227e+02	   9.3560199e-03	   1.6005452e-12	
   8.6000000e-01	   4.6689544e+00	   1.1547254e+02	   9.2638332e-03	   1.5970779e-12	
   8.7000000e-01	   4.6600925e+00	   1.1546359e+02	   9.1731388e-03	   1.5938223e-12	
   8.8000000e-01	   4.6515423e+00	   1.1545509e+02	   9.0838349e-03	   1.5906876e-12	
   8.9000000e-01	   4.6434967e+00	   1.1544730e+02	   8.9958270e-03	   1.5877435e-12	
   9.0000000e-01	   4.6359028e+00	   1.1544014e+02	   8.9090293e-03	   1.5849696e-12	
   9.1000000e-01	   4.6278835e+00	   1.1543239e+02	   8.8233645e-03	   1.5820456e-12	
   9.2000000e-01	   4.6188295e+00	   1.1542317e+02	   8.7387645e-03	   1.5787509e-12	
   9.3000000e-01	   4.6092909e+00	   1.1541327e+02	   8.6551714e-03	   1.5752872e-12	
   9.4000000e-01	   4.6000209e+00	   1.1540375e+02	   8.5725374e-03	   1.5719284e-12	
   9.5000000e-01	   4.5910400e+00	   1.1539463e+02	   8.4908258e-03	   1.5686811e-12	
   9.6000000e-01	   4.5823146e+00	   1.1538588e+02	   8.4100107e-03	   1.5655326e-12	
   9.7000000e-01	   4.5740717e+00	   1.1537781e+02	   8.3300777e-03	   1.5625641e-12	
   9.8000000e-01	   4.5659525e+00	   1.1536992e+02	   8.2510231e-03	   1.5596456e-12	
   9.9000000e-01	   4.5572961e+00	   1.1536127e+02	   8.1728541e-03	   1.5565400e-12	
   1.0000000e+00	   4.5482598e+00	   1.1535208e+02	   8.0955877e-03	   1.5533046e-12	
