   0.0000000e+00	   0.0000000e+00	   0.0000000e+00	   1.0494312e-01	   5.4504287e-13	
   1.0000000e-02	   1.6201192e-03	   8.3369684e+01	   8.8456638e-02	   5.4524623e-13	
   2.0000000e-02	  -7.8786505e-03	   7.6315177e+01	   7.7158877e-02	   5.4405499e-13	
   3.0000000e-02	  -1.2627451e-02	   7.9323370e+01	   6.8859543e-02	   5.4346041e-13	
   4.0000000e-02	  -2.0792203e-02	   7.2252443e+01	   6.2395277e-02	   5.4243967e-13	
   5.0000000e-02	  -2.5599418e-02	   7.9875000e+01	   5.7263884e-02	   5.4183957e-13	
   6.0000000e-02	  -3.3920764e-02	   7.7377089e+01	   5.3080001e-02	   5.4080237e-13	
   7.0000000e-02	  -3.9630086e-02	   8.0933335e+01	   4.9544675e-02	   5.4009188e-13	
   8.0000000e-02	  -4.7482975e-02	   8.0711699e+01	   4.6493515e-02	   5.3911617e-13	
   9.0000000e-02	  -5.6270570e-02	   7.9132167e+01	   4.3844159e-02	   5.3802642e-13	
   1.0000000e-01	  -6.3279996e-02	   8.0785525e+01	   4.1536390e-02	   5.3715876e-13	
   1.1000000e-01	  -7.2984250e-02	   7.7592587e+01	   3.9510630e-02	   5.3595982e-13	
   1.2000000e-01	  -7.9466568e-02	   8.0863155e+01	   3.7711413e-02	   5.3516044e-13	
   1.3000000e-01	  -8.8914386e-02	   7.8712938e+01	   3.6092767e-02	   5.3399750e-13	
   1.4000000e-01	  -9.6660776e-02	   7.9713460e+01	   3.4619080e-02	   5.3304587e-13	
   1.5000000e-01	  -1.0506777e-01	   7.9480839e+01	   3.3263979e-02	   5.3201501e-13	
   1.6000000e-01	  -1.1349632e-01	   7.9246577e+01	   3.2009091e-02	   5.3098350e-13	
   1.7000000e-01	  -1.2161650e-01	   7.9644095e+01	   3.0842765e-02	   5.2999163e-13	
   1.8000000e-01	  -1.3029741e-01	   7.9015551e+01	   2.9758264e-02	   5.2893331e-13	
   1.9000000e-01	  -1.3860840e-01	   7.9152688e+01	   2.8751426e-02	   5.2792207e-13	
   2.0000000e-01	  -1.4713566e-01	   7.8892132e+01	   2.7818429e-02	   5.2688653e-13	
   2.1000000e-01	  -1.5533304e-01	   7.9346046e+01	   2.6954462e-02	   5.2589296e-13	
   2.2000000e-01	  -1.6394294e-01	   7.9016419e+01	   2.6153508e-02	   5.2485141e-13	
   2.3000000e-01	  -1.7254997e-01	   7.8709511e+01	   2.5408888e-02	   5.2381226e-13	
   2.4000000e-01	  -1.8079360e-01	   7.9199619e+01	   2.4713961e-02	   5.2281892e-13	
   2.5000000e-01	  -1.8949394e-01	   7.8775026e+01	   2.4062645e-02	   5.2177260e-13	
   2.6000000e-01	  -1.9804009e-01	   7.8689817e+01	   2.3449657e-02	   5.2074685e-13	
   2.7000000e-01	  -2.0638721e-01	   7.9049582e+01	   2.2870540e-02	   5.1974694e-13	
   2.8000000e-01	  -2.1513333e-01	   7.8583991e+01	   2.2321589e-02	   5.1870129e-13	
   2.9000000e-01	  -2.2361689e-01	   7.8699639e+01	   2.1799731e-02	   5.1768904e-13	
   3.0000000e-01	  -2.3212248e-01	   7.8780389e+01	   2.1302421e-02	   5.1667615e-13	
   3.1000000e-01	  -2.4073763e-01	   7.8637951e+01	   2.0827541e-02	   5.1565222e-13	
   3.2000000e-01	  -2.4932877e-01	   7.8558749e+01	   2.0373327e-02	   5.1463318e-13	
   3.3000000e-01	  -2.5786607e-01	   7.8611296e+01	   1.9938304e-02	   5.1362251e-13	
   3.4000000e-01	  -2.6643044e-01	   7.8614959e+01	   1.9521219e-02	   5.1261064e-13	
   3.5000000e-01	  -2.7506958e-01	   7.8462382e+01	   1.9120992e-02	   5.1159195e-13	
   3.6000000e-01	  -2.8361822e-01	   7.8523776e+01	   1.8736662e-02	   5.1058592e-13	
   3.7000000e-01	  -2.9218017e-01	   7.8564825e+01	   1.8367356e-02	   5.0958031e-13	
   3.8000000e-01	  -3.0083870e-01	   7.8398749e+01	   1.8012250e-02	   5.0856538e-13	
   3.9000000e-01	  -3.0944174e-01	   7.8366871e+01	   1.7670562e-02	   5.0755894e-13	
   4.0000000e-01	  -3.1795379e-01	   7.8549791e+01	   1.7341533e-02	   5.0656512e-13	
   4.1000000e-01	  -3.2660978e-01	   7.8416766e+01	   1.7024431e-02	   5.0555648e-13	
   4.2000000e-01	  -3.3530137e-01	   7.8203732e+01	   1.6718545e-02	   5.0454572e-13	
   4.3000000e-01	  -3.4379578e-01	   7.8454820e+01	   1.6423195e-02	   5.0355983e-13	
   4.4000000e-01	  -3.5243168e-01	   7.8386247e+01	   1.6137728e-02	   5.0255950e-13	
   4.5000000e-01	  -3.6111876e-01	   7.8202948e+01	   1.5861526e-02	   5.0155525e-13	
   4.6000000e-01	  -3.6969478e-01	   7.8283837e+01	   1.5594004e-02	   5.0056581e-13	
   4.7000000e-01	  -3.7827487e-01	   7.8358718e+01	   1.5334620e-02	   4.9957785e-13	
   4.8000000e-01	  -3.8697270e-01	   7.8165873e+01	   1.5082878e-02	   4.9857832e-13	
   4.9000000e-01	  -3.9558863e-01	   7.8168738e+01	   1.4838326e-02	   4.9759018e-13	
   5.0000000e-01	  -4.0414515e-01	   7.8314579e+01	   1.4600571e-02	   4.9661078e-13	
   5.1000000e-01	  -4.1283445e-01	   7.8156331e+01	   1.4369271e-02	   4.9561816e-13	
   5.2000000e-01	  -4.2148480e-01	   7.8092042e+01	   1.4144143e-02	   4.9463197e-13	
   5.3000000e-01	  -4.3008398e-01	   7.8154027e+01	   1.3924960e-02	   4.9365355e-13	
   5.4000000e-01	  -4.3870921e-01	   7.8158202e+01	   1.3711544e-02	   4.9267411e-13	
   5.5000000e-01	  -4.4736518e-01	   7.8093612e+01	   1.3503763e-02	   4.9169313e-13	
   5.6000000e-01	  -4.5601626e-01	   7.8043804e+01	   1.3301517e-02	   4.9071466e-13	
   5.7000000e-01	  -4.6464901e-01	   7.8041385e+01	   1.3104732e-02	   4.8974020e-13	
   5.8000000e-01	  -4.7326208e-01	   7.8089249e+01	   1.2913345e-02	   4.8876990e-13	
   5.9000000e-01	  -4.8190820e-01	   7.8061582e+01	   1.2727299e-02	   4.8779780e-13	
   6.0000000e-01	  -4.9057873e-01	   7.7978335e+01	   1.2546528e-02	   4.8682490e-13	
   6.1000000e-01	  -4.9921911e-01	   7.7970786e+01	   1.2370958e-02	   4.8585732e-13	
   6.2000000e-01	  -5.0782782e-01	   7.8042501e+01	   1.2200496e-02	   4.8489519e-13	
   6.3000000e-01	  -5.1648224e-01	   7.8008034e+01	   1.2035038e-02	   4.8392988e-13	
   6.4000000e-01	  -5.2517516e-01	   7.7883262e+01	   1.1874460e-02	   4.8296220e-13	
   6.5000000e-01	  -5.3379068e-01	   7.7949741e+01	   1.1718627e-02	   4.8200505e-13	
   6.6000000e-01	  -5.4242177e-01	   7.7981083e+01	   1.1567394e-02	   4.8104808e-13	
   6.7000000e-01	  -5.5110872e-01	   7.7880840e+01	   1.1420608e-02	   4.8008682e-13	
   6.8000000e-01	  -5.5976880e-01	   7.7848252e+01	   1.1278108e-02	   4.7913046e-13	
   6.9000000e-01	  -5.6839186e-01	   7.7908862e+01	   1.1139732e-02	   4.7818007e-13	
   7.0000000e-01	  -5.7703756e-01	   7.7916794e+01	   1.1005318e-02	   4.7722908e-13	
   7.1000000e-01	  -5.8574118e-01	   7.7785950e+01	   1.0874701e-02	   4.7627364e-13	
   7.2000000e-01	  -5.9438678e-01	   7.7799321e+01	   1.0747716e-02	   4.7532645e-13	
   7.3000000e-01	  -6.0299962e-01	   7.7894222e+01	   1.0624201e-02	   4.7438473e-13	
   7.4000000e-01	  -6.1168141e-01	   7.7823483e+01	   1.0503993e-02	   4.7343735e-13	
   7.5000000e-01	  -6.2036908e-01	   7.7739124e+01	   1.0386933e-02	   4.7249123e-13	
   7.6000000e-01	  -6.2901701e-01	   7.7754592e+01	   1.0272862e-02	   4.7155131e-13	
   7.7000000e-01	  -6.3764301e-01	   7.7825221e+01	   1.0161623e-02	   4.7061564e-13	
   7.8000000e-01	  -6.4631885e-01	   7.7775845e+01	   1.0053063e-02	   4.6967644e-13	
   7.9000000e-01	  -6.5502039e-01	   7.7663915e+01	   9.9470309e-03	   4.6873634e-13	
   8.0000000e-01	  -6.6365678e-01	   7.7715535e+01	   9.8433805e-03	   4.6780513e-13	
   8.1000000e-01	  -6.7229811e-01	   7.7756035e+01	   9.7419688e-03	   4.6687525e-13	
   8.2000000e-01	  -6.8098423e-01	   7.7688143e+01	   9.6426574e-03	   4.6594240e-13	
   8.3000000e-01	  -6.8966523e-01	   7.7633985e+01	   9.5453131e-03	   4.6501197e-13	
   8.4000000e-01	  -6.9831874e-01	   7.7650002e+01	   9.4498079e-03	   4.6408634e-13	
   8.5000000e-01	  -7.0696458e-01	   7.7686280e+01	   9.3560199e-03	   4.6316337e-13	
   8.6000000e-01	  -7.1565052e-01	   7.7624515e+01	   9.2638332e-03	   4.6223796e-13	
   8.7000000e-01	  -7.2433091e-01	   7.7577228e+01	   9.1731388e-03	   4.6131499e-13	
   8.8000000e-01	  -7.3297519e-01	   7.7621346e+01	   9.0838349e-03	   4.6039770e-13	
   8.9000000e-01	  -7.4163892e-01	   7.7617527e+01	   8.9958270e-03	   4.5948016e-13	
   9.0000000e-01	  -7.5032086e-01	   7.7568872e+01	   8.9090293e-03	   4.5856254e-13	
   9.1000000e-01	  -7.5899287e-01	   7.7545385e+01	   8.8233645e-03	   4.5764779e-13	
   9.2000000e-01	  -7.6764270e-01	   7.7577766e+01	   8.7387645e-03	   4.5673720e-13	
   9.3000000e-01	  -7.7630235e-01	   7.7585683e+01	   8.6551714e-03	   4.5582740e-13	
   9.4000000e-01	  -7.8499260e-01	   7.7517404e+01	   8.5725374e-03	   4.5491620e-13	
   9.5000000e-01	  -7.9365820e-01	   7.7510951e+01	   8.4908258e-03	   4.5400939e-13	
   9.6000000e-01	  -8.0230579e-01	   7.7549776e+01	   8.4100107e-03	   4.5310628e-13	
   9.7000000e-01	  -8.1097598e-01	   7.7532443e+01	   8.3300777e-03	   4.5220261e-13	
   9.8000000e-01	  -8.1965740e-01	   7.7487447e+01	   8.2510231e-03	   4.5129957e-13	
   9.9000000e-01	  -8.2832885e-01	   7.7467942e+01	   8.1728541e-03	   4.5039937e-13	
   1.0000000e+00	  -8.3698093e-01	   7.7497821e+01	   8.0955877e-03	   4.4950297e-13	
