   0.0000000e+00	   0.0000000e+00	   0.0000000e+00	   1.0494312e-01	   5.4504287e-13	
   1.0000000e-02	   1.7754078e-03	   8.3195442e+01	   8.8456638e-02	   5.4526573e-13	
   2.0000000e-02	   1.8353387e-02	   9.0209606e+01	   7.7158877e-02	   5.4735110e-13	
   3.0000000e-02	   3.5710934e-02	   9.2916383e+01	   6.8859543e-02	   5.4954309e-13	
   4.0000000e-02	   6.3075419e-02	   9.5171815e+01	   6.2395277e-02	   5.5301664e-13	
   5.0000000e-02	   9.2056463e-02	   9.6737120e+01	   5.7263884e-02	   5.5671934e-13	
   6.0000000e-02	   1.1238179e-01	   9.7653139e+01	   5.3080001e-02	   5.5933093e-13	
   7.0000000e-02	   1.5615420e-01	   9.8978684e+01	   4.9544675e-02	   5.6499692e-13	
   8.0000000e-02	   1.8771262e-01	   9.9786645e+01	   4.6493515e-02	   5.6911748e-13	
   9.0000000e-02	   1.8287311e-01	   9.9853050e+01	   4.3844159e-02	   5.6848364e-13	
   1.0000000e-01	   1.7777709e-01	   9.9916814e+01	   4.1536390e-02	   5.6781697e-13	
   1.1000000e-01	   1.9106151e-01	   1.0029417e+02	   3.9510630e-02	   5.6955650e-13	
   1.2000000e-01	   2.1250994e-01	   1.0076107e+02	   3.7711413e-02	   5.7237631e-13	
   1.3000000e-01	   2.3606434e-01	   1.0120669e+02	   3.6092767e-02	   5.7548909e-13	
   1.4000000e-01	   2.7254108e-01	   1.0176586e+02	   3.4619080e-02	   5.8034302e-13	
   1.5000000e-01	   3.4319910e-01	   1.0261938e+02	   3.3263979e-02	   5.8986221e-13	
   1.6000000e-01	   4.7066995e-01	   1.0381198e+02	   3.2009091e-02	   6.0743198e-13	
   1.7000000e-01	   6.7849666e-01	   1.0527046e+02	   3.0842765e-02	   6.3720669e-13	
   1.8000000e-01	   9.9204720e-01	   1.0689109e+02	   2.9758264e-02	   6.8491295e-13	
   1.9000000e-01	   1.4279566e+00	   1.0856211e+02	   2.8751426e-02	   7.5722741e-13	
   2.0000000e-01	   1.9836603e+00	   1.1019015e+02	   2.7818429e-02	   8.6059078e-13	
   2.1000000e-01	   2.6397288e+00	   1.1172328e+02	   2.6954462e-02	   1.0009296e-12	
   2.2000000e-01	   3.3610756e+00	   1.1313026e+02	   2.6153508e-02	   1.1817843e-12	
   2.3000000e-01	   4.0830764e+00	   1.1435793e+02	   2.5408888e-02	   1.3955272e-12	
   2.4000000e-01	   4.7137530e+00	   1.1533112e+02	   2.4713961e-02	   1.6136374e-12	
   2.5000000e-01	   5.1788596e+00	   1.1600549e+02	   2.4062645e-02	   1.7960425e-12	
   2.6000000e-01	   5.4623981e+00	   1.1640265e+02	   2.3449657e-02	   1.9172135e-12	
   2.7000000e-01	   5.5959551e+00	   1.1658757e+02	   2.2870540e-02	   1.9770888e-12	
   2.8000000e-01	   5.6224220e+00	   1.1662596e+02	   2.2321589e-02	   1.9891744e-12	
   2.9000000e-01	   5.5800823e+00	   1.1657094e+02	   2.1799731e-02	   1.9698760e-12	
   3.0000000e-01	   5.5084033e+00	   1.1647548e+02	   2.1302421e-02	   1.9376306e-12	
   3.1000000e-01	   5.4507957e+00	   1.1639849e+02	   2.0827541e-02	   1.9120984e-12	
   3.2000000e-01	   5.4405988e+00	   1.1638607e+02	   2.0373327e-02	   1.9076142e-12	
   3.3000000e-01	   5.4780675e+00	   1.1643880e+02	   1.9938304e-02	   1.9241433e-12	
   3.4000000e-01	   5.5329710e+00	   1.1651507e+02	   1.9521219e-02	   1.9486227e-12	
   3.5000000e-01	   5.5795020e+00	   1.1657975e+02	   1.9120992e-02	   1.9696128e-12	
   3.6000000e-01	   5.6150066e+00	   1.1662954e+02	   1.8736662e-02	   1.9857808e-12	
   3.7000000e-01	   5.6416943e+00	   1.1666763e+02	   1.8367356e-02	   1.9980212e-12	
   3.8000000e-01	   5.6509316e+00	   1.1668246e+02	   1.8012250e-02	   2.0022755e-12	
   3.9000000e-01	   5.6380141e+00	   1.1666772e+02	   1.7670562e-02	   1.9963288e-12	
   4.0000000e-01	   5.6165696e+00	   1.1664165e+02	   1.7341533e-02	   1.9864956e-12	
   4.1000000e-01	   5.6027260e+00	   1.1662588e+02	   1.7024431e-02	   1.9801736e-12	
   4.2000000e-01	   5.5978261e+00	   1.1662219e+02	   1.6718545e-02	   1.9779407e-12	
   4.3000000e-01	   5.5960325e+00	   1.1662268e+02	   1.6423195e-02	   1.9771240e-12	
   4.4000000e-01	   5.5927413e+00	   1.1662115e+02	   1.6137728e-02	   1.9756262e-12	
   4.5000000e-01	   5.5839517e+00	   1.1661222e+02	   1.5861526e-02	   1.9716319e-12	
   4.6000000e-01	   5.5701838e+00	   1.1659659e+02	   1.5594004e-02	   1.9653914e-12	
   4.7000000e-01	   5.5565599e+00	   1.1658115e+02	   1.5334620e-02	   1.9592355e-12	
   4.8000000e-01	   5.5455612e+00	   1.1656927e+02	   1.5082878e-02	   1.9542800e-12	
   4.9000000e-01	   5.5362316e+00	   1.1655965e+02	   1.4838326e-02	   1.9500863e-12	
   5.0000000e-01	   5.5280346e+00	   1.1655158e+02	   1.4600571e-02	   1.9464091e-12	
   5.1000000e-01	   5.5214409e+00	   1.1654569e+02	   1.4369271e-02	   1.9434562e-12	
   5.2000000e-01	   5.5164874e+00	   1.1654201e+02	   1.4144143e-02	   1.9412407e-12	
   5.3000000e-01	   5.5109214e+00	   1.1653752e+02	   1.3924960e-02	   1.9387544e-12	
   5.4000000e-01	   5.5014415e+00	   1.1652774e+02	   1.3711544e-02	   1.9345270e-12	
   5.5000000e-01	   5.4881286e+00	   1.1651279e+02	   1.3503763e-02	   1.9286060e-12	
   5.6000000e-01	   5.4742364e+00	   1.1649705e+02	   1.3301517e-02	   1.9224467e-12	
   5.7000000e-01	   5.4617572e+00	   1.1648321e+02	   1.3104732e-02	   1.9169305e-12	
   5.8000000e-01	   5.4506646e+00	   1.1647125e+02	   1.2913345e-02	   1.9120406e-12	
   5.9000000e-01	   5.4405951e+00	   1.1646066e+02	   1.2727299e-02	   1.9076126e-12	
   6.0000000e-01	   5.4307039e+00	   1.1645033e+02	   1.2546528e-02	   1.9032728e-12	
   6.1000000e-01	   5.4203360e+00	   1.1643935e+02	   1.2370958e-02	   1.8987346e-12	
   6.2000000e-01	   5.4105268e+00	   1.1642913e+02	   1.2200496e-02	   1.8944508e-12	
   6.3000000e-01	   5.4024606e+00	   1.1642126e+02	   1.2035038e-02	   1.8909355e-12	
   6.4000000e-01	   5.3957237e+00	   1.1641518e+02	   1.1874460e-02	   1.8880045e-12	
   6.5000000e-01	   5.3896003e+00	   1.1640993e+02	   1.1718627e-02	   1.8853444e-12	
   6.6000000e-01	   5.3835882e+00	   1.1640483e+02	   1.1567394e-02	   1.8827362e-12	
   6.7000000e-01	   5.3763503e+00	   1.1639808e+02	   1.1420608e-02	   1.8796011e-12	
   6.8000000e-01	   5.3666813e+00	   1.1638805e+02	   1.1278108e-02	   1.8754211e-12	
   6.9000000e-01	   5.3553239e+00	   1.1637575e+02	   1.1139732e-02	   1.8705230e-12	
   7.0000000e-01	   5.3443258e+00	   1.1636393e+02	   1.1005318e-02	   1.8657920e-12	
   7.1000000e-01	   5.3348129e+00	   1.1635411e+02	   1.0874701e-02	   1.8617096e-12	
   7.2000000e-01	   5.3265870e+00	   1.1634603e+02	   1.0747716e-02	   1.8581868e-12	
   7.3000000e-01	   5.3194846e+00	   1.1633946e+02	   1.0624201e-02	   1.8551504e-12	
   7.4000000e-01	   5.3129953e+00	   1.1633372e+02	   1.0503993e-02	   1.8523804e-12	
   7.5000000e-01	   5.3053230e+00	   1.1632639e+02	   1.0386933e-02	   1.8491109e-12	
   7.6000000e-01	   5.2954949e+00	   1.1631615e+02	   1.0272862e-02	   1.8449311e-12	
   7.7000000e-01	   5.2850229e+00	   1.1630504e+02	   1.0161623e-02	   1.8404878e-12	
   7.8000000e-01	   5.2755706e+00	   1.1629531e+02	   1.0053063e-02	   1.8364864e-12	
   7.9000000e-01	   5.2671525e+00	   1.1628698e+02	   9.9470309e-03	   1.8329301e-12	
   8.0000000e-01	   5.2593366e+00	   1.1627946e+02	   9.8433805e-03	   1.8296344e-12	
   8.1000000e-01	   5.2516112e+00	   1.1627206e+02	   9.7419688e-03	   1.8263827e-12	
   8.2000000e-01	   5.2428931e+00	   1.1626333e+02	   9.6426574e-03	   1.8227201e-12	
   8.3000000e-01	   5.2329578e+00	   1.1625295e+02	   9.5453131e-03	   1.8185550e-12	
   8.4000000e-01	   5.2231866e+00	   1.1624279e+02	   9.4498079e-03	   1.8144680e-12	
   8.5000000e-01	   5.2145540e+00	   1.1623417e+02	   9.3560199e-03	   1.8108649e-12	
   8.6000000e-01	   5.2066487e+00	   1.1622653e+02	   9.2638332e-03	   1.8075717e-12	
   8.7000000e-01	   5.1989812e+00	   1.1621921e+02	   9.1731388e-03	   1.8043832e-12	
   8.8000000e-01	   5.1913030e+00	   1.1621187e+02	   9.0838349e-03	   1.8011960e-12	
   8.9000000e-01	   5.1829383e+00	   1.1620361e+02	   8.9958270e-03	   1.7977301e-12	
   9.0000000e-01	   5.1734193e+00	   1.1619379e+02	   8.9090293e-03	   1.7937941e-12	
   9.1000000e-01	   5.1634253e+00	   1.1618333e+02	   8.8233645e-03	   1.7896710e-12	
   9.2000000e-01	   5.1540229e+00	   1.1617366e+02	   8.7387645e-03	   1.7858005e-12	
   9.3000000e-01	   5.1454032e+00	   1.1616506e+02	   8.6551714e-03	   1.7822597e-12	
   9.4000000e-01	   5.1371809e+00	   1.1615699e+02	   8.5725374e-03	   1.7788886e-12	
   9.5000000e-01	   5.1291711e+00	   1.1614920e+02	   8.4908258e-03	   1.7756108e-12	
   9.6000000e-01	   5.1210344e+00	   1.1614125e+02	   8.4100107e-03	   1.7722872e-12	
   9.7000000e-01	   5.1122503e+00	   1.1613243e+02	   8.3300777e-03	   1.7687062e-12	
   9.8000000e-01	   5.1030472e+00	   1.1612304e+02	   8.2510231e-03	   1.7649621e-12	
   9.9000000e-01	   5.0941614e+00	   1.1611408e+02	   8.1728541e-03	   1.7613546e-12	
   1.0000000e+00	   5.0857029e+00	   1.1610570e+02	   8.0955877e-03	   1.7579274e-12	
