   0.0000000e+00	   0.0000000e+00	   0.0000000e+00	   1.0494312e-01	   5.4504287e-13	
   1.0000000e-02	   1.5057017e-03	   8.3307293e+01	   8.8456638e-02	   5.4523187e-13	
   2.0000000e-02	  -8.0406013e-03	   7.5728608e+01	   7.7158877e-02	   5.4403470e-13	
   3.0000000e-02	  -1.2714196e-02	   7.9221007e+01	   6.8859543e-02	   5.4344956e-13	
   4.0000000e-02	  -2.0815355e-02	   7.2359328e+01	   6.2395277e-02	   5.4243677e-13	
   5.0000000e-02	  -2.5593876e-02	   7.9967622e+01	   5.7263884e-02	   5.4184026e-13	
   6.0000000e-02	  -3.4313098e-02	   7.6147059e+01	   5.3080001e-02	   5.4075351e-13	
   7.0000000e-02	  -3.9668653e-02	   8.0960857e+01	   4.9544675e-02	   5.4008709e-13	
   8.0000000e-02	  -4.7962975e-02	   8.0064104e+01	   4.6493515e-02	   5.3905659e-13	
   9.0000000e-02	  -5.5906737e-02	   7.9926660e+01	   4.3844159e-02	   5.3807150e-13	
   1.0000000e-01	  -6.3637300e-02	   8.0353460e+01	   4.1536390e-02	   5.3711457e-13	
   1.1000000e-01	  -7.2995151e-02	   7.7729899e+01	   3.9510630e-02	   5.3595848e-13	
   1.2000000e-01	  -7.9541891e-02	   8.0850942e+01	   3.7711413e-02	   5.3515116e-13	
   1.3000000e-01	  -8.9088629e-02	   7.8450298e+01	   3.6092767e-02	   5.3397607e-13	
   1.4000000e-01	  -9.6690217e-02	   7.9773949e+01	   3.4619080e-02	   5.3304226e-13	
   1.5000000e-01	  -1.0525298e-01	   7.9244840e+01	   3.3263979e-02	   5.3199232e-13	
   1.6000000e-01	  -1.1348463e-01	   7.9391904e+01	   3.2009091e-02	   5.3098493e-13	
   1.7000000e-01	  -1.2176833e-01	   7.9482967e+01	   3.0842765e-02	   5.2997310e-13	
   1.8000000e-01	  -1.3043570e-01	   7.8856519e+01	   2.9758264e-02	   5.2891647e-13	
   1.9000000e-01	  -1.3867478e-01	   7.9148174e+01	   2.8751426e-02	   5.2791400e-13	
   2.0000000e-01	  -1.4720465e-01	   7.8881920e+01	   2.7818429e-02	   5.2687816e-13	
   2.1000000e-01	  -1.5541000e-01	   7.9324666e+01	   2.6954462e-02	   5.2588364e-13	
   2.2000000e-01	  -1.6416699e-01	   7.8676437e+01	   2.6153508e-02	   5.2482433e-13	
   2.3000000e-01	  -1.7252429e-01	   7.8906839e+01	   2.5408888e-02	   5.2381536e-13	
   2.4000000e-01	  -1.8090732e-01	   7.9106630e+01	   2.4713961e-02	   5.2280523e-13	
   2.5000000e-01	  -1.8968373e-01	   7.8498992e+01	   2.4062645e-02	   5.2174979e-13	
   2.6000000e-01	  -1.9800036e-01	   7.8918756e+01	   2.3449657e-02	   5.2075161e-13	
   2.7000000e-01	  -2.0657878e-01	   7.8790687e+01	   2.2870540e-02	   5.1972401e-13	
   2.8000000e-01	  -2.1523492e-01	   7.8505316e+01	   2.2321589e-02	   5.1868916e-13	
   2.9000000e-01	  -2.2365051e-01	   7.8773121e+01	   2.1799731e-02	   5.1768503e-13	
   3.0000000e-01	  -2.3224902e-01	   7.8652443e+01	   2.1302421e-02	   5.1666109e-13	
   3.1000000e-01	  -2.4085863e-01	   7.8518327e+01	   2.0827541e-02	   5.1563786e-13	
   3.2000000e-01	  -2.4940338e-01	   7.8543180e+01	   2.0373327e-02	   5.1462434e-13	
   3.3000000e-01	  -2.5794385e-01	   7.8589475e+01	   1.9938304e-02	   5.1361332e-13	
   3.4000000e-01	  -2.6656380e-01	   7.8468224e+01	   1.9521219e-02	   5.1259490e-13	
   3.5000000e-01	  -2.7515097e-01	   7.8431689e+01	   1.9120992e-02	   5.1158236e-13	
   3.6000000e-01	  -2.8368519e-01	   7.8526796e+01	   1.8736662e-02	   5.1057805e-13	
   3.7000000e-01	  -2.9232313e-01	   7.8396169e+01	   1.8367356e-02	   5.0956354e-13	
   3.8000000e-01	  -3.0094128e-01	   7.8319363e+01	   1.8012250e-02	   5.0855336e-13	
   3.9000000e-01	  -3.0947095e-01	   7.8457287e+01	   1.7670562e-02	   5.0755553e-13	
   4.0000000e-01	  -3.1807750e-01	   7.8426994e+01	   1.7341533e-02	   5.0655069e-13	
   4.1000000e-01	  -3.2678783e-01	   7.8160438e+01	   1.7024431e-02	   5.0553575e-13	
   4.2000000e-01	  -3.3529822e-01	   7.8372603e+01	   1.6718545e-02	   5.0454608e-13	
   4.3000000e-01	  -3.4389431e-01	   7.8388580e+01	   1.6423195e-02	   5.0354841e-13	
   4.4000000e-01	  -3.5259929e-01	   7.8155608e+01	   1.6137728e-02	   5.0254011e-13	
   4.5000000e-01	  -3.6117678e-01	   7.8229284e+01	   1.5861526e-02	   5.0154855e-13	
   4.6000000e-01	  -3.6975099e-01	   7.8314426e+01	   1.5594004e-02	   5.0055933e-13	
   4.7000000e-01	  -3.7843528e-01	   7.8146064e+01	   1.5334620e-02	   4.9955940e-13	
   4.8000000e-01	  -3.8706405e-01	   7.8113299e+01	   1.5082878e-02	   4.9856783e-13	
   4.9000000e-01	  -3.9561207e-01	   7.8277287e+01	   1.4838326e-02	   4.9758749e-13	
   5.0000000e-01	  -4.0430390e-01	   7.8106022e+01	   1.4600571e-02	   4.9659263e-13	
   5.1000000e-01	  -4.1294942e-01	   7.8048011e+01	   1.4369271e-02	   4.9560504e-13	
   5.2000000e-01	  -4.2153526e-01	   7.8138868e+01	   1.4144143e-02	   4.9462622e-13	
   5.3000000e-01	  -4.3017064e-01	   7.8115029e+01	   1.3924960e-02	   4.9364370e-13	
   5.4000000e-01	  -4.3883519e-01	   7.8024914e+01	   1.3711544e-02	   4.9265982e-13	
   5.5000000e-01	  -4.4747336e-01	   7.8002210e+01	   1.3503763e-02	   4.9168088e-13	
   5.6000000e-01	  -4.5609296e-01	   7.8028491e+01	   1.3301517e-02	   4.9070599e-13	
   5.7000000e-01	  -4.6471971e-01	   7.8040735e+01	   1.3104732e-02	   4.8973223e-13	
   5.8000000e-01	  -4.7337603e-01	   7.7984691e+01	   1.2913345e-02	   4.8875707e-13	
   5.9000000e-01	  -4.8203384e-01	   7.7927825e+01	   1.2727299e-02	   4.8778369e-13	
   6.0000000e-01	  -4.9065699e-01	   7.7959301e+01	   1.2546528e-02	   4.8681613e-13	
   6.1000000e-01	  -4.9927621e-01	   7.8003229e+01	   1.2370958e-02	   4.8585093e-13	
   6.2000000e-01	  -5.0794830e-01	   7.7921942e+01	   1.2200496e-02	   4.8488174e-13	
   6.3000000e-01	  -5.1661926e-01	   7.7845708e+01	   1.2035038e-02	   4.8391461e-13	
   6.4000000e-01	  -5.2521987e-01	   7.7946451e+01	   1.1874460e-02	   4.8295723e-13	
   6.5000000e-01	  -5.3387660e-01	   7.7912676e+01	   1.1718627e-02	   4.8199552e-13	
   6.6000000e-01	  -5.4256159e-01	   7.7812114e+01	   1.1567394e-02	   4.8103259e-13	
   6.7000000e-01	  -5.5119618e-01	   7.7839557e+01	   1.1420608e-02	   4.8007716e-13	
   6.8000000e-01	  -5.5982468e-01	   7.7884666e+01	   1.1278108e-02	   4.7912429e-13	
   6.9000000e-01	  -5.6850010e-01	   7.7817124e+01	   1.1139732e-02	   4.7816815e-13	
   7.0000000e-01	  -5.7718334e-01	   7.7731794e+01	   1.1005318e-02	   4.7721306e-13	
   7.1000000e-01	  -5.8579432e-01	   7.7829379e+01	   1.0874701e-02	   4.7626781e-13	
   7.2000000e-01	  -5.9444451e-01	   7.7831372e+01	   1.0747716e-02	   4.7532013e-13	
   7.3000000e-01	  -6.0314490e-01	   7.7710637e+01	   1.0624201e-02	   4.7436886e-13	
   7.4000000e-01	  -6.1179631e-01	   7.7713956e+01	   1.0503993e-02	   4.7342483e-13	
   7.5000000e-01	  -6.2042452e-01	   7.7776927e+01	   1.0386933e-02	   4.7248520e-13	
   7.6000000e-01	  -6.2908316e-01	   7.7765924e+01	   1.0272862e-02	   4.7154413e-13	
   7.7000000e-01	  -6.3778465e-01	   7.7649401e+01	   1.0161623e-02	   4.7060029e-13	
   7.8000000e-01	  -6.4643720e-01	   7.7657554e+01	   1.0053063e-02	   4.6966364e-13	
   7.9000000e-01	  -6.5506065e-01	   7.7740162e+01	   9.9470309e-03	   4.6873199e-13	
   8.0000000e-01	  -6.6374687e-01	   7.7667876e+01	   9.8433805e-03	   4.6779543e-13	
   8.1000000e-01	  -6.7243212e-01	   7.7599047e+01	   9.7419688e-03	   4.6686084e-13	
   8.2000000e-01	  -6.8108218e-01	   7.7621097e+01	   9.6426574e-03	   4.6593190e-13	
   8.3000000e-01	  -6.8972870e-01	   7.7653517e+01	   9.5453131e-03	   4.6500518e-13	
   8.4000000e-01	  -6.9840778e-01	   7.7605642e+01	   9.4498079e-03	   4.6407682e-13	
   8.5000000e-01	  -7.0709443e-01	   7.7539555e+01	   9.3560199e-03	   4.6314952e-13	
   8.6000000e-01	  -7.1573795e-01	   7.7584493e+01	   9.2638332e-03	   4.6222865e-13	
   8.7000000e-01	  -7.2439729e-01	   7.7590181e+01	   9.1731388e-03	   4.6130794e-13	
   8.8000000e-01	  -7.3308374e-01	   7.7528082e+01	   9.0838349e-03	   4.6038619e-13	
   8.9000000e-01	  -7.4175102e-01	   7.7515295e+01	   8.9958270e-03	   4.5946830e-13	
   9.0000000e-01	  -7.5040307e-01	   7.7541821e+01	   8.9090293e-03	   4.5855386e-13	
   9.1000000e-01	  -7.5906582e-01	   7.7541476e+01	   8.8233645e-03	   4.5764011e-13	
   9.2000000e-01	  -7.6775322e-01	   7.7478764e+01	   8.7387645e-03	   4.5672558e-13	
   9.3000000e-01	  -7.7641642e-01	   7.7477918e+01	   8.6551714e-03	   4.5581542e-13	
   9.4000000e-01	  -7.8506193e-01	   7.7522152e+01	   8.5725374e-03	   4.5490893e-13	
   9.5000000e-01	  -7.9373943e-01	   7.7485431e+01	   8.4908258e-03	   4.5400090e-13	
   9.6000000e-01	  -8.0241955e-01	   7.7442162e+01	   8.4100107e-03	   4.5309441e-13	
   9.7000000e-01	  -8.1108089e-01	   7.7447272e+01	   8.3300777e-03	   4.5219168e-13	
   9.8000000e-01	  -8.1973471e-01	   7.7471986e+01	   8.2510231e-03	   4.5129154e-13	
   9.9000000e-01	  -8.2840890e-01	   7.7445642e+01	   8.1728541e-03	   4.5039107e-13	
   1.0000000e+00	  -8.3709430e-01	   7.7391297e+01	   8.0955877e-03	   4.4949124e-13	
