   0.0000000e+00	   0.0000000e+00	   0.0000000e+00	   1.0494312e-01	   5.4504287e-13	
   1.0000000e-02	   1.8399048e-03	   8.3268749e+01	   8.8456638e-02	   5.4527382e-13	
   2.0000000e-02	   1.8671010e-02	   9.0281214e+01	   7.7158877e-02	   5.4739114e-13	
   3.0000000e-02	   3.4543729e-02	   9.2832400e+01	   6.8859543e-02	   5.4939542e-13	
   4.0000000e-02	   6.1014590e-02	   9.5082033e+01	   6.2395277e-02	   5.5275429e-13	
   5.0000000e-02	   8.7323330e-02	   9.6578697e+01	   5.7263884e-02	   5.5611293e-13	
   6.0000000e-02	   1.0139778e-01	   9.7330886e+01	   5.3080001e-02	   5.5791808e-13	
   7.0000000e-02	   1.3700598e-01	   9.8549481e+01	   4.9544675e-02	   5.6251131e-13	
   8.0000000e-02	   1.6815330e-01	   9.9425428e+01	   4.6493515e-02	   5.6656010e-13	
   9.0000000e-02	   1.6359189e-01	   9.9503239e+01	   4.3844159e-02	   5.6596536e-13	
   1.0000000e-01	   1.5224082e-01	   9.9448326e+01	   4.1536390e-02	   5.6448804e-13	
   1.1000000e-01	   1.6047382e-01	   9.9773258e+01	   3.9510630e-02	   5.6555916e-13	
   1.2000000e-01	   1.8719017e-01	   1.0038300e+02	   3.7711413e-02	   5.6904902e-13	
   1.3000000e-01	   2.2729548e-01	   1.0110438e+02	   3.6092767e-02	   5.7432829e-13	
   1.4000000e-01	   2.8697750e-01	   1.0195532e+02	   3.4619080e-02	   5.8227536e-13	
   1.5000000e-01	   3.8226986e-01	   1.0301524e+02	   3.3263979e-02	   5.9519277e-13	
   1.6000000e-01	   5.3745813e-01	   1.0432886e+02	   3.2009091e-02	   6.1684560e-13	
   1.7000000e-01	   7.8715285e-01	   1.0589235e+02	   3.0842765e-02	   6.5335007e-13	
   1.8000000e-01	   1.1625732e+00	   1.0760849e+02	   2.9758264e-02	   7.1234107e-13	
   1.9000000e-01	   1.6667488e+00	   1.0932034e+02	   2.8751426e-02	   8.0002865e-13	
   2.0000000e-01	   2.2758467e+00	   1.1092307e+02	   2.7818429e-02	   9.2048207e-13	
   2.1000000e-01	   2.9628832e+00	   1.1239502e+02	   2.6954462e-02	   1.0782488e-12	
   2.2000000e-01	   3.6979231e+00	   1.1373615e+02	   2.6153508e-02	   1.2770943e-12	
   2.3000000e-01	   4.4182998e+00	   1.1490085e+02	   2.5408888e-02	   1.5075115e-12	
   2.4000000e-01	   5.0306631e+00	   1.1581049e+02	   2.4713961e-02	   1.7357891e-12	
   2.5000000e-01	   5.4652444e+00	   1.1642254e+02	   2.4062645e-02	   1.9184704e-12	
   2.6000000e-01	   5.7123117e+00	   1.1676096e+02	   2.3449657e-02	   2.0307751e-12	
   2.7000000e-01	   5.8051728e+00	   1.1688779e+02	   2.2870540e-02	   2.0746648e-12	
   2.8000000e-01	   5.7908187e+00	   1.1687089e+02	   2.2321589e-02	   2.0678190e-12	
   2.9000000e-01	   5.7211952e+00	   1.1677971e+02	   2.1799731e-02	   2.0349333e-12	
   3.0000000e-01	   5.6511314e+00	   1.1668721e+02	   2.1302421e-02	   2.0023675e-12	
   3.1000000e-01	   5.6258708e+00	   1.1665462e+02	   2.0827541e-02	   1.9907547e-12	
   3.2000000e-01	   5.6600853e+00	   1.1670213e+02	   2.0373327e-02	   2.0065001e-12	
   3.3000000e-01	   5.7293698e+00	   1.1679646e+02	   1.9938304e-02	   2.0387672e-12	
   3.4000000e-01	   5.7972719e+00	   1.1688844e+02	   1.9521219e-02	   2.0708939e-12	
   3.5000000e-01	   5.8489418e+00	   1.1695857e+02	   1.9120992e-02	   2.0956794e-12	
   3.6000000e-01	   5.8868339e+00	   1.1701048e+02	   1.8736662e-02	   2.1140442e-12	
   3.7000000e-01	   5.9071856e+00	   1.1703940e+02	   1.8367356e-02	   2.1239741e-12	
   3.8000000e-01	   5.9023803e+00	   1.1703536e+02	   1.8012250e-02	   2.1216253e-12	
   3.9000000e-01	   5.8805334e+00	   1.1700901e+02	   1.7670562e-02	   2.1109794e-12	
   4.0000000e-01	   5.8609966e+00	   1.1698580e+02	   1.7341533e-02	   2.1015045e-12	
   4.1000000e-01	   5.8519149e+00	   1.1697646e+02	   1.7024431e-02	   2.0971145e-12	
   4.2000000e-01	   5.8479793e+00	   1.1697395e+02	   1.6718545e-02	   2.0952150e-12	
   4.3000000e-01	   5.8421093e+00	   1.1696887e+02	   1.6423195e-02	   2.0923850e-12	
   4.4000000e-01	   5.8290656e+00	   1.1695431e+02	   1.6137728e-02	   2.0861101e-12	
   4.5000000e-01	   5.8090864e+00	   1.1693057e+02	   1.5861526e-02	   2.0765352e-12	
   4.6000000e-01	   5.7895188e+00	   1.1690738e+02	   1.5594004e-02	   2.0672002e-12	
   4.7000000e-01	   5.7758908e+00	   1.1689206e+02	   1.5334620e-02	   2.0607236e-12	
   4.8000000e-01	   5.7671065e+00	   1.1688318e+02	   1.5082878e-02	   2.0565596e-12	
   4.9000000e-01	   5.7605779e+00	   1.1687730e+02	   1.4838326e-02	   2.0534704e-12	
   5.0000000e-01	   5.7553308e+00	   1.1687314e+02	   1.4600571e-02	   2.0509909e-12	
   5.1000000e-01	   5.7503185e+00	   1.1686930e+02	   1.4369271e-02	   2.0486252e-12	
   5.2000000e-01	   5.7426848e+00	   1.1686199e+02	   1.4144143e-02	   2.0450274e-12	
   5.3000000e-01	   5.7297842e+00	   1.1684770e+02	   1.3924960e-02	   2.0389618e-12	
   5.4000000e-01	   5.7131779e+00	   1.1682849e+02	   1.3711544e-02	   2.0311802e-12	
   5.5000000e-01	   5.6972383e+00	   1.1681015e+02	   1.3503763e-02	   2.0237389e-12	
   5.6000000e-01	   5.6841658e+00	   1.1679560e+02	   1.3301517e-02	   2.0176566e-12	
   5.7000000e-01	   5.6734830e+00	   1.1678423e+02	   1.3104732e-02	   2.0126996e-12	
   5.8000000e-01	   5.6641754e+00	   1.1677469e+02	   1.2913345e-02	   2.0083907e-12	
   5.9000000e-01	   5.6552471e+00	   1.1676565e+02	   1.2727299e-02	   2.0042660e-12	
   6.0000000e-01	   5.6466098e+00	   1.1675701e+02	   1.2546528e-02	   2.0002839e-12	
   6.1000000e-01	   5.6394584e+00	   1.1675034e+02	   1.2370958e-02	   1.9969928e-12	
   6.2000000e-01	   5.6340945e+00	   1.1674605e+02	   1.2200496e-02	   1.9945279e-12	
   6.3000000e-01	   5.6291371e+00	   1.1674228e+02	   1.2035038e-02	   1.9922525e-12	
   6.4000000e-01	   5.6232718e+00	   1.1673732e+02	   1.1874460e-02	   1.9895637e-12	
   6.5000000e-01	   5.6155141e+00	   1.1672984e+02	   1.1718627e-02	   1.9860129e-12	
   6.6000000e-01	   5.6050224e+00	   1.1671874e+02	   1.1567394e-02	   1.9812209e-12	
   6.7000000e-01	   5.5926441e+00	   1.1670514e+02	   1.1420608e-02	   1.9755820e-12	
   6.8000000e-01	   5.5809580e+00	   1.1669246e+02	   1.1278108e-02	   1.9702733e-12	
   6.9000000e-01	   5.5717311e+00	   1.1668304e+02	   1.1139732e-02	   1.9660917e-12	
   7.0000000e-01	   5.5645463e+00	   1.1667633e+02	   1.1005318e-02	   1.9628418e-12	
   7.1000000e-01	   5.5581373e+00	   1.1667065e+02	   1.0874701e-02	   1.9599473e-12	
   7.2000000e-01	   5.5514880e+00	   1.1666465e+02	   1.0747716e-02	   1.9569488e-12	
   7.3000000e-01	   5.5433253e+00	   1.1665664e+02	   1.0624201e-02	   1.9532741e-12	
   7.4000000e-01	   5.5329585e+00	   1.1664571e+02	   1.0503993e-02	   1.9486171e-12	
   7.5000000e-01	   5.5219904e+00	   1.1663398e+02	   1.0386933e-02	   1.9437021e-12	
   7.6000000e-01	   5.5126353e+00	   1.1662440e+02	   1.0272862e-02	   1.9395197e-12	
   7.7000000e-01	   5.5049237e+00	   1.1661699e+02	   1.0161623e-02	   1.9360788e-12	
   7.8000000e-01	   5.4975238e+00	   1.1661001e+02	   1.0053063e-02	   1.9327828e-12	
   7.9000000e-01	   5.4894854e+00	   1.1660217e+02	   9.9470309e-03	   1.9292087e-12	
   8.0000000e-01	   5.4802013e+00	   1.1659269e+02	   9.8433805e-03	   1.9250889e-12	
   8.1000000e-01	   5.4699805e+00	   1.1658196e+02	   9.7419688e-03	   1.9205637e-12	
   8.2000000e-01	   5.4604912e+00	   1.1657220e+02	   9.6426574e-03	   1.9163718e-12	
   8.3000000e-01	   5.4527042e+00	   1.1656470e+02	   9.5453131e-03	   1.9129388e-12	
   8.4000000e-01	   5.4456162e+00	   1.1655813e+02	   9.4498079e-03	   1.9098193e-12	
   8.5000000e-01	   5.4379800e+00	   1.1655083e+02	   9.3560199e-03	   1.9064642e-12	
   8.6000000e-01	   5.4294227e+00	   1.1654230e+02	   9.2638332e-03	   1.9027115e-12	
   8.7000000e-01	   5.4198430e+00	   1.1653242e+02	   9.1731388e-03	   1.8985191e-12	
   8.8000000e-01	   5.4095879e+00	   1.1652164e+02	   9.0838349e-03	   1.8940413e-12	
   8.9000000e-01	   5.3998072e+00	   1.1651149e+02	   8.9958270e-03	   1.8897806e-12	
   9.0000000e-01	   5.3913329e+00	   1.1650307e+02	   8.9090293e-03	   1.8860967e-12	
   9.1000000e-01	   5.3837125e+00	   1.1649579e+02	   8.8233645e-03	   1.8827901e-12	
   9.2000000e-01	   5.3760095e+00	   1.1648840e+02	   8.7387645e-03	   1.8794536e-12	
   9.3000000e-01	   5.3678027e+00	   1.1648034e+02	   8.6551714e-03	   1.8759054e-12	
   9.4000000e-01	   5.3589815e+00	   1.1647147e+02	   8.5725374e-03	   1.8720990e-12	
   9.5000000e-01	   5.3496390e+00	   1.1646191e+02	   8.4908258e-03	   1.8680761e-12	
   9.6000000e-01	   5.3404315e+00	   1.1645252e+02	   8.4100107e-03	   1.8641198e-12	
   9.7000000e-01	   5.3318936e+00	   1.1644403e+02	   8.3300777e-03	   1.8604587e-12	
   9.8000000e-01	   5.3236147e+00	   1.1643588e+02	   8.2510231e-03	   1.8569154e-12	
   9.9000000e-01	   5.3149784e+00	   1.1642726e+02	   8.1728541e-03	   1.8532265e-12	
   1.0000000e+00	   5.3059330e+00	   1.1641809e+02	   8.0955877e-03	   1.8493706e-12	
