   0.0000000e+00	   0.0000000e+00	   0.0000000e+00	   1.0494312e-01	   5.4504287e-13	
   1.0000000e-02	   1.8684715e-03	   8.3300091e+01	   8.8456638e-02	   5.4527741e-13	
   2.0000000e-02	   1.8790856e-02	   9.0308505e+01	   7.7158877e-02	   5.4740624e-13	
   3.0000000e-02	   3.4051306e-02	   9.2795768e+01	   6.8859543e-02	   5.4933313e-13	
   4.0000000e-02	   6.0118791e-02	   9.5041442e+01	   6.2395277e-02	   5.5264028e-13	
   5.0000000e-02	   8.5397703e-02	   9.6512005e+01	   5.7263884e-02	   5.5586641e-13	
   6.0000000e-02	   9.7135284e-02	   9.7198708e+01	   5.3080001e-02	   5.5737077e-13	
   7.0000000e-02	   1.2941830e-01	   9.8366424e+01	   4.9544675e-02	   5.6152939e-13	
   8.0000000e-02	   1.6030618e-01	   9.9271105e+01	   4.6493515e-02	   5.6553733e-13	
   9.0000000e-02	   1.5643216e-01	   9.9365892e+01	   4.3844159e-02	   5.6503308e-13	
   1.0000000e-01	   1.4341171e-01	   9.9274397e+01	   4.1536390e-02	   5.6334161e-13	
   1.1000000e-01	   1.4980334e-01	   9.9576402e+01	   3.9510630e-02	   5.6417130e-13	
   1.2000000e-01	   1.7787117e-01	   1.0023544e+02	   3.7711413e-02	   5.6782927e-13	
   1.3000000e-01	   2.2288652e-01	   1.0105000e+02	   3.6092767e-02	   5.7374553e-13	
   1.4000000e-01	   2.8895793e-01	   1.0198599e+02	   3.4619080e-02	   5.8254094e-13	
   1.5000000e-01	   3.8997724e-01	   1.0309394e+02	   3.3263979e-02	   5.9624999e-13	
   1.6000000e-01	   5.5118121e-01	   1.0443285e+02	   3.2009091e-02	   6.1879783e-13	
   1.7000000e-01	   8.1111011e-01	   1.0602401e+02	   3.0842765e-02	   6.5696415e-13	
   1.8000000e-01	   1.2013876e+00	   1.0776377e+02	   2.9758264e-02	   7.1873604e-13	
   1.9000000e-01	   1.7182168e+00	   1.0947660e+02	   2.8751426e-02	   8.0956615e-13	
   2.0000000e-01	   2.3307496e+00	   1.1105724e+02	   2.7818429e-02	   9.3219253e-13	
   2.1000000e-01	   3.0122190e+00	   1.1249783e+02	   2.6954462e-02	   1.0905675e-12	
   2.2000000e-01	   3.7369779e+00	   1.1380943e+02	   2.6153508e-02	   1.2886306e-12	
   2.3000000e-01	   4.4439484e+00	   1.1494742e+02	   2.5408888e-02	   1.5164409e-12	
   2.4000000e-01	   5.0395944e+00	   1.1583070e+02	   2.4713961e-02	   1.7393625e-12	
   2.5000000e-01	   5.4555370e+00	   1.1641672e+02	   2.4062645e-02	   1.9141870e-12	
   2.6000000e-01	   5.6833698e+00	   1.1672954e+02	   2.3449657e-02	   2.0172868e-12	
   2.7000000e-01	   5.7568673e+00	   1.1683076e+02	   2.2870540e-02	   2.0517167e-12	
   2.8000000e-01	   5.7260674e+00	   1.1679171e+02	   2.2321589e-02	   2.0372175e-12	
   2.9000000e-01	   5.6491765e+00	   1.1669023e+02	   2.1799731e-02	   2.0014664e-12	
   3.0000000e-01	   5.5852383e+00	   1.1660548e+02	   2.1302421e-02	   1.9722160e-12	
   3.1000000e-01	   5.5763229e+00	   1.1659493e+02	   2.0827541e-02	   1.9681715e-12	
   3.2000000e-01	   5.6271285e+00	   1.1666510e+02	   2.0373327e-02	   1.9913313e-12	
   3.3000000e-01	   5.7051217e+00	   1.1677143e+02	   1.9938304e-02	   2.0274158e-12	
   3.4000000e-01	   5.7747334e+00	   1.1686594e+02	   1.9521219e-02	   2.0601744e-12	
   3.5000000e-01	   5.8258998e+00	   1.1693561e+02	   1.9120992e-02	   2.0845899e-12	
   3.6000000e-01	   5.8615520e+00	   1.1698473e+02	   1.8736662e-02	   2.1017733e-12	
   3.7000000e-01	   5.8763068e+00	   1.1700638e+02	   1.8367356e-02	   2.1089260e-12	
   3.8000000e-01	   5.8654097e+00	   1.1699433e+02	   1.8012250e-02	   2.1036410e-12	
   3.9000000e-01	   5.8415778e+00	   1.1696532e+02	   1.7670562e-02	   2.0921289e-12	
   4.0000000e-01	   5.8234145e+00	   1.1694390e+02	   1.7341533e-02	   2.0833974e-12	
   4.1000000e-01	   5.8150612e+00	   1.1693553e+02	   1.7024431e-02	   2.0793940e-12	
   4.2000000e-01	   5.8095061e+00	   1.1693088e+02	   1.6718545e-02	   2.0767359e-12	
   4.3000000e-01	   5.7995134e+00	   1.1692034e+02	   1.6423195e-02	   2.0719630e-12	
   4.4000000e-01	   5.7810274e+00	   1.1689854e+02	   1.6137728e-02	   2.0631623e-12	
   4.5000000e-01	   5.7576058e+00	   1.1687017e+02	   1.5861526e-02	   2.0520656e-12	
   4.6000000e-01	   5.7381728e+00	   1.1684710e+02	   1.5594004e-02	   2.0429039e-12	
   4.7000000e-01	   5.7264336e+00	   1.1683428e+02	   1.5334620e-02	   2.0373893e-12	
   4.8000000e-01	   5.7195064e+00	   1.1682787e+02	   1.5082878e-02	   2.0341422e-12	
   4.9000000e-01	   5.7143984e+00	   1.1682390e+02	   1.4838326e-02	   2.0317511e-12	
   5.0000000e-01	   5.7097464e+00	   1.1682055e+02	   1.4600571e-02	   2.0295759e-12	
   5.1000000e-01	   5.7035372e+00	   1.1681514e+02	   1.4369271e-02	   2.0266763e-12	
   5.2000000e-01	   5.6926584e+00	   1.1680352e+02	   1.4144143e-02	   2.0216059e-12	
   5.3000000e-01	   5.6764399e+00	   1.1678479e+02	   1.3924960e-02	   2.0140704e-12	
   5.4000000e-01	   5.6587796e+00	   1.1676413e+02	   1.3711544e-02	   2.0058970e-12	
   5.5000000e-01	   5.6439053e+00	   1.1674716e+02	   1.3503763e-02	   1.9990386e-12	
   5.6000000e-01	   5.6325221e+00	   1.1673484e+02	   1.3301517e-02	   1.9938059e-12	
   5.7000000e-01	   5.6233804e+00	   1.1672551e+02	   1.3104732e-02	   1.9896134e-12	
   5.8000000e-01	   5.6151976e+00	   1.1671747e+02	   1.2913345e-02	   1.9858682e-12	
   5.9000000e-01	   5.6072341e+00	   1.1670972e+02	   1.2727299e-02	   1.9822301e-12	
   6.0000000e-01	   5.6001473e+00	   1.1670314e+02	   1.2546528e-02	   1.9789982e-12	
   6.1000000e-01	   5.5948312e+00	   1.1669892e+02	   1.2370958e-02	   1.9765772e-12	
   6.2000000e-01	   5.5903331e+00	   1.1669579e+02	   1.2200496e-02	   1.9745311e-12	
   6.3000000e-01	   5.5848462e+00	   1.1669134e+02	   1.2035038e-02	   1.9720380e-12	
   6.4000000e-01	   5.5772825e+00	   1.1668412e+02	   1.1874460e-02	   1.9686065e-12	
   6.5000000e-01	   5.5669858e+00	   1.1667327e+02	   1.1718627e-02	   1.9639446e-12	
   6.6000000e-01	   5.5544346e+00	   1.1665942e+02	   1.1567394e-02	   1.9582770e-12	
   6.7000000e-01	   5.5420831e+00	   1.1664584e+02	   1.1420608e-02	   1.9527155e-12	
   6.8000000e-01	   5.5323304e+00	   1.1663571e+02	   1.1278108e-02	   1.9483353e-12	
   6.9000000e-01	   5.5252033e+00	   1.1662909e+02	   1.1139732e-02	   1.9451406e-12	
   7.0000000e-01	   5.5190706e+00	   1.1662379e+02	   1.1005318e-02	   1.9423957e-12	
   7.1000000e-01	   5.5125228e+00	   1.1661793e+02	   1.0874701e-02	   1.9394695e-12	
   7.2000000e-01	   5.5045098e+00	   1.1661012e+02	   1.0747716e-02	   1.9358943e-12	
   7.3000000e-01	   5.4943345e+00	   1.1659944e+02	   1.0624201e-02	   1.9313639e-12	
   7.4000000e-01	   5.4831509e+00	   1.1658741e+02	   1.0503993e-02	   1.9263968e-12	
   7.5000000e-01	   5.4734103e+00	   1.1657731e+02	   1.0386933e-02	   1.9220810e-12	
   7.6000000e-01	   5.4657340e+00	   1.1656996e+02	   1.0272862e-02	   1.9186867e-12	
   7.7000000e-01	   5.4585836e+00	   1.1656331e+02	   1.0161623e-02	   1.9155303e-12	
   7.8000000e-01	   5.4506245e+00	   1.1655558e+02	   1.0053063e-02	   1.9120230e-12	
   7.9000000e-01	   5.4413780e+00	   1.1654615e+02	   9.9470309e-03	   1.9079565e-12	
   8.0000000e-01	   5.4311621e+00	   1.1653542e+02	   9.8433805e-03	   1.9034736e-12	
   8.1000000e-01	   5.4215329e+00	   1.1652547e+02	   9.7419688e-03	   1.8992580e-12	
   8.2000000e-01	   5.4137380e+00	   1.1651796e+02	   9.6426574e-03	   1.8958521e-12	
   8.3000000e-01	   5.4068714e+00	   1.1651169e+02	   9.5453131e-03	   1.8928570e-12	
   8.4000000e-01	   5.3992750e+00	   1.1650445e+02	   9.4498079e-03	   1.8895490e-12	
   8.5000000e-01	   5.3904459e+00	   1.1649556e+02	   9.3560199e-03	   1.8857115e-12	
   8.6000000e-01	   5.3806164e+00	   1.1648534e+02	   9.2638332e-03	   1.8814483e-12	
   8.7000000e-01	   5.3703200e+00	   1.1647450e+02	   9.1731388e-03	   1.8769930e-12	
   8.8000000e-01	   5.3606578e+00	   1.1646450e+02	   9.0838349e-03	   1.8728217e-12	
   8.9000000e-01	   5.3524223e+00	   1.1645641e+02	   8.9958270e-03	   1.8692737e-12	
   9.0000000e-01	   5.3450691e+00	   1.1644948e+02	   8.9090293e-03	   1.8661114e-12	
   9.1000000e-01	   5.3374511e+00	   1.1644221e+02	   8.8233645e-03	   1.8628409e-12	
   9.2000000e-01	   5.3290685e+00	   1.1643392e+02	   8.7387645e-03	   1.8592488e-12	
   9.3000000e-01	   5.3200158e+00	   1.1642474e+02	   8.6551714e-03	   1.8553773e-12	
   9.4000000e-01	   5.3105749e+00	   1.1641504e+02	   8.5725374e-03	   1.8513484e-12	
   9.5000000e-01	   5.3013741e+00	   1.1640566e+02	   8.4908258e-03	   1.8474303e-12	
   9.6000000e-01	   5.2928875e+00	   1.1639724e+02	   8.4100107e-03	   1.8438238e-12	
   9.7000000e-01	   5.2846510e+00	   1.1638915e+02	   8.3300777e-03	   1.8403302e-12	
   9.8000000e-01	   5.2759587e+00	   1.1638045e+02	   8.2510231e-03	   1.8366505e-12	
   9.9000000e-01	   5.2668270e+00	   1.1637117e+02	   8.1728541e-03	   1.8327927e-12	
   1.0000000e+00	   5.2576678e+00	   1.1636185e+02	   8.0955877e-03	   1.8289315e-12	
