   0.0000000e+00	   0.0000000e+00	   0.0000000e+00	   1.0494312e-01	   5.4504287e-13	
   1.0000000e-02	   1.3654702e-03	   8.3227862e+01	   8.8456638e-02	   5.4521426e-13	
   2.0000000e-02	  -8.2135771e-03	   7.5009174e+01	   7.7158877e-02	   5.4401303e-13	
   3.0000000e-02	  -1.2799090e-02	   7.9133874e+01	   6.8859543e-02	   5.4343893e-13	
   4.0000000e-02	  -2.0757867e-02	   7.3239576e+01	   6.2395277e-02	   5.4244395e-13	
   5.0000000e-02	  -2.5575030e-02	   8.0097547e+01	   5.7263884e-02	   5.4184261e-13	
   6.0000000e-02	  -3.4632775e-02	   7.4882384e+01	   5.3080001e-02	   5.4071371e-13	
   7.0000000e-02	  -3.9773553e-02	   8.0913536e+01	   4.9544675e-02	   5.4007404e-13	
   8.0000000e-02	  -4.8526615e-02	   7.9148108e+01	   4.6493515e-02	   5.3898664e-13	
   9.0000000e-02	  -5.5534475e-02	   8.0634234e+01	   4.3844159e-02	   5.3811762e-13	
   1.0000000e-01	  -6.4115324e-02	   7.9675322e+01	   4.1536390e-02	   5.3705545e-13	
   1.1000000e-01	  -7.2782311e-02	   7.8470326e+01	   3.9510630e-02	   5.3598474e-13	
   1.2000000e-01	  -7.9891682e-02	   8.0458504e+01	   3.7711413e-02	   5.3510806e-13	
   1.3000000e-01	  -8.9117982e-02	   7.8552944e+01	   3.6092767e-02	   5.3397246e-13	
   1.4000000e-01	  -9.6822328e-02	   7.9673723e+01	   3.4619080e-02	   5.3302604e-13	
   1.5000000e-01	  -1.0539221e-01	   7.9114381e+01	   3.3263979e-02	   5.3197526e-13	
   1.6000000e-01	  -1.1351256e-01	   7.9482985e+01	   3.2009091e-02	   5.3098152e-13	
   1.7000000e-01	  -1.2199478e-01	   7.9190865e+01	   3.0842765e-02	   5.2994547e-13	
   1.8000000e-01	  -1.3051538e-01	   7.8847296e+01	   2.9758264e-02	   5.2890676e-13	
   1.9000000e-01	  -1.3879157e-01	   7.9066504e+01	   2.8751426e-02	   5.2789981e-13	
   2.0000000e-01	  -1.4724167e-01	   7.8966925e+01	   2.7818429e-02	   5.2687367e-13	
   2.1000000e-01	  -1.5563084e-01	   7.9040429e+01	   2.6954462e-02	   5.2585690e-13	
   2.2000000e-01	  -1.6428963e-01	   7.8574825e+01	   2.6153508e-02	   5.2480951e-13	
   2.3000000e-01	  -1.7251298e-01	   7.9094782e+01	   2.5408888e-02	   5.2381673e-13	
   2.4000000e-01	  -1.8115934e-01	   7.8743716e+01	   2.4713961e-02	   5.2277490e-13	
   2.5000000e-01	  -1.8974600e-01	   7.8537910e+01	   2.4062645e-02	   5.2174231e-13	
   2.6000000e-01	  -1.9805829e-01	   7.8965979e+01	   2.3449657e-02	   5.2074467e-13	
   2.7000000e-01	  -2.0682120e-01	   7.8425064e+01	   2.2870540e-02	   5.1969500e-13	
   2.8000000e-01	  -2.1524713e-01	   7.8659244e+01	   2.2321589e-02	   5.1868770e-13	
   2.9000000e-01	  -2.2377323e-01	   7.8681789e+01	   2.1799731e-02	   5.1767040e-13	
   3.0000000e-01	  -2.3241002e-01	   7.8470791e+01	   2.1302421e-02	   5.1664194e-13	
   3.1000000e-01	  -2.4095757e-01	   7.8476722e+01	   2.0827541e-02	   5.1562611e-13	
   3.2000000e-01	  -2.4948508e-01	   7.8541820e+01	   2.0373327e-02	   5.1461466e-13	
   3.3000000e-01	  -2.5808623e-01	   7.8450621e+01	   1.9938304e-02	   5.1359648e-13	
   3.4000000e-01	  -2.6669009e-01	   7.8363540e+01	   1.9521219e-02	   5.1257999e-13	
   3.5000000e-01	  -2.7522076e-01	   7.8458638e+01	   1.9120992e-02	   5.1157414e-13	
   3.6000000e-01	  -2.8383481e-01	   7.8370972e+01	   1.8736662e-02	   5.1056046e-13	
   3.7000000e-01	  -2.9245581e-01	   7.8276367e+01	   1.8367356e-02	   5.0954797e-13	
   3.8000000e-01	  -3.0099814e-01	   7.8378176e+01	   1.8012250e-02	   5.0854671e-13	
   3.9000000e-01	  -3.0958962e-01	   7.8373841e+01	   1.7670562e-02	   5.0754166e-13	
   4.0000000e-01	  -3.1828591e-01	   7.8128298e+01	   1.7341533e-02	   5.0652638e-13	
   4.1000000e-01	  -3.2680982e-01	   7.8304714e+01	   1.7024431e-02	   5.0553319e-13	
   4.2000000e-01	  -3.3539146e-01	   7.8348477e+01	   1.6718545e-02	   5.0453525e-13	
   4.3000000e-01	  -3.4410352e-01	   7.8088008e+01	   1.6423195e-02	   5.0352415e-13	
   4.4000000e-01	  -3.5266754e-01	   7.8190349e+01	   1.6137728e-02	   5.0253221e-13	
   4.5000000e-01	  -3.6124716e-01	   7.8259028e+01	   1.5861526e-02	   5.0154042e-13	
   4.6000000e-01	  -3.6992910e-01	   7.8087902e+01	   1.5594004e-02	   5.0053880e-13	
   4.7000000e-01	  -3.7854727e-01	   7.8075653e+01	   1.5334620e-02	   4.9954651e-13	
   4.8000000e-01	  -3.8710133e-01	   7.8223334e+01	   1.5082878e-02	   4.9856355e-13	
   4.9000000e-01	  -3.9580280e-01	   7.8020189e+01	   1.4838326e-02	   4.9756564e-13	
   5.0000000e-01	  -4.0442302e-01	   7.8019105e+01	   1.4600571e-02	   4.9657901e-13	
   5.1000000e-01	  -4.1300446e-01	   7.8117602e+01	   1.4369271e-02	   4.9559876e-13	
   5.2000000e-01	  -4.2166297e-01	   7.8033078e+01	   1.4144143e-02	   4.9461167e-13	
   5.3000000e-01	  -4.3032330e-01	   7.7947286e+01	   1.3924960e-02	   4.9362634e-13	
   5.4000000e-01	  -4.3893687e-01	   7.7981700e+01	   1.3711544e-02	   4.9264828e-13	
   5.5000000e-01	  -4.4755778e-01	   7.8001628e+01	   1.3503763e-02	   4.9167133e-13	
   5.6000000e-01	  -4.5620798e-01	   7.7953042e+01	   1.3301517e-02	   4.9069300e-13	
   5.7000000e-01	  -4.6486181e-01	   7.7898539e+01	   1.3104732e-02	   4.8971621e-13	
   5.8000000e-01	  -4.7349462e-01	   7.7899940e+01	   1.2913345e-02	   4.8874373e-13	
   5.9000000e-01	  -4.8211352e-01	   7.7939219e+01	   1.2727299e-02	   4.8777474e-13	
   6.0000000e-01	  -4.9075937e-01	   7.7914919e+01	   1.2546528e-02	   4.8680465e-13	
   6.1000000e-01	  -4.9943551e-01	   7.7817944e+01	   1.2370958e-02	   4.8583311e-13	
   6.2000000e-01	  -5.0806169e-01	   7.7849947e+01	   1.2200496e-02	   4.8486908e-13	
   6.3000000e-01	  -5.1667623e-01	   7.7913831e+01	   1.2035038e-02	   4.8390826e-13	
   6.4000000e-01	  -5.2536701e-01	   7.7790991e+01	   1.1874460e-02	   4.8294087e-13	
   6.5000000e-01	  -5.3401623e-01	   7.7775432e+01	   1.1718627e-02	   4.8198002e-13	
   6.6000000e-01	  -5.4263684e-01	   7.7835362e+01	   1.1567394e-02	   4.8102425e-13	
   6.7000000e-01	  -5.5129753e-01	   7.7797805e+01	   1.1420608e-02	   4.8006595e-13	
   6.8000000e-01	  -5.5998036e-01	   7.7706826e+01	   1.1278108e-02	   4.7910712e-13	
   6.9000000e-01	  -5.6861068e-01	   7.7752197e+01	   1.1139732e-02	   4.7815598e-13	
   7.0000000e-01	  -5.7723979e-01	   7.7802620e+01	   1.1005318e-02	   4.7720686e-13	
   7.1000000e-01	  -5.8594088e-01	   7.7673748e+01	   1.0874701e-02	   4.7625174e-13	
   7.2000000e-01	  -5.9459420e-01	   7.7668151e+01	   1.0747716e-02	   4.7530375e-13	
   7.3000000e-01	  -6.0321708e-01	   7.7742021e+01	   1.0624201e-02	   4.7436097e-13	
   7.4000000e-01	  -6.1188204e-01	   7.7711175e+01	   1.0503993e-02	   4.7341548e-13	
   7.5000000e-01	  -6.2057347e-01	   7.7614437e+01	   1.0386933e-02	   4.7246899e-13	
   7.6000000e-01	  -6.2922503e-01	   7.7621692e+01	   1.0272862e-02	   4.7152873e-13	
   7.7000000e-01	  -6.3784621e-01	   7.7707955e+01	   1.0161623e-02	   4.7059362e-13	
   7.8000000e-01	  -6.4653699e-01	   7.7619318e+01	   1.0053063e-02	   4.6965285e-13	
   7.9000000e-01	  -6.5522116e-01	   7.7548417e+01	   9.9470309e-03	   4.6871467e-13	
   8.0000000e-01	  -6.6385660e-01	   7.7605268e+01	   9.8433805e-03	   4.6778361e-13	
   8.1000000e-01	  -6.7251118e-01	   7.7614486e+01	   9.7419688e-03	   4.6685234e-13	
   8.2000000e-01	  -6.8119540e-01	   7.7549569e+01	   9.6426574e-03	   4.6591975e-13	
   8.3000000e-01	  -6.8987339e-01	   7.7501966e+01	   9.5453131e-03	   4.6498969e-13	
   8.4000000e-01	  -6.9851225e-01	   7.7557322e+01	   9.4498079e-03	   4.6406566e-13	
   8.5000000e-01	  -7.0717829e-01	   7.7543832e+01	   9.3560199e-03	   4.6314058e-13	
   8.6000000e-01	  -7.1586838e-01	   7.7469237e+01	   9.2638332e-03	   4.6221477e-13	
   8.7000000e-01	  -7.2452400e-01	   7.7485103e+01	   9.1731388e-03	   4.6129448e-13	
   8.8000000e-01	  -7.3317804e-01	   7.7505780e+01	   9.0838349e-03	   4.6037619e-13	
   8.9000000e-01	  -7.4185242e-01	   7.7474495e+01	   8.9958270e-03	   4.5945758e-13	
   9.0000000e-01	  -7.5053289e-01	   7.7427686e+01	   8.9090293e-03	   4.5854015e-13	
   9.1000000e-01	  -7.5918483e-01	   7.7455577e+01	   8.8233645e-03	   4.5762757e-13	
   9.2000000e-01	  -7.6784034e-01	   7.7474220e+01	   8.7387645e-03	   4.5671642e-13	
   9.3000000e-01	  -7.7652827e-01	   7.7409133e+01	   8.6551714e-03	   4.5580369e-13	
   9.4000000e-01	  -7.8519442e-01	   7.7400809e+01	   8.5725374e-03	   4.5489506e-13	
   9.5000000e-01	  -7.9384595e-01	   7.7430770e+01	   8.4908258e-03	   4.5398977e-13	
   9.6000000e-01	  -8.0251324e-01	   7.7420217e+01	   8.4100107e-03	   4.5308464e-13	
   9.7000000e-01	  -8.1119592e-01	   7.7370168e+01	   8.3300777e-03	   4.5217971e-13	
   9.8000000e-01	  -8.1986419e-01	   7.7358251e+01	   8.2510231e-03	   4.5127808e-13	
   9.9000000e-01	  -8.2851397e-01	   7.7395241e+01	   8.1728541e-03	   4.5038017e-13	
   1.0000000e+00	  -8.3719140e-01	   7.7361274e+01	   8.0955877e-03	   4.4948119e-13	
