   0.0000000e+00	   0.0000000e+00	   0.0000000e+00	   1.0494312e-01	   5.4504287e-13	
   1.0000000e-02	   1.3418027e-03	   8.3214133e+01	   8.8456638e-02	   5.4521129e-13	
   2.0000000e-02	  -8.2401208e-03	   7.4888688e+01	   7.7158877e-02	   5.4400970e-13	
   3.0000000e-02	  -1.2811229e-02	   7.9123298e+01	   6.8859543e-02	   5.4343742e-13	
   4.0000000e-02	  -2.0739889e-02	   7.3436879e+01	   6.2395277e-02	   5.4244620e-13	
   5.0000000e-02	  -2.5571167e-02	   8.0120144e+01	   5.7263884e-02	   5.4184309e-13	
   6.0000000e-02	  -3.4669174e-02	   7.4727063e+01	   5.3080001e-02	   5.4070918e-13	
   7.0000000e-02	  -3.9797061e-02	   8.0897175e+01	   4.9544675e-02	   5.4007112e-13	
   8.0000000e-02	  -4.8614310e-02	   7.8987038e+01	   4.6493515e-02	   5.3897575e-13	
   9.0000000e-02	  -5.5485473e-02	   8.0723631e+01	   4.3844159e-02	   5.3812369e-13	
   1.0000000e-01	  -6.4194740e-02	   7.9550890e+01	   4.1536390e-02	   5.3704563e-13	
   1.1000000e-01	  -7.2729712e-02	   7.8622935e+01	   3.9510630e-02	   5.3599124e-13	
   1.2000000e-01	  -7.9971175e-02	   8.0356162e+01	   3.7711413e-02	   5.3509826e-13	
   1.3000000e-01	  -8.9107152e-02	   7.8606550e+01	   3.6092767e-02	   5.3397379e-13	
   1.4000000e-01	  -9.6853498e-02	   7.9639938e+01	   3.4619080e-02	   5.3302222e-13	
   1.5000000e-01	  -1.0540597e-01	   7.9111576e+01	   3.3263979e-02	   5.3197358e-13	
   1.6000000e-01	  -1.1352567e-01	   7.9482096e+01	   3.2009091e-02	   5.3097991e-13	
   1.7000000e-01	  -1.2203170e-01	   7.9141545e+01	   3.0842765e-02	   5.2994096e-13	
   1.8000000e-01	  -1.3052179e-01	   7.8860669e+01	   2.9758264e-02	   5.2890598e-13	
   1.9000000e-01	  -1.3881447e-01	   7.9045511e+01	   2.8751426e-02	   5.2789702e-13	
   2.0000000e-01	  -1.4724791e-01	   7.8980846e+01	   2.7818429e-02	   5.2687291e-13	
   2.1000000e-01	  -1.5567411e-01	   7.8977309e+01	   2.6954462e-02	   5.2585166e-13	
   2.2000000e-01	  -1.6429460e-01	   7.8593113e+01	   2.6153508e-02	   5.2480891e-13	
   2.3000000e-01	  -1.7252221e-01	   7.9102947e+01	   2.5408888e-02	   5.2381561e-13	
   2.4000000e-01	  -1.8120381e-01	   7.8674233e+01	   2.4713961e-02	   5.2276954e-13	
   2.5000000e-01	  -1.8974105e-01	   7.8579539e+01	   2.4062645e-02	   5.2174291e-13	
   2.6000000e-01	  -1.9808721e-01	   7.8933519e+01	   2.3449657e-02	   5.2074120e-13	
   2.7000000e-01	  -2.0684851e-01	   7.8391803e+01	   2.2870540e-02	   5.1969173e-13	
   2.8000000e-01	  -2.1524848e-01	   7.8686015e+01	   2.2321589e-02	   5.1868754e-13	
   2.9000000e-01	  -2.2380196e-01	   7.8647834e+01	   2.1799731e-02	   5.1766698e-13	
   3.0000000e-01	  -2.3243282e-01	   7.8448942e+01	   2.1302421e-02	   5.1663923e-13	
   3.1000000e-01	  -2.4096976e-01	   7.8479625e+01	   2.0827541e-02	   5.1562466e-13	
   3.2000000e-01	  -2.4950263e-01	   7.8532623e+01	   2.0373327e-02	   5.1461258e-13	
   3.3000000e-01	  -2.5811217e-01	   7.8421712e+01	   1.9938304e-02	   5.1359341e-13	
   3.4000000e-01	  -2.6670431e-01	   7.8361868e+01	   1.9521219e-02	   5.1257831e-13	
   3.5000000e-01	  -2.7523703e-01	   7.8452446e+01	   1.9120992e-02	   5.1157222e-13	
   3.6000000e-01	  -2.8386178e-01	   7.8339463e+01	   1.8736662e-02	   5.1055729e-13	
   3.7000000e-01	  -2.9246996e-01	   7.8275028e+01	   1.8367356e-02	   5.0954631e-13	
   3.8000000e-01	  -3.0100930e-01	   7.8384019e+01	   1.8012250e-02	   5.0854540e-13	
   3.9000000e-01	  -3.0962207e-01	   7.8329970e+01	   1.7670562e-02	   5.0753787e-13	
   4.0000000e-01	  -3.1830568e-01	   7.8113226e+01	   1.7341533e-02	   5.0652407e-13	
   4.1000000e-01	  -3.2680874e-01	   7.8339529e+01	   1.7024431e-02	   5.0553332e-13	
   4.2000000e-01	  -3.3542829e-01	   7.8294476e+01	   1.6718545e-02	   5.0453097e-13	
   4.3000000e-01	  -3.4412450e-01	   7.8070039e+01	   1.6423195e-02	   5.0352172e-13	
   4.4000000e-01	  -3.5267267e-01	   7.8211112e+01	   1.6137728e-02	   5.0253162e-13	
   4.5000000e-01	  -3.6127128e-01	   7.8234635e+01	   1.5861526e-02	   5.0153764e-13	
   4.6000000e-01	  -3.6995835e-01	   7.8049785e+01	   1.5594004e-02	   5.0053543e-13	
   4.7000000e-01	  -3.7854977e-01	   7.8103341e+01	   1.5334620e-02	   4.9954623e-13	
   4.8000000e-01	  -3.8712553e-01	   7.8198875e+01	   1.5082878e-02	   4.9856078e-13	
   4.9000000e-01	  -3.9583313e-01	   7.7979199e+01	   1.4838326e-02	   4.9756216e-13	
   5.0000000e-01	  -4.0442751e-01	   7.8042309e+01	   1.4600571e-02	   4.9657850e-13	
   5.1000000e-01	  -4.1302335e-01	   7.8105713e+01	   1.4369271e-02	   4.9559661e-13	
   5.2000000e-01	  -4.2169099e-01	   7.7998427e+01	   1.4144143e-02	   4.9460848e-13	
   5.3000000e-01	  -4.3034135e-01	   7.7937060e+01	   1.3924960e-02	   4.9362429e-13	
   5.4000000e-01	  -4.3894766e-01	   7.7989618e+01	   1.3711544e-02	   4.9264706e-13	
   5.5000000e-01	  -4.4757806e-01	   7.7986222e+01	   1.3503763e-02	   4.9166903e-13	
   5.6000000e-01	  -4.5623233e-01	   7.7927320e+01	   1.3301517e-02	   4.9069025e-13	
   5.7000000e-01	  -4.6488128e-01	   7.7884832e+01	   1.3104732e-02	   4.8971401e-13	
   5.8000000e-01	  -4.7350685e-01	   7.7904420e+01	   1.2913345e-02	   4.8874235e-13	
   5.9000000e-01	  -4.8213036e-01	   7.7932283e+01	   1.2727299e-02	   4.8777285e-13	
   6.0000000e-01	  -4.9078633e-01	   7.7882736e+01	   1.2546528e-02	   4.8680163e-13	
   6.1000000e-01	  -4.9945646e-01	   7.7800357e+01	   1.2370958e-02	   4.8583077e-13	
   6.2000000e-01	  -5.0806691e-01	   7.7872024e+01	   1.2200496e-02	   4.8486850e-13	
   6.3000000e-01	  -5.1670150e-01	   7.7886100e+01	   1.2035038e-02	   4.8390545e-13	
   6.4000000e-01	  -5.2539385e-01	   7.7758428e+01	   1.1874460e-02	   4.8293788e-13	
   6.5000000e-01	  -5.3402514e-01	   7.7788479e+01	   1.1718627e-02	   4.8197903e-13	
   6.6000000e-01	  -5.4265345e-01	   7.7829057e+01	   1.1567394e-02	   4.8102242e-13	
   6.7000000e-01	  -5.5132531e-01	   7.7763195e+01	   1.1420608e-02	   4.8006288e-13	
   6.8000000e-01	  -5.5999899e-01	   7.7695106e+01	   1.1278108e-02	   4.7910506e-13	
   6.9000000e-01	  -5.6861576e-01	   7.7774972e+01	   1.1139732e-02	   4.7815542e-13	
   7.0000000e-01	  -5.7726824e-01	   7.7766646e+01	   1.1005318e-02	   4.7720374e-13	
   7.1000000e-01	  -5.8596768e-01	   7.7640945e+01	   1.0874701e-02	   4.7624880e-13	
   7.2000000e-01	  -5.9459973e-01	   7.7690029e+01	   1.0747716e-02	   4.7530314e-13	
   7.3000000e-01	  -6.0323281e-01	   7.7737905e+01	   1.0624201e-02	   4.7435925e-13	
   7.4000000e-01	  -6.1191142e-01	   7.7672318e+01	   1.0503993e-02	   4.7341228e-13	
   7.5000000e-01	  -6.2059642e-01	   7.7591460e+01	   1.0386933e-02	   4.7246650e-13	
   7.6000000e-01	  -6.2922782e-01	   7.7650657e+01	   1.0272862e-02	   4.7152842e-13	
   7.7000000e-01	  -6.3786648e-01	   7.7692485e+01	   1.0161623e-02	   4.7059143e-13	
   7.8000000e-01	  -6.4657050e-01	   7.7569300e+01	   1.0053063e-02	   4.6964922e-13	
   7.9000000e-01	  -6.5523236e-01	   7.7556005e+01	   9.9470309e-03	   4.6871346e-13	
   8.0000000e-01	  -6.6386688e-01	   7.7615205e+01	   9.8433805e-03	   4.6778250e-13	
   8.1000000e-01	  -6.7253474e-01	   7.7590506e+01	   9.7419688e-03	   4.6684981e-13	
   8.2000000e-01	  -6.8122259e-01	   7.7515834e+01	   9.6426574e-03	   4.6591683e-13	
   8.3000000e-01	  -6.8988499e-01	   7.7508734e+01	   9.5453131e-03	   4.6498844e-13	
   8.4000000e-01	  -6.9852400e-01	   7.7563722e+01	   9.4498079e-03	   4.6406441e-13	
   8.5000000e-01	  -7.0720723e-01	   7.7505860e+01	   9.3560199e-03	   4.6313749e-13	
   8.6000000e-01	  -7.1588712e-01	   7.7457447e+01	   9.2638332e-03	   4.6221278e-13	
   8.7000000e-01	  -7.2453528e-01	   7.7492790e+01	   9.1731388e-03	   4.6129328e-13	
   8.8000000e-01	  -7.3319749e-01	   7.7492331e+01	   9.0838349e-03	   4.6037413e-13	
   8.9000000e-01	  -7.4187760e-01	   7.7445996e+01	   8.9958270e-03	   4.5945491e-13	
   9.0000000e-01	  -7.5054924e-01	   7.7422104e+01	   8.9090293e-03	   4.5853843e-13	
   9.1000000e-01	  -7.5919483e-01	   7.7466479e+01	   8.8233645e-03	   4.5762651e-13	
   9.2000000e-01	  -7.6786597e-01	   7.7444673e+01	   8.7387645e-03	   4.5671372e-13	
   9.3000000e-01	  -7.7655117e-01	   7.7386292e+01	   8.6551714e-03	   4.5580128e-13	
   9.4000000e-01	  -7.8520534e-01	   7.7409307e+01	   8.5725374e-03	   4.5489391e-13	
   9.5000000e-01	  -7.9386196e-01	   7.7426060e+01	   8.4908258e-03	   4.5398809e-13	
   9.6000000e-01	  -8.0253772e-01	   7.7393470e+01	   8.4100107e-03	   4.5308208e-13	
   9.7000000e-01	  -8.1121814e-01	   7.7349080e+01	   8.3300777e-03	   4.5217739e-13	
   9.8000000e-01	  -8.1987388e-01	   7.7370018e+01	   8.2510231e-03	   4.5127707e-13	
   9.9000000e-01	  -8.2853182e-01	   7.7385843e+01	   8.1728541e-03	   4.5037832e-13	
   1.0000000e+00	  -8.3721805e-01	   7.7328837e+01	   8.0955877e-03	   4.4947843e-13	
