   0.0000000e+00	   0.0000000e+00	   0.0000000e+00	   1.0494312e-01	   5.4504287e-13	
   1.0000000e-02	   1.2222662e-03	   8.3143363e+01	   8.8456638e-02	   5.4519628e-13	
   2.0000000e-02	  -8.3629993e-03	   7.4290267e+01	   7.7158877e-02	   5.4399431e-13	
   3.0000000e-02	  -1.2863535e-02	   7.9087558e+01	   6.8859543e-02	   5.4343087e-13	
   4.0000000e-02	  -2.0617399e-02	   7.4515097e+01	   6.2395277e-02	   5.4246150e-13	
   5.0000000e-02	  -2.5551310e-02	   8.0232792e+01	   5.7263884e-02	   5.4184557e-13	
   6.0000000e-02	  -3.4778378e-02	   7.4335280e+01	   5.3080001e-02	   5.4069558e-13	
   7.0000000e-02	  -3.9938402e-02	   8.0779934e+01	   4.9544675e-02	   5.4005354e-13	
   8.0000000e-02	  -4.9007394e-02	   7.8191419e+01	   4.6493515e-02	   5.3892697e-13	
   9.0000000e-02	  -5.5316398e-02	   8.1046265e+01	   4.3844159e-02	   5.3814464e-13	
   1.0000000e-01	  -6.4567802e-02	   7.8917535e+01	   4.1536390e-02	   5.3699950e-13	
   1.1000000e-01	  -7.2432143e-02	   7.9386033e+01	   3.9510630e-02	   5.3602796e-13	
   1.2000000e-01	  -8.0418474e-02	   7.9712060e+01	   3.7711413e-02	   5.3504315e-13	
   1.3000000e-01	  -8.9011838e-02	   7.8955764e+01	   3.6092767e-02	   5.3398551e-13	
   1.4000000e-01	  -9.7034142e-02	   7.9418156e+01	   3.4619080e-02	   5.3300004e-13	
   1.5000000e-01	  -1.0544441e-01	   7.9159917e+01	   3.3263979e-02	   5.3196887e-13	
   1.6000000e-01	  -1.1362966e-01	   7.9403882e+01	   3.2009091e-02	   5.3096720e-13	
   1.7000000e-01	  -1.2219444e-01	   7.8931913e+01	   3.0842765e-02	   5.2992110e-13	
   1.8000000e-01	  -1.3054158e-01	   7.8953365e+01	   2.9758264e-02	   5.2890357e-13	
   1.9000000e-01	  -1.3893634e-01	   7.8922565e+01	   2.8751426e-02	   5.2788221e-13	
   2.0000000e-01	  -1.4729855e-01	   7.9009541e+01	   2.7818429e-02	   5.2686677e-13	
   2.1000000e-01	  -1.5587769e-01	   7.8674262e+01	   2.6954462e-02	   5.2582701e-13	
   2.2000000e-01	  -1.6428291e-01	   7.8765348e+01	   2.6153508e-02	   5.2481032e-13	
   2.3000000e-01	  -1.7263009e-01	   7.9017005e+01	   2.5408888e-02	   5.2380260e-13	
   2.4000000e-01	  -1.8138670e-01	   7.8402465e+01	   2.4713961e-02	   5.2274753e-13	
   2.5000000e-01	  -1.8970337e-01	   7.8811009e+01	   2.4062645e-02	   5.2174743e-13	
   2.6000000e-01	  -1.9829035e-01	   7.8636165e+01	   2.3449657e-02	   5.2071684e-13	
   2.7000000e-01	  -2.0690903e-01	   7.8405302e+01	   2.2870540e-02	   5.1968449e-13	
   2.8000000e-01	  -2.1529825e-01	   7.8724178e+01	   2.2321589e-02	   5.1868159e-13	
   2.9000000e-01	  -2.2395329e-01	   7.8454958e+01	   2.1799731e-02	   5.1764894e-13	
   3.0000000e-01	  -2.3251995e-01	   7.8401477e+01	   2.1302421e-02	   5.1662886e-13	
   3.1000000e-01	  -2.4103043e-01	   7.8494766e+01	   2.0827541e-02	   5.1561746e-13	
   3.2000000e-01	  -2.4961369e-01	   7.8431761e+01	   2.0373327e-02	   5.1459942e-13	
   3.3000000e-01	  -2.5822587e-01	   7.8311983e+01	   1.9938304e-02	   5.1357996e-13	
   3.4000000e-01	  -2.6676333e-01	   7.8381902e+01	   1.9521219e-02	   5.1257135e-13	
   3.5000000e-01	  -2.7534722e-01	   7.8353233e+01	   1.9120992e-02	   5.1155924e-13	
   3.6000000e-01	  -2.8397415e-01	   7.8232506e+01	   1.8736662e-02	   5.1054408e-13	
   3.7000000e-01	  -2.9252591e-01	   7.8303729e+01	   1.8367356e-02	   5.0953975e-13	
   3.8000000e-01	  -3.0110515e-01	   7.8319180e+01	   1.8012250e-02	   5.0853418e-13	
   3.9000000e-01	  -3.0978097e-01	   7.8110655e+01	   1.7670562e-02	   5.0751930e-13	
   4.0000000e-01	  -3.1832926e-01	   7.8222553e+01	   1.7341533e-02	   5.0652132e-13	
   4.1000000e-01	  -3.2688960e-01	   7.8311078e+01	   1.7024431e-02	   5.0552391e-13	
   4.2000000e-01	  -3.3560620e-01	   7.8028045e+01	   1.6718545e-02	   5.0451030e-13	
   4.3000000e-01	  -3.4416244e-01	   7.8145578e+01	   1.6423195e-02	   5.0351732e-13	
   4.4000000e-01	  -3.5274209e-01	   7.8209879e+01	   1.6137728e-02	   5.0252359e-13	
   4.5000000e-01	  -3.6142194e-01	   7.8035277e+01	   1.5861526e-02	   5.0152024e-13	
   4.6000000e-01	  -3.7003502e-01	   7.8030332e+01	   1.5594004e-02	   5.0052659e-13	
   4.7000000e-01	  -3.7859262e-01	   7.8167217e+01	   1.5334620e-02	   4.9954130e-13	
   4.8000000e-01	  -3.8729521e-01	   7.7952085e+01	   1.5082878e-02	   4.9854130e-13	
   4.9000000e-01	  -3.9589722e-01	   7.7992059e+01	   1.4838326e-02	   4.9755482e-13	
   5.0000000e-01	  -4.0448266e-01	   7.8077624e+01	   1.4600571e-02	   4.9657219e-13	
   5.1000000e-01	  -4.1315779e-01	   7.7945635e+01	   1.4369271e-02	   4.9558127e-13	
   5.2000000e-01	  -4.2179969e-01	   7.7900475e+01	   1.4144143e-02	   4.9459610e-13	
   5.3000000e-01	  -4.3039792e-01	   7.7970133e+01	   1.3924960e-02	   4.9361786e-13	
   5.4000000e-01	  -4.3903714e-01	   7.7940930e+01	   1.3711544e-02	   4.9263691e-13	
   5.5000000e-01	  -4.4769759e-01	   7.7861803e+01	   1.3503763e-02	   4.9165550e-13	
   5.6000000e-01	  -4.5633022e-01	   7.7856839e+01	   1.3301517e-02	   4.9067919e-13	
   5.7000000e-01	  -4.6495315e-01	   7.7880060e+01	   1.3104732e-02	   4.8970591e-13	
   5.8000000e-01	  -4.7358804e-01	   7.7876383e+01	   1.2913345e-02	   4.8873321e-13	
   5.9000000e-01	  -4.8224710e-01	   7.7814736e+01	   1.2727299e-02	   4.8775974e-13	
   6.0000000e-01	  -4.9089881e-01	   7.7774941e+01	   1.2546528e-02	   4.8678903e-13	
   6.1000000e-01	  -4.9950574e-01	   7.7853057e+01	   1.2370958e-02	   4.8582525e-13	
   6.2000000e-01	  -5.0815955e-01	   7.7815364e+01	   1.2200496e-02	   4.8485815e-13	
   6.3000000e-01	  -5.1684219e-01	   7.7706713e+01	   1.2035038e-02	   4.8388977e-13	
   6.4000000e-01	  -5.2545552e-01	   7.7780105e+01	   1.1874460e-02	   4.8293103e-13	
   6.5000000e-01	  -5.3409894e-01	   7.7779459e+01	   1.1718627e-02	   4.8197084e-13	
   6.6000000e-01	  -5.4277714e-01	   7.7692936e+01	   1.1567394e-02	   4.8100872e-13	
   6.7000000e-01	  -5.5142769e-01	   7.7680824e+01	   1.1420608e-02	   4.8005157e-13	
   6.8000000e-01	  -5.6004612e-01	   7.7754466e+01	   1.1278108e-02	   4.7909986e-13	
   6.9000000e-01	  -5.6872713e-01	   7.7670167e+01	   1.1139732e-02	   4.7814316e-13	
   7.0000000e-01	  -5.7740111e-01	   7.7605811e+01	   1.1005318e-02	   4.7718914e-13	
   7.1000000e-01	  -5.8601469e-01	   7.7701018e+01	   1.0874701e-02	   4.7624364e-13	
   7.2000000e-01	  -5.9467852e-01	   7.7668393e+01	   1.0747716e-02	   4.7529452e-13	
   7.3000000e-01	  -6.0336444e-01	   7.7580254e+01	   1.0624201e-02	   4.7434488e-13	
   7.4000000e-01	  -6.1201548e-01	   7.7585080e+01	   1.0503993e-02	   4.7340094e-13	
   7.5000000e-01	  -6.2063932e-01	   7.7662325e+01	   1.0386933e-02	   4.7246183e-13	
   7.6000000e-01	  -6.2932337e-01	   7.7585745e+01	   1.0272862e-02	   4.7151805e-13	
   7.7000000e-01	  -6.3801119e-01	   7.7500196e+01	   1.0161623e-02	   4.7057575e-13	
   7.8000000e-01	  -6.4663558e-01	   7.7583402e+01	   1.0053063e-02	   4.6964219e-13	
   7.9000000e-01	  -6.5529513e-01	   7.7576363e+01	   9.9470309e-03	   4.6870668e-13	
   8.0000000e-01	  -6.6398346e-01	   7.7496033e+01	   9.8433805e-03	   4.6776994e-13	
   8.1000000e-01	  -6.7265052e-01	   7.7473237e+01	   9.7419688e-03	   4.6683736e-13	
   8.2000000e-01	  -6.8128944e-01	   7.7526414e+01	   9.6426574e-03	   4.6590966e-13	
   8.3000000e-01	  -6.8995944e-01	   7.7499697e+01	   9.5453131e-03	   4.6498047e-13	
   8.4000000e-01	  -6.9865062e-01	   7.7418362e+01	   9.4498079e-03	   4.6405088e-13	
   8.5000000e-01	  -7.0729726e-01	   7.7456336e+01	   9.3560199e-03	   4.6312789e-13	
   8.6000000e-01	  -7.1595489e-01	   7.7466248e+01	   9.2638332e-03	   4.6220557e-13	
   8.7000000e-01	  -7.2463645e-01	   7.7413994e+01	   9.1731388e-03	   4.6128254e-13	
   8.8000000e-01	  -7.3330706e-01	   7.7391366e+01	   9.0838349e-03	   4.6036251e-13	
   8.9000000e-01	  -7.4195720e-01	   7.7423625e+01	   8.9958270e-03	   4.5944649e-13	
   9.0000000e-01	  -7.5062321e-01	   7.7414300e+01	   8.9090293e-03	   4.5853062e-13	
   9.1000000e-01	  -7.5931003e-01	   7.7350094e+01	   8.8233645e-03	   4.5761437e-13	
   9.2000000e-01	  -7.6796302e-01	   7.7376066e+01	   8.7387645e-03	   4.5670352e-13	
   9.3000000e-01	  -7.7661896e-01	   7.7394288e+01	   8.6551714e-03	   4.5579417e-13	
   9.4000000e-01	  -7.8529901e-01	   7.7349105e+01	   8.5725374e-03	   4.5488410e-13	
   9.5000000e-01	  -7.9397275e-01	   7.7320878e+01	   8.4908258e-03	   4.5397651e-13	
   9.6000000e-01	  -8.0262742e-01	   7.7343895e+01	   8.4100107e-03	   4.5307272e-13	
   9.7000000e-01	  -8.1128775e-01	   7.7352423e+01	   8.3300777e-03	   4.5217015e-13	
   9.8000000e-01	  -8.1997537e-01	   7.7289351e+01	   8.2510231e-03	   4.5126653e-13	
   9.9000000e-01	  -8.2864137e-01	   7.7284587e+01	   8.1728541e-03	   4.5036696e-13	
   1.0000000e+00	  -8.3729643e-01	   7.7309860e+01	   8.0955877e-03	   4.4947032e-13	
