   0.0000000e+00	   0.0000000e+00	   0.0000000e+00	   1.0494312e-01	   5.4504287e-13	
   1.0000000e-02	   2.0174443e-03	   8.3455424e+01	   8.8456638e-02	   5.4529612e-13	
   2.0000000e-02	   1.9272780e-02	   9.0421045e+01	   7.7158877e-02	   5.4746699e-13	
   3.0000000e-02	   3.1690305e-02	   9.2611157e+01	   6.8859543e-02	   5.4903457e-13	
   4.0000000e-02	   5.5607834e-02	   9.4824278e+01	   6.2395277e-02	   5.5206656e-13	
   5.0000000e-02	   7.6641394e-02	   9.6191589e+01	   5.7263884e-02	   5.5474679e-13	
   6.0000000e-02	   7.9400903e-02	   9.6599278e+01	   5.3080001e-02	   5.5509939e-13	
   7.0000000e-02	   9.6726773e-02	   9.7472310e+01	   4.9544675e-02	   5.5731834e-13	
   8.0000000e-02	   1.2481112e-01	   9.8490940e+01	   4.6493515e-02	   5.6093401e-13	
   9.0000000e-02	   1.2606721e-01	   9.8728020e+01	   4.3844159e-02	   5.6109627e-13	
   1.0000000e-01	   1.1060175e-01	   9.8561467e+01	   4.1536390e-02	   5.5910173e-13	
   1.1000000e-01	   1.1046549e-01	   9.8764965e+01	   3.9510630e-02	   5.5908419e-13	
   1.2000000e-01	   1.3828130e-01	   9.9544471e+01	   3.7711413e-02	   5.6267652e-13	
   1.3000000e-01	   1.8899394e-01	   1.0057799e+02	   3.6092767e-02	   5.6928541e-13	
   1.4000000e-01	   2.5754641e-01	   1.0164290e+02	   3.4619080e-02	   5.7834276e-13	
   1.5000000e-01	   3.5105718e-01	   1.0275783e+02	   3.3263979e-02	   5.9093046e-13	
   1.6000000e-01	   4.9945921e-01	   1.0409104e+02	   3.2009091e-02	   6.1147201e-13	
   1.7000000e-01	   7.4950890e-01	   1.0572977e+02	   3.0842765e-02	   6.4771141e-13	
   1.8000000e-01	   1.1228387e+00	   1.0749175e+02	   2.9758264e-02	   7.0585343e-13	
   1.9000000e-01	   1.5884999e+00	   1.0912564e+02	   2.8751426e-02	   7.8574324e-13	
   2.0000000e-01	   2.1030295e+00	   1.1054718e+02	   2.7818429e-02	   8.8457285e-13	
   2.1000000e-01	   2.6569866e+00	   1.1181634e+02	   2.6954462e-02	   1.0049150e-12	
   2.2000000e-01	   3.2489696e+00	   1.1298442e+02	   2.6153508e-02	   1.1516688e-12	
   2.3000000e-01	   3.8261917e+00	   1.1399806e+02	   2.5408888e-02	   1.3153757e-12	
   2.4000000e-01	   4.2958055e+00	   1.1475751e+02	   2.4713961e-02	   1.4655857e-12	
   2.5000000e-01	   4.5925905e+00	   1.1521467e+02	   2.4062645e-02	   1.5692412e-12	
   2.6000000e-01	   4.7102072e+00	   1.1539343e+02	   2.3449657e-02	   1.6123205e-12	
   2.7000000e-01	   4.6898573e+00	   1.1536678e+02	   2.2870540e-02	   1.6047833e-12	
   2.8000000e-01	   4.6034092e+00	   1.1524149e+02	   2.2321589e-02	   1.5731552e-12	
   2.9000000e-01	   4.5300495e+00	   1.1513457e+02	   2.1799731e-02	   1.5468052e-12	
   3.0000000e-01	   4.5234367e+00	   1.1512749e+02	   2.1302421e-02	   1.5444517e-12	
   3.1000000e-01	   4.5884620e+00	   1.1522765e+02	   2.0827541e-02	   1.5677502e-12	
   3.2000000e-01	   4.6851765e+00	   1.1537378e+02	   2.0373327e-02	   1.6030546e-12	
   3.3000000e-01	   4.7672933e+00	   1.1549692e+02	   1.9938304e-02	   1.6336536e-12	
   3.4000000e-01	   4.8196708e+00	   1.1557588e+02	   1.9521219e-02	   1.6534754e-12	
   3.5000000e-01	   4.8494651e+00	   1.1562195e+02	   1.9120992e-02	   1.6648579e-12	
   3.6000000e-01	   4.8576199e+00	   1.1563688e+02	   1.8736662e-02	   1.6679870e-12	
   3.7000000e-01	   4.8415582e+00	   1.1561704e+02	   1.8367356e-02	   1.6618296e-12	
   3.8000000e-01	   4.8127490e+00	   1.1557889e+02	   1.8012250e-02	   1.6508422e-12	
   3.9000000e-01	   4.7880818e+00	   1.1554680e+02	   1.7670562e-02	   1.6414923e-12	
   4.0000000e-01	   4.7706617e+00	   1.1552526e+02	   1.7341533e-02	   1.6349212e-12	
   4.1000000e-01	   4.7526970e+00	   1.1550291e+02	   1.7024431e-02	   1.6281723e-12	
   4.2000000e-01	   4.7278653e+00	   1.1547055e+02	   1.6718545e-02	   1.6188894e-12	
   4.3000000e-01	   4.6969956e+00	   1.1542933e+02	   1.6423195e-02	   1.6074232e-12	
   4.4000000e-01	   4.6695201e+00	   1.1539302e+02	   1.6137728e-02	   1.5972859e-12	
   4.5000000e-01	   4.6549004e+00	   1.1537554e+02	   1.5861526e-02	   1.5919180e-12	
   4.6000000e-01	   4.6517465e+00	   1.1537489e+02	   1.5594004e-02	   1.5907624e-12	
   4.7000000e-01	   4.6517852e+00	   1.1537892e+02	   1.5334620e-02	   1.5907765e-12	
   4.8000000e-01	   4.6490751e+00	   1.1537893e+02	   1.5082878e-02	   1.5897842e-12	
   4.9000000e-01	   4.6409973e+00	   1.1537109e+02	   1.4838326e-02	   1.5868299e-12	
   5.0000000e-01	   4.6263621e+00	   1.1535366e+02	   1.4600571e-02	   1.5814915e-12	
   5.1000000e-01	   4.6069580e+00	   1.1532923e+02	   1.4369271e-02	   1.5744412e-12	
   5.2000000e-01	   4.5887394e+00	   1.1530652e+02	   1.4144143e-02	   1.5678503e-12	
   5.3000000e-01	   4.5770929e+00	   1.1529344e+02	   1.3924960e-02	   1.5636514e-12	
   5.4000000e-01	   4.5716878e+00	   1.1528952e+02	   1.3711544e-02	   1.5617066e-12	
   5.5000000e-01	   4.5686335e+00	   1.1528905e+02	   1.3503763e-02	   1.5606087e-12	
   5.6000000e-01	   4.5650157e+00	   1.1528775e+02	   1.3301517e-02	   1.5593092e-12	
   5.7000000e-01	   4.5601649e+00	   1.1528464e+02	   1.3104732e-02	   1.5575685e-12	
   5.8000000e-01	   4.5550173e+00	   1.1528110e+02	   1.2913345e-02	   1.5557234e-12	
   5.9000000e-01	   4.5498929e+00	   1.1527759e+02	   1.2727299e-02	   1.5538888e-12	
   6.0000000e-01	   4.5429043e+00	   1.1527135e+02	   1.2546528e-02	   1.5513904e-12	
   6.1000000e-01	   4.5322877e+00	   1.1525981e+02	   1.2370958e-02	   1.5476025e-12	
   6.2000000e-01	   4.5187645e+00	   1.1524400e+02	   1.2200496e-02	   1.5427910e-12	
   6.3000000e-01	   4.5047076e+00	   1.1522742e+02	   1.2035038e-02	   1.5378055e-12	
   6.4000000e-01	   4.4929401e+00	   1.1521419e+02	   1.1874460e-02	   1.5336444e-12	
   6.5000000e-01	   4.4852978e+00	   1.1520701e+02	   1.1718627e-02	   1.5309480e-12	
   6.6000000e-01	   4.4805754e+00	   1.1520411e+02	   1.1567394e-02	   1.5292842e-12	
   6.7000000e-01	   4.4753699e+00	   1.1520050e+02	   1.1420608e-02	   1.5274523e-12	
   6.8000000e-01	   4.4674279e+00	   1.1519288e+02	   1.1278108e-02	   1.5246616e-12	
   6.9000000e-01	   4.4569793e+00	   1.1518159e+02	   1.1139732e-02	   1.5209978e-12	
   7.0000000e-01	   4.4455797e+00	   1.1516890e+02	   1.1005318e-02	   1.5170107e-12	
   7.1000000e-01	   4.4352169e+00	   1.1515774e+02	   1.0874701e-02	   1.5133952e-12	
   7.2000000e-01	   4.4274042e+00	   1.1515031e+02	   1.0747716e-02	   1.5106751e-12	
   7.3000000e-01	   4.4212536e+00	   1.1514533e+02	   1.0624201e-02	   1.5085372e-12	
   7.4000000e-01	   4.4139406e+00	   1.1513864e+02	   1.0503993e-02	   1.5059991e-12	
   7.5000000e-01	   4.4042294e+00	   1.1512844e+02	   1.0386933e-02	   1.5026353e-12	
   7.6000000e-01	   4.3935606e+00	   1.1511684e+02	   1.0272862e-02	   1.4989485e-12	
   7.7000000e-01	   4.3839239e+00	   1.1510675e+02	   1.0161623e-02	   1.4956262e-12	
   7.8000000e-01	   4.3763236e+00	   1.1509964e+02	   1.0053063e-02	   1.4930110e-12	
   7.9000000e-01	   4.3699056e+00	   1.1509427e+02	   9.9470309e-03	   1.4908063e-12	
   8.0000000e-01	   4.3622272e+00	   1.1508705e+02	   9.8433805e-03	   1.4881729e-12	
   8.1000000e-01	   4.3521066e+00	   1.1507625e+02	   9.7419688e-03	   1.4847089e-12	
   8.2000000e-01	   4.3411326e+00	   1.1506420e+02	   9.6426574e-03	   1.4809620e-12	
   8.3000000e-01	   4.3313573e+00	   1.1505390e+02	   9.5453131e-03	   1.4776323e-12	
   8.4000000e-01	   4.3233671e+00	   1.1504622e+02	   9.4498079e-03	   1.4749163e-12	
   8.5000000e-01	   4.3165418e+00	   1.1504024e+02	   9.3560199e-03	   1.4726001e-12	
   8.6000000e-01	   4.3094922e+00	   1.1503394e+02	   9.2638332e-03	   1.4702117e-12	
   8.7000000e-01	   4.3009375e+00	   1.1502543e+02	   9.1731388e-03	   1.4673186e-12	
   8.8000000e-01	   4.2910122e+00	   1.1501491e+02	   9.0838349e-03	   1.4639690e-12	
   8.9000000e-01	   4.2810054e+00	   1.1500428e+02	   8.9958270e-03	   1.4605997e-12	
   9.0000000e-01	   4.2718617e+00	   1.1499491e+02	   8.9090293e-03	   1.4575277e-12	
   9.1000000e-01	   4.2635997e+00	   1.1498683e+02	   8.8233645e-03	   1.4547576e-12	
   9.2000000e-01	   4.2556855e+00	   1.1497927e+02	   8.7387645e-03	   1.4521090e-12	
   9.3000000e-01	   4.2473459e+00	   1.1497109e+02	   8.6551714e-03	   1.4493232e-12	
   9.4000000e-01	   4.2382293e+00	   1.1496176e+02	   8.5725374e-03	   1.4462840e-12	
   9.5000000e-01	   4.2290254e+00	   1.1495232e+02	   8.4908258e-03	   1.4432222e-12	
   9.6000000e-01	   4.2205753e+00	   1.1494397e+02	   8.4100107e-03	   1.4404168e-12	
   9.7000000e-01	   4.2127035e+00	   1.1493647e+02	   8.3300777e-03	   1.4378084e-12	
   9.8000000e-01	   4.2045976e+00	   1.1492863e+02	   8.2510231e-03	   1.4351273e-12	
   9.9000000e-01	   4.1956244e+00	   1.1491952e+02	   8.1728541e-03	   1.4321651e-12	
   1.0000000e+00	   4.1858113e+00	   1.1490917e+02	   8.0955877e-03	   1.4289327e-12	
