   0.0000000e+00	   0.0000000e+00	   0.0000000e+00	   1.0494312e-01	   5.4504287e-13	
   1.0000000e-02	   2.0552406e-03	   8.3493106e+01	   8.8456638e-02	   5.4530086e-13	
   2.0000000e-02	   1.9365957e-02	   9.0443645e+01	   7.7158877e-02	   5.4747874e-13	
   3.0000000e-02	   3.1140163e-02	   9.2566105e+01	   6.8859543e-02	   5.4896502e-13	
   4.0000000e-02	   5.4504383e-02	   9.4768081e+01	   6.2395277e-02	   5.5192631e-13	
   5.0000000e-02	   7.4695796e-02	   9.6116367e+01	   5.7263884e-02	   5.5449833e-13	
   6.0000000e-02	   7.5859631e-02	   9.6468825e+01	   5.3080001e-02	   5.5464694e-13	
   7.0000000e-02	   8.9948315e-02	   9.7260902e+01	   4.9544675e-02	   5.5644916e-13	
   8.0000000e-02	   1.1691044e-01	   9.8295514e+01	   4.6493515e-02	   5.5991449e-13	
   9.0000000e-02	   1.1939123e-01	   9.8573487e+01	   4.3844159e-02	   5.6023441e-13	
   1.0000000e-01	   1.0427588e-01	   9.8409505e+01	   4.1536390e-02	   5.5828794e-13	
   1.1000000e-01	   1.0309264e-01	   9.8594581e+01	   3.9510630e-02	   5.5813586e-13	
   1.2000000e-01	   1.2941546e-01	   9.9372356e+01	   3.7711413e-02	   5.6152902e-13	
   1.3000000e-01	   1.7762115e-01	   1.0040231e+02	   3.6092767e-02	   5.6779658e-13	
   1.4000000e-01	   2.4113911e-01	   1.0144031e+02	   3.4619080e-02	   5.7616195e-13	
   1.5000000e-01	   3.2657282e-01	   1.0251689e+02	   3.3263979e-02	   5.8760833e-13	
   1.6000000e-01	   4.6435312e-01	   1.0382698e+02	   3.2009091e-02	   6.0654911e-13	
   1.7000000e-01	   7.0014336e-01	   1.0546001e+02	   3.0842765e-02	   6.4039067e-13	
   1.8000000e-01	   1.0516187e+00	   1.0720869e+02	   2.9758264e-02	   6.9437253e-13	
   1.9000000e-01	   1.4844461e+00	   1.0880836e+02	   2.8751426e-02	   7.6714114e-13	
   2.0000000e-01	   1.9565864e+00	   1.1018332e+02	   2.7818429e-02	   8.5524255e-13	
   2.1000000e-01	   2.4640707e+00	   1.1140892e+02	   2.6954462e-02	   9.6125305e-13	
   2.2000000e-01	   3.0104037e+00	   1.1254313e+02	   2.6153508e-02	   1.0901118e-12	
   2.3000000e-01	   3.5450403e+00	   1.1352799e+02	   2.5408888e-02	   1.2329194e-12	
   2.4000000e-01	   3.9763452e+00	   1.1425793e+02	   2.4713961e-02	   1.3616490e-12	
   2.5000000e-01	   4.2397986e+00	   1.1468257e+02	   2.4062645e-02	   1.4468067e-12	
   2.6000000e-01	   4.3297624e+00	   1.1482674e+02	   2.3449657e-02	   1.4770898e-12	
   2.7000000e-01	   4.2906834e+00	   1.1477022e+02	   2.2870540e-02	   1.4638582e-12	
   2.8000000e-01	   4.1991986e+00	   1.1463129e+02	   2.2321589e-02	   1.4333443e-12	
   2.9000000e-01	   4.1347498e+00	   1.1453344e+02	   2.1799731e-02	   1.4122307e-12	
   3.0000000e-01	   4.1438605e+00	   1.1455131e+02	   2.1302421e-02	   1.4151964e-12	
   3.1000000e-01	   4.2206323e+00	   1.1467506e+02	   2.0827541e-02	   1.4404357e-12	
   3.2000000e-01	   4.3183762e+00	   1.1482975e+02	   2.0373327e-02	   1.4732223e-12	
   3.3000000e-01	   4.3933548e+00	   1.1494776e+02	   1.9938304e-02	   1.4988775e-12	
   3.4000000e-01	   4.4370397e+00	   1.1501739e+02	   1.9521219e-02	   1.5140305e-12	
   3.5000000e-01	   4.4589444e+00	   1.1505400e+02	   1.9120992e-02	   1.5216862e-12	
   3.6000000e-01	   4.4595201e+00	   1.1505861e+02	   1.8736662e-02	   1.5218879e-12	
   3.7000000e-01	   4.4381795e+00	   1.1503035e+02	   1.8367356e-02	   1.5144279e-12	
   3.8000000e-01	   4.4082184e+00	   1.1498916e+02	   1.8012250e-02	   1.5040162e-12	
   3.9000000e-01	   4.3838500e+00	   1.1495647e+02	   1.7670562e-02	   1.4956007e-12	
   4.0000000e-01	   4.3646482e+00	   1.1493162e+02	   1.7341533e-02	   1.4890027e-12	
   4.1000000e-01	   4.3427031e+00	   1.1490258e+02	   1.7024431e-02	   1.4814976e-12	
   4.2000000e-01	   4.3139995e+00	   1.1486320e+02	   1.6718545e-02	   1.4717384e-12	
   4.3000000e-01	   4.2826577e+00	   1.1481970e+02	   1.6423195e-02	   1.4611555e-12	
   4.4000000e-01	   4.2595456e+00	   1.1478878e+02	   1.6137728e-02	   1.4534002e-12	
   4.5000000e-01	   4.2509959e+00	   1.1478021e+02	   1.5861526e-02	   1.4505418e-12	
   4.6000000e-01	   4.2515156e+00	   1.1478557e+02	   1.5594004e-02	   1.4507154e-12	
   4.7000000e-01	   4.2518984e+00	   1.1479072e+02	   1.5334620e-02	   1.4508433e-12	
   4.8000000e-01	   4.2471759e+00	   1.1478805e+02	   1.5082878e-02	   1.4492665e-12	
   4.9000000e-01	   4.2357751e+00	   1.1477515e+02	   1.4838326e-02	   1.4454669e-12	
   5.0000000e-01	   4.2181797e+00	   1.1475276e+02	   1.4600571e-02	   1.4396225e-12	
   5.1000000e-01	   4.1986244e+00	   1.1472735e+02	   1.4369271e-02	   1.4331548e-12	
   5.2000000e-01	   4.1838680e+00	   1.1470929e+02	   1.4144143e-02	   1.4282935e-12	
   5.3000000e-01	   4.1769130e+00	   1.1470322e+02	   1.3924960e-02	   1.4260080e-12	
   5.4000000e-01	   4.1745961e+00	   1.1470426e+02	   1.3711544e-02	   1.4252474e-12	
   5.5000000e-01	   4.1724035e+00	   1.1470548e+02	   1.3503763e-02	   1.4245281e-12	
   5.6000000e-01	   4.1683236e+00	   1.1470381e+02	   1.3301517e-02	   1.4231904e-12	
   5.7000000e-01	   4.1628098e+00	   1.1469993e+02	   1.3104732e-02	   1.4213847e-12	
   5.8000000e-01	   4.1570397e+00	   1.1469567e+02	   1.2913345e-02	   1.4194975e-12	
   5.9000000e-01	   4.1503513e+00	   1.1469001e+02	   1.2727299e-02	   1.4173131e-12	
   6.0000000e-01	   4.1405407e+00	   1.1467956e+02	   1.2546528e-02	   1.4141150e-12	
   6.1000000e-01	   4.1272754e+00	   1.1466381e+02	   1.2370958e-02	   1.4098022e-12	
   6.2000000e-01	   4.1128675e+00	   1.1464632e+02	   1.2200496e-02	   1.4051329e-12	
   6.3000000e-01	   4.1002985e+00	   1.1463164e+02	   1.2035038e-02	   1.4010722e-12	
   6.4000000e-01	   4.0917218e+00	   1.1462310e+02	   1.1874460e-02	   1.3983080e-12	
   6.5000000e-01	   4.0867861e+00	   1.1462014e+02	   1.1718627e-02	   1.3967197e-12	
   6.6000000e-01	   4.0822656e+00	   1.1461782e+02	   1.1567394e-02	   1.3952667e-12	
   6.7000000e-01	   4.0750492e+00	   1.1461136e+02	   1.1420608e-02	   1.3929502e-12	
   6.8000000e-01	   4.0648129e+00	   1.1460027e+02	   1.1278108e-02	   1.3896709e-12	
   6.9000000e-01	   4.0533228e+00	   1.1458726e+02	   1.1139732e-02	   1.3859991e-12	
   7.0000000e-01	   4.0426749e+00	   1.1457554e+02	   1.1005318e-02	   1.3826051e-12	
   7.1000000e-01	   4.0344033e+00	   1.1456746e+02	   1.0874701e-02	   1.3799743e-12	
   7.2000000e-01	   4.0281931e+00	   1.1456255e+02	   1.0747716e-02	   1.3780024e-12	
   7.3000000e-01	   4.0214087e+00	   1.1455677e+02	   1.0624201e-02	   1.3758514e-12	
   7.4000000e-01	   4.0120325e+00	   1.1454701e+02	   1.0503993e-02	   1.3728842e-12	
   7.5000000e-01	   4.0011672e+00	   1.1453497e+02	   1.0386933e-02	   1.3694538e-12	
   7.6000000e-01	   3.9912187e+00	   1.1452433e+02	   1.0272862e-02	   1.3663203e-12	
   7.7000000e-01	   3.9833804e+00	   1.1451693e+02	   1.0161623e-02	   1.3638566e-12	
   7.8000000e-01	   3.9769465e+00	   1.1451169e+02	   1.0053063e-02	   1.3618376e-12	
   7.9000000e-01	   3.9695917e+00	   1.1450503e+02	   9.9470309e-03	   1.3595332e-12	
   8.0000000e-01	   3.9596641e+00	   1.1449443e+02	   9.8433805e-03	   1.3564290e-12	
   8.1000000e-01	   3.9484855e+00	   1.1448191e+02	   9.7419688e-03	   1.3529421e-12	
   8.2000000e-01	   3.9385895e+00	   1.1447135e+02	   9.6426574e-03	   1.3498627e-12	
   8.3000000e-01	   3.9307708e+00	   1.1446397e+02	   9.5453131e-03	   1.3474347e-12	
   8.4000000e-01	   3.9240852e+00	   1.1445834e+02	   9.4498079e-03	   1.3453621e-12	
   8.5000000e-01	   3.9170105e+00	   1.1445210e+02	   9.3560199e-03	   1.3431723e-12	
   8.6000000e-01	   3.9083282e+00	   1.1444340e+02	   9.2638332e-03	   1.3404897e-12	
   8.7000000e-01	   3.8982111e+00	   1.1443251e+02	   9.1731388e-03	   1.3373706e-12	
   8.8000000e-01	   3.8881004e+00	   1.1442162e+02	   9.0838349e-03	   1.3342607e-12	
   8.9000000e-01	   3.8790807e+00	   1.1441241e+02	   8.9958270e-03	   1.3314925e-12	
   9.0000000e-01	   3.8710277e+00	   1.1440468e+02	   8.9090293e-03	   1.3290259e-12	
   9.1000000e-01	   3.8631884e+00	   1.1439728e+02	   8.8233645e-03	   1.3266290e-12	
   9.2000000e-01	   3.8548165e+00	   1.1438907e+02	   8.7387645e-03	   1.3240742e-12	
   9.3000000e-01	   3.8456620e+00	   1.1437966e+02	   8.6551714e-03	   1.3212861e-12	
   9.4000000e-01	   3.8364232e+00	   1.1437012e+02	   8.5725374e-03	   1.3184783e-12	
   9.5000000e-01	   3.8279850e+00	   1.1436181e+02	   8.4908258e-03	   1.3159190e-12	
   9.6000000e-01	   3.8201310e+00	   1.1435439e+02	   8.4100107e-03	   1.3135414e-12	
   9.7000000e-01	   3.8118931e+00	   1.1434639e+02	   8.3300777e-03	   1.3110521e-12	
   9.8000000e-01	   3.8027213e+00	   1.1433695e+02	   8.2510231e-03	   1.3082863e-12	
   9.9000000e-01	   3.7928864e+00	   1.1432649e+02	   8.1728541e-03	   1.3053269e-12	
   1.0000000e+00	   3.7834133e+00	   1.1431658e+02	   8.0955877e-03	   1.3024828e-12	
