   0.0000000e+00	   0.0000000e+00	   0.0000000e+00	   1.0494312e-01	   5.4504287e-13	
   1.0000000e-02	   2.0747977e-03	   8.3512375e+01	   8.8456638e-02	   5.4530332e-13	
   2.0000000e-02	   1.9410501e-02	   9.0454600e+01	   7.7158877e-02	   5.4748435e-13	
   3.0000000e-02	   3.0862498e-02	   9.2543082e+01	   6.8859543e-02	   5.4892993e-13	
   4.0000000e-02	   5.3939697e-02	   9.4738865e+01	   6.2395277e-02	   5.5185455e-13	
   5.0000000e-02	   7.3725130e-02	   9.6078258e+01	   5.7263884e-02	   5.5437441e-13	
   6.0000000e-02	   7.4151521e-02	   9.6404478e+01	   5.3080001e-02	   5.5442884e-13	
   7.0000000e-02	   8.6644834e-02	   9.7153970e+01	   4.9544675e-02	   5.5602606e-13	
   8.0000000e-02	   1.1296599e-01	   9.8194440e+01	   4.6493515e-02	   5.5940618e-13	
   9.0000000e-02	   1.1602780e-01	   9.8493352e+01	   4.3844159e-02	   5.5980070e-13	
   1.0000000e-01	   1.0117416e-01	   9.8332941e+01	   4.1536390e-02	   5.5788936e-13	
   1.1000000e-01	   9.9515893e-02	   9.8509395e+01	   3.9510630e-02	   5.5767638e-13	
   1.2000000e-01	   1.2490725e-01	   9.9281931e+01	   3.7711413e-02	   5.6094643e-13	
   1.3000000e-01	   1.7139567e-01	   1.0030256e+02	   3.6092767e-02	   5.6698325e-13	
   1.4000000e-01	   2.3179179e-01	   1.0131996e+02	   3.4619080e-02	   5.7492321e-13	
   1.5000000e-01	   3.1259207e-01	   1.0237277e+02	   3.3263979e-02	   5.8571975e-13	
   1.6000000e-01	   4.4430789e-01	   1.0366877e+02	   3.2009091e-02	   6.0375599e-13	
   1.7000000e-01	   6.7160779e-01	   1.0529660e+02	   3.0842765e-02	   6.3619674e-13	
   1.8000000e-01	   1.0100985e+00	   1.0703602e+02	   2.9758264e-02	   6.8776569e-13	
   1.9000000e-01	   1.4242667e+00	   1.0861644e+02	   2.8751426e-02	   7.5658431e-13	
   2.0000000e-01	   1.8732463e+00	   1.0996675e+02	   2.7818429e-02	   8.3898711e-13	
   2.1000000e-01	   2.3557232e+00	   1.1116987e+02	   2.6954462e-02	   9.3756843e-13	
   2.2000000e-01	   2.8774159e+00	   1.1228676e+02	   2.6153508e-02	   1.0572368e-12	
   2.3000000e-01	   3.3890422e+00	   1.1325692e+02	   2.5408888e-02	   1.1894190e-12	
   2.4000000e-01	   3.7998838e+00	   1.1397164e+02	   2.4713961e-02	   1.3074318e-12	
   2.5000000e-01	   4.0459294e+00	   1.1437929e+02	   2.4062645e-02	   1.3836416e-12	
   2.6000000e-01	   4.1220604e+00	   1.1450550e+02	   2.3449657e-02	   1.4081104e-12	
   2.7000000e-01	   4.0744711e+00	   1.1443407e+02	   2.2870540e-02	   1.3927648e-12	
   2.8000000e-01	   3.9817778e+00	   1.1428936e+02	   2.2321589e-02	   1.3633534e-12	
   2.9000000e-01	   3.9226479e+00	   1.1419747e+02	   2.1799731e-02	   1.3449169e-12	
   3.0000000e-01	   3.9393809e+00	   1.1422853e+02	   2.1302421e-02	   1.3501087e-12	
   3.1000000e-01	   4.0207815e+00	   1.1436347e+02	   2.0827541e-02	   1.3756527e-12	
   3.2000000e-01	   4.1175495e+00	   1.1452098e+02	   2.0373327e-02	   1.4066486e-12	
   3.3000000e-01	   4.1879530e+00	   1.1463515e+02	   1.9938304e-02	   1.4296376e-12	
   3.4000000e-01	   4.2268442e+00	   1.1469940e+02	   1.9521219e-02	   1.4424975e-12	
   3.5000000e-01	   4.2446610e+00	   1.1473090e+02	   1.9120992e-02	   1.4484275e-12	
   3.6000000e-01	   4.2416222e+00	   1.1473030e+02	   1.8736662e-02	   1.4474144e-12	
   3.7000000e-01	   4.2181238e+00	   1.1469820e+02	   1.8367356e-02	   1.4396040e-12	
   3.8000000e-01	   4.1879411e+00	   1.1465579e+02	   1.8012250e-02	   1.4296337e-12	
   3.9000000e-01	   4.1636651e+00	   1.1462259e+02	   1.7670562e-02	   1.4216647e-12	
   4.0000000e-01	   4.1433967e+00	   1.1459564e+02	   1.7341533e-02	   1.4150453e-12	
   4.1000000e-01	   4.1195696e+00	   1.1456308e+02	   1.7024431e-02	   1.4073030e-12	
   4.2000000e-01	   4.0895428e+00	   1.1452075e+02	   1.6718545e-02	   1.3976066e-12	
   4.3000000e-01	   4.0589569e+00	   1.1447746e+02	   1.6423195e-02	   1.3877983e-12	
   4.4000000e-01	   4.0387559e+00	   1.1445049e+02	   1.6137728e-02	   1.3813580e-12	
   4.5000000e-01	   4.0332183e+00	   1.1444668e+02	   1.5861526e-02	   1.3795978e-12	
   4.6000000e-01	   4.0350369e+00	   1.1445448e+02	   1.5594004e-02	   1.3801756e-12	
   4.7000000e-01	   4.0349916e+00	   1.1445934e+02	   1.5334620e-02	   1.3801612e-12	
   4.8000000e-01	   4.0288435e+00	   1.1445459e+02	   1.5082878e-02	   1.3782088e-12	
   4.9000000e-01	   4.0157292e+00	   1.1443888e+02	   1.4838326e-02	   1.3740533e-12	
   5.0000000e-01	   3.9971381e+00	   1.1441453e+02	   1.4600571e-02	   1.3681839e-12	
   5.1000000e-01	   3.9783415e+00	   1.1438984e+02	   1.4369271e-02	   1.3622751e-12	
   5.2000000e-01	   3.9658751e+00	   1.1437513e+02	   1.4144143e-02	   1.3583703e-12	
   5.3000000e-01	   3.9611486e+00	   1.1437265e+02	   1.3924960e-02	   1.3568927e-12	
   5.4000000e-01	   3.9598217e+00	   1.1437552e+02	   1.3711544e-02	   1.3564782e-12	
   5.5000000e-01	   3.9574935e+00	   1.1437680e+02	   1.3503763e-02	   1.3557512e-12	
   5.6000000e-01	   3.9528312e+00	   1.1437440e+02	   1.3301517e-02	   1.3542966e-12	
   5.7000000e-01	   3.9468140e+00	   1.1436986e+02	   1.3104732e-02	   1.3524215e-12	
   5.8000000e-01	   3.9404988e+00	   1.1436486e+02	   1.2913345e-02	   1.3504563e-12	
   5.9000000e-01	   3.9327173e+00	   1.1435755e+02	   1.2727299e-02	   1.3480388e-12	
   6.0000000e-01	   3.9214698e+00	   1.1434479e+02	   1.2546528e-02	   1.3445521e-12	
   6.1000000e-01	   3.9073427e+00	   1.1432750e+02	   1.2370958e-02	   1.3401855e-12	
   6.2000000e-01	   3.8932464e+00	   1.1431024e+02	   1.2200496e-02	   1.3358426e-12	
   6.3000000e-01	   3.8820618e+00	   1.1429758e+02	   1.2035038e-02	   1.3324068e-12	
   6.4000000e-01	   3.8751374e+00	   1.1429165e+02	   1.1874460e-02	   1.3302841e-12	
   6.5000000e-01	   3.8709185e+00	   1.1428997e+02	   1.1718627e-02	   1.3289924e-12	
   6.6000000e-01	   3.8657146e+00	   1.1428675e+02	   1.1567394e-02	   1.3274009e-12	
   6.7000000e-01	   3.8571924e+00	   1.1427829e+02	   1.1420608e-02	   1.3247987e-12	
   6.8000000e-01	   3.8461003e+00	   1.1426579e+02	   1.1278108e-02	   1.3214194e-12	
   6.9000000e-01	   3.8346841e+00	   1.1425277e+02	   1.1139732e-02	   1.3179504e-12	
   7.0000000e-01	   3.8249219e+00	   1.1424236e+02	   1.1005318e-02	   1.3149912e-12	
   7.1000000e-01	   3.8176846e+00	   1.1423594e+02	   1.0874701e-02	   1.3128017e-12	
   7.2000000e-01	   3.8116415e+00	   1.1423139e+02	   1.0747716e-02	   1.3109762e-12	
   7.3000000e-01	   3.8039285e+00	   1.1422422e+02	   1.0624201e-02	   1.3086500e-12	
   7.4000000e-01	   3.7936088e+00	   1.1421295e+02	   1.0503993e-02	   1.3055441e-12	
   7.5000000e-01	   3.7827761e+00	   1.1420086e+02	   1.0386933e-02	   1.3022917e-12	
   7.6000000e-01	   3.7736772e+00	   1.1419151e+02	   1.0272862e-02	   1.2995661e-12	
   7.7000000e-01	   3.7666640e+00	   1.1418545e+02	   1.0161623e-02	   1.2974692e-12	
   7.8000000e-01	   3.7601614e+00	   1.1418020e+02	   1.0053063e-02	   1.2955280e-12	
   7.9000000e-01	   3.7517536e+00	   1.1417193e+02	   9.9470309e-03	   1.2930223e-12	
   8.0000000e-01	   3.7409205e+00	   1.1415985e+02	   9.8433805e-03	   1.2898010e-12	
   8.1000000e-01	   3.7300017e+00	   1.1414762e+02	   9.7419688e-03	   1.2865623e-12	
   8.2000000e-01	   3.7211539e+00	   1.1413866e+02	   9.6426574e-03	   1.2839439e-12	
   8.3000000e-01	   3.7141674e+00	   1.1413264e+02	   9.5453131e-03	   1.2818801e-12	
   8.4000000e-01	   3.7075154e+00	   1.1412714e+02	   9.4498079e-03	   1.2799182e-12	
   8.5000000e-01	   3.6996823e+00	   1.1411978e+02	   9.3560199e-03	   1.2776117e-12	
   8.6000000e-01	   3.6900825e+00	   1.1410963e+02	   9.2638332e-03	   1.2747908e-12	
   8.7000000e-01	   3.6796982e+00	   1.1409825e+02	   9.1731388e-03	   1.2717463e-12	
   8.8000000e-01	   3.6700809e+00	   1.1408808e+02	   9.0838349e-03	   1.2689332e-12	
   8.9000000e-01	   3.6617199e+00	   1.1407989e+02	   8.9958270e-03	   1.2664926e-12	
   9.0000000e-01	   3.6539578e+00	   1.1407265e+02	   8.9090293e-03	   1.2642310e-12	
   9.1000000e-01	   3.6459237e+00	   1.1406498e+02	   8.8233645e-03	   1.2618944e-12	
   9.2000000e-01	   3.6371032e+00	   1.1405608e+02	   8.7387645e-03	   1.2593341e-12	
   9.3000000e-01	   3.6277507e+00	   1.1404633e+02	   8.6551714e-03	   1.2566251e-12	
   9.4000000e-01	   3.6188372e+00	   1.1403728e+02	   8.5725374e-03	   1.2540486e-12	
   9.5000000e-01	   3.6107999e+00	   1.1402961e+02	   8.4908258e-03	   1.2517300e-12	
   9.6000000e-01	   3.6028520e+00	   1.1402208e+02	   8.4100107e-03	   1.2494413e-12	
   9.7000000e-01	   3.5940871e+00	   1.1401327e+02	   8.3300777e-03	   1.2469222e-12	
   9.8000000e-01	   3.5844518e+00	   1.1400307e+02	   8.2510231e-03	   1.2441589e-12	
   9.9000000e-01	   3.5747135e+00	   1.1399272e+02	   8.1728541e-03	   1.2413722e-12	
   1.0000000e+00	   3.5659598e+00	   1.1398391e+02	   8.0955877e-03	   1.2388726e-12	
