   0.0000000e+00	   0.0000000e+00	   0.0000000e+00	   1.0494312e-01	   5.4504287e-13	
   1.0000000e-02	   1.0517653e-03	   8.3038237e+01	   8.8456638e-02	   5.4517488e-13	
   2.0000000e-02	  -8.5074788e-03	   7.3491462e+01	   7.7158877e-02	   5.4397622e-13	
   3.0000000e-02	  -1.2914306e-02	   7.9084662e+01	   6.8859543e-02	   5.4342452e-13	
   4.0000000e-02	  -2.0366635e-02	   7.6046630e+01	   6.2395277e-02	   5.4249282e-13	
   5.0000000e-02	  -2.5529712e-02	   8.0377309e+01	   5.7263884e-02	   5.4184827e-13	
   6.0000000e-02	  -3.4736674e-02	   7.4947073e+01	   5.3080001e-02	   5.4070078e-13	
   7.0000000e-02	  -4.0193452e-02	   8.0521611e+01	   4.9544675e-02	   5.4002183e-13	
   8.0000000e-02	  -4.9388341e-02	   7.7314406e+01	   4.6493515e-02	   5.3887970e-13	
   9.0000000e-02	  -5.5324565e-02	   8.1153975e+01	   4.3844159e-02	   5.3814363e-13	
   1.0000000e-01	  -6.4965066e-02	   7.8165554e+01	   4.1536390e-02	   5.3695038e-13	
   1.1000000e-01	  -7.2044839e-02	   8.0230275e+01	   3.9510630e-02	   5.3607577e-13	
   1.2000000e-01	  -8.1044078e-02	   7.8599147e+01	   3.7711413e-02	   5.3496609e-13	
   1.3000000e-01	  -8.8858026e-02	   7.9445390e+01	   3.6092767e-02	   5.3400443e-13	
   1.4000000e-01	  -9.7297972e-02	   7.9060049e+01	   3.4619080e-02	   5.3296767e-13	
   1.5000000e-01	  -1.0547008e-01	   7.9283719e+01	   3.3263979e-02	   5.3196573e-13	
   1.6000000e-01	  -1.1384471e-01	   7.9149525e+01	   3.2009091e-02	   5.3094091e-13	
   1.7000000e-01	  -1.2234126e-01	   7.8801046e+01	   3.0842765e-02	   5.2990319e-13	
   1.8000000e-01	  -1.3058751e-01	   7.9042837e+01	   2.9758264e-02	   5.2889798e-13	
   1.9000000e-01	  -1.3910155e-01	   7.8754480e+01	   2.8751426e-02	   5.2786213e-13	
   2.0000000e-01	  -1.4744419e-01	   7.8890358e+01	   2.7818429e-02	   5.2684910e-13	
   2.1000000e-01	  -1.5604641e-01	   7.8490950e+01	   2.6954462e-02	   5.2580658e-13	
   2.2000000e-01	  -1.6428355e-01	   7.8961679e+01	   2.6153508e-02	   5.2481024e-13	
   2.3000000e-01	  -1.7289984e-01	   7.8628275e+01	   2.5408888e-02	   5.2377007e-13	
   2.4000000e-01	  -1.8146147e-01	   7.8441944e+01	   2.4713961e-02	   5.2273853e-13	
   2.5000000e-01	  -1.8978303e-01	   7.8839725e+01	   2.4062645e-02	   5.2173786e-13	
   2.6000000e-01	  -1.9854888e-01	   7.8241892e+01	   2.3449657e-02	   5.2068585e-13	
   2.7000000e-01	  -2.0689741e-01	   7.8647813e+01	   2.2870540e-02	   5.1968588e-13	
   2.8000000e-01	  -2.1549989e-01	   7.8477893e+01	   2.2321589e-02	   5.1865751e-13	
   2.9000000e-01	  -2.2410613e-01	   7.8312472e+01	   2.1799731e-02	   5.1763072e-13	
   3.0000000e-01	  -2.3259692e-01	   7.8440704e+01	   2.1302421e-02	   5.1661971e-13	
   3.1000000e-01	  -2.4116685e-01	   7.8394979e+01	   2.0827541e-02	   5.1560127e-13	
   3.2000000e-01	  -2.4978183e-01	   7.8253730e+01	   2.0373327e-02	   5.1457950e-13	
   3.3000000e-01	  -2.5832139e-01	   7.8308388e+01	   1.9938304e-02	   5.1356867e-13	
   3.4000000e-01	  -2.6688818e-01	   7.8309170e+01	   1.9521219e-02	   5.1255661e-13	
   3.5000000e-01	  -2.7551254e-01	   7.8181358e+01	   1.9120992e-02	   5.1153977e-13	
   3.6000000e-01	  -2.8406775e-01	   7.8235021e+01	   1.8736662e-02	   5.1053308e-13	
   3.7000000e-01	  -2.9264694e-01	   7.8240980e+01	   1.8367356e-02	   5.0952555e-13	
   3.8000000e-01	  -3.0129999e-01	   7.8074942e+01	   1.8012250e-02	   5.0851136e-13	
   3.9000000e-01	  -3.0985514e-01	   7.8162952e+01	   1.7670562e-02	   5.0751063e-13	
   4.0000000e-01	  -3.1842149e-01	   7.8231019e+01	   1.7341533e-02	   5.0651057e-13	
   4.1000000e-01	  -3.2712964e-01	   7.7954474e+01	   1.7024431e-02	   5.0549597e-13	
   4.2000000e-01	  -3.3566590e-01	   7.8118193e+01	   1.6718545e-02	   5.0450337e-13	
   4.3000000e-01	  -3.4426195e-01	   7.8137128e+01	   1.6423195e-02	   5.0350578e-13	
   4.4000000e-01	  -3.5294186e-01	   7.7952119e+01	   1.6137728e-02	   5.0250047e-13	
   4.5000000e-01	  -3.6153061e-01	   7.8003629e+01	   1.5861526e-02	   5.0150769e-13	
   4.6000000e-01	  -3.7010732e-01	   7.8090222e+01	   1.5594004e-02	   5.0051826e-13	
   4.7000000e-01	  -3.7880995e-01	   7.7864059e+01	   1.5334620e-02	   4.9951630e-13	
   4.8000000e-01	  -3.8737911e-01	   7.7984219e+01	   1.5082878e-02	   4.9853167e-13	
   4.9000000e-01	  -3.9599360e-01	   7.7993355e+01	   1.4838326e-02	   4.9754378e-13	
   5.0000000e-01	  -4.0467265e-01	   7.7842900e+01	   1.4600571e-02	   4.9655047e-13	
   5.1000000e-01	  -4.1327851e-01	   7.7885665e+01	   1.4369271e-02	   4.9556749e-13	
   5.2000000e-01	  -4.2188339e-01	   7.7935227e+01	   1.4144143e-02	   4.9458657e-13	
   5.3000000e-01	  -4.3055264e-01	   7.7824375e+01	   1.3924960e-02	   4.9360028e-13	
   5.4000000e-01	  -4.3919114e-01	   7.7796538e+01	   1.3711544e-02	   4.9261944e-13	
   5.5000000e-01	  -4.4780360e-01	   7.7840336e+01	   1.3503763e-02	   4.9164350e-13	
   5.6000000e-01	  -4.5644358e-01	   7.7816593e+01	   1.3301517e-02	   4.9066638e-13	
   5.7000000e-01	  -4.6509380e-01	   7.7769780e+01	   1.3104732e-02	   4.8969005e-13	
   5.8000000e-01	  -4.7373938e-01	   7.7738397e+01	   1.2913345e-02	   4.8871618e-13	
   5.9000000e-01	  -4.8236194e-01	   7.7770749e+01	   1.2727299e-02	   4.8774684e-13	
   6.0000000e-01	  -4.9099266e-01	   7.7785172e+01	   1.2546528e-02	   4.8677851e-13	
   6.1000000e-01	  -4.9967469e-01	   7.7669080e+01	   1.2370958e-02	   4.8580635e-13	
   6.2000000e-01	  -5.0830046e-01	   7.7704320e+01	   1.2200496e-02	   4.8484242e-13	
   6.3000000e-01	  -5.1692348e-01	   7.7749930e+01	   1.2035038e-02	   4.8388071e-13	
   6.4000000e-01	  -5.2560350e-01	   7.7650207e+01	   1.1874460e-02	   4.8291457e-13	
   6.5000000e-01	  -5.3425348e-01	   7.7632695e+01	   1.1718627e-02	   4.8195369e-13	
   6.6000000e-01	  -5.4287680e-01	   7.7688962e+01	   1.1567394e-02	   4.8099768e-13	
   6.7000000e-01	  -5.5154182e-01	   7.7638953e+01	   1.1420608e-02	   4.8003895e-13	
   6.8000000e-01	  -5.6022056e-01	   7.7555126e+01	   1.1278108e-02	   4.7908062e-13	
   6.9000000e-01	  -5.6883323e-01	   7.7649736e+01	   1.1139732e-02	   4.7813148e-13	
   7.0000000e-01	  -5.7749749e-01	   7.7610551e+01	   1.1005318e-02	   4.7717855e-13	
   7.1000000e-01	  -5.8618109e-01	   7.7522026e+01	   1.0874701e-02	   4.7622539e-13	
   7.2000000e-01	  -5.9481750e-01	   7.7561800e+01	   1.0747716e-02	   4.7527931e-13	
   7.3000000e-01	  -6.0345382e-01	   7.7603524e+01	   1.0624201e-02	   4.7433512e-13	
   7.4000000e-01	  -6.1214063e-01	   7.7513729e+01	   1.0503993e-02	   4.7338729e-13	
   7.5000000e-01	  -6.2081333e-01	   7.7462947e+01	   1.0386933e-02	   4.7244290e-13	
   7.6000000e-01	  -6.2943009e-01	   7.7564015e+01	   1.0272862e-02	   4.7150646e-13	
   7.7000000e-01	  -6.3810764e-01	   7.7505354e+01	   1.0161623e-02	   4.7056530e-13	
   7.8000000e-01	  -6.4679376e-01	   7.7425146e+01	   1.0053063e-02	   4.6962508e-13	
   7.9000000e-01	  -6.5543788e-01	   7.7460199e+01	   9.9470309e-03	   4.6869128e-13	
   8.0000000e-01	  -6.6408512e-01	   7.7488599e+01	   9.8433805e-03	   4.6775899e-13	
   8.1000000e-01	  -6.7277040e-01	   7.7417200e+01	   9.7419688e-03	   4.6682448e-13	
   8.2000000e-01	  -6.8144626e-01	   7.7372512e+01	   9.6426574e-03	   4.6589284e-13	
   8.3000000e-01	  -6.9008173e-01	   7.7438726e+01	   9.5453131e-03	   4.6496738e-13	
   8.4000000e-01	  -6.9875755e-01	   7.7397746e+01	   9.4498079e-03	   4.6403945e-13	
   8.5000000e-01	  -7.0743886e-01	   7.7342941e+01	   9.3560199e-03	   4.6311279e-13	
   8.6000000e-01	  -7.1609229e-01	   7.7364869e+01	   9.2638332e-03	   4.6219094e-13	
   8.7000000e-01	  -7.2474955e-01	   7.7377211e+01	   9.1731388e-03	   4.6127053e-13	
   8.8000000e-01	  -7.3343027e-01	   7.7326844e+01	   9.0838349e-03	   4.6034945e-13	
   8.9000000e-01	  -7.4210029e-01	   7.7305954e+01	   8.9958270e-03	   4.5943135e-13	
   9.0000000e-01	  -7.5074569e-01	   7.7352222e+01	   8.9090293e-03	   4.5851768e-13	
   9.1000000e-01	  -7.5942358e-01	   7.7310930e+01	   8.8233645e-03	   4.5760241e-13	
   9.2000000e-01	  -7.6809981e-01	   7.7274279e+01	   8.7387645e-03	   4.5668913e-13	
   9.3000000e-01	  -7.7675368e-01	   7.7298764e+01	   8.6551714e-03	   4.5578003e-13	
   9.4000000e-01	  -7.8541443e-01	   7.7304906e+01	   8.5725374e-03	   4.5487201e-13	
   9.5000000e-01	  -7.9409567e-01	   7.7256046e+01	   8.4908258e-03	   4.5396366e-13	
   9.6000000e-01	  -8.0276650e-01	   7.7236014e+01	   8.4100107e-03	   4.5305822e-13	
   9.7000000e-01	  -8.1141510e-01	   7.7277155e+01	   8.3300777e-03	   4.5215689e-13	
   9.8000000e-01	  -8.2009270e-01	   7.7240506e+01	   8.2510231e-03	   4.5125434e-13	
   9.9000000e-01	  -8.2877188e-01	   7.7200325e+01	   8.1728541e-03	   4.5035343e-13	
   1.0000000e+00	  -8.3743180e-01	   7.7213746e+01	   8.0955877e-03	   4.4945631e-13	
