   0.0000000e+00	   0.0000000e+00	   0.0000000e+00	   1.0494312e-01	   5.4504287e-13	
   1.0000000e-02	   2.1792997e-03	   8.3612967e+01	   8.8456638e-02	   5.4531644e-13	
   2.0000000e-02	   1.9611813e-02	   9.0505820e+01	   7.7158877e-02	   5.4750973e-13	
   3.0000000e-02	   2.9454284e-02	   9.2423395e+01	   6.8859543e-02	   5.4875196e-13	
   4.0000000e-02	   5.0993022e-02	   9.4581378e+01	   6.2395277e-02	   5.5148025e-13	
   5.0000000e-02	   6.8903033e-02	   9.5882964e+01	   5.7263884e-02	   5.5375921e-13	
   6.0000000e-02	   6.6273082e-02	   9.6094959e+01	   5.3080001e-02	   5.5342397e-13	
   7.0000000e-02	   7.1101579e-02	   9.6611819e+01	   4.9544675e-02	   5.5403961e-13	
   8.0000000e-02	   9.3393494e-02	   9.7653688e+01	   4.6493515e-02	   5.5689076e-13	
   9.0000000e-02	   9.8814303e-02	   9.8056622e+01	   4.3844159e-02	   5.5758629e-13	
   1.0000000e-01	   8.5878215e-02	   9.7933110e+01	   4.1536390e-02	   5.5592791e-13	
   1.1000000e-01	   8.2228589e-02	   9.8071172e+01	   3.9510630e-02	   5.5546093e-13	
   1.2000000e-01	   1.0131043e-01	   9.8772479e+01	   3.7711413e-02	   5.5790686e-13	
   1.3000000e-01	   1.3543285e-01	   9.9672308e+01	   3.6092767e-02	   5.6230759e-13	
   1.4000000e-01	   1.7610445e-01	   1.0052129e+02	   3.4619080e-02	   5.6759832e-13	
   1.5000000e-01	   2.3066158e-01	   1.0141791e+02	   3.3263979e-02	   5.7477361e-13	
   1.6000000e-01	   3.2783879e-01	   1.0262340e+02	   3.2009091e-02	   5.8777964e-13	
   1.7000000e-01	   5.0319950e-01	   1.0420096e+02	   3.0842765e-02	   6.1199885e-13	
   1.8000000e-01	   7.6230892e-01	   1.0586719e+02	   2.9758264e-02	   6.4962324e-13	
   1.9000000e-01	   1.0691125e+00	   1.0733191e+02	   2.8751426e-02	   6.9717517e-13	
   2.0000000e-01	   1.3916662e+00	   1.0854791e+02	   2.7818429e-02	   7.5092624e-13	
   2.1000000e-01	   1.7388767e+00	   1.0963159e+02	   2.6954462e-02	   8.1342652e-13	
   2.2000000e-01	   2.1241170e+00	   1.1065588e+02	   2.6153508e-02	   8.8887841e-13	
   2.3000000e-01	   2.5065897e+00	   1.1154674e+02	   2.5408888e-02	   9.7071028e-13	
   2.4000000e-01	   2.8046999e+00	   1.1217884e+02	   2.4713961e-02	   1.0396823e-12	
   2.5000000e-01	   2.9599723e+00	   1.1249360e+02	   2.4062645e-02	   1.0775263e-12	
   2.6000000e-01	   2.9718844e+00	   1.1252413e+02	   2.3449657e-02	   1.0804859e-12	
   2.7000000e-01	   2.8943270e+00	   1.1238043e+02	   2.2870540e-02	   1.0613616e-12	
   2.8000000e-01	   2.8086296e+00	   1.1221809e+02	   2.2321589e-02	   1.0406235e-12	
   2.9000000e-01	   2.7804936e+00	   1.1216893e+02	   2.1799731e-02	   1.0339035e-12	
   3.0000000e-01	   2.8275972e+00	   1.1226976e+02	   2.1302421e-02	   1.0451783e-12	
   3.1000000e-01	   2.9164642e+00	   1.1245059e+02	   2.0827541e-02	   1.0667854e-12	
   3.2000000e-01	   2.9936866e+00	   1.1260541e+02	   2.0373327e-02	   1.0859237e-12	
   3.3000000e-01	   3.0337287e+00	   1.1268766e+02	   1.9938304e-02	   1.0959823e-12	
   3.4000000e-01	   3.0471652e+00	   1.1271945e+02	   1.9521219e-02	   1.0993783e-12	
   3.5000000e-01	   3.0458938e+00	   1.1272384e+02	   1.9120992e-02	   1.0990566e-12	
   3.6000000e-01	   3.0288632e+00	   1.1269892e+02	   1.8736662e-02	   1.0947551e-12	
   3.7000000e-01	   3.0001471e+00	   1.1265214e+02	   1.8367356e-02	   1.0875403e-12	
   3.8000000e-01	   2.9718148e+00	   1.1260602e+02	   1.8012250e-02	   1.0804686e-12	
   3.9000000e-01	   2.9477326e+00	   1.1256787e+02	   1.7670562e-02	   1.0744938e-12	
   4.0000000e-01	   2.9226641e+00	   1.1252775e+02	   1.7341533e-02	   1.0683094e-12	
   4.1000000e-01	   2.8938553e+00	   1.1248036e+02	   1.7024431e-02	   1.0612463e-12	
   4.2000000e-01	   2.8655653e+00	   1.1243382e+02	   1.6718545e-02	   1.0543558e-12	
   4.3000000e-01	   2.8471090e+00	   1.1240614e+02	   1.6423195e-02	   1.0498846e-12	
   4.4000000e-01	   2.8435811e+00	   1.1240727e+02	   1.6137728e-02	   1.0490321e-12	
   4.5000000e-01	   2.8479360e+00	   1.1242358e+02	   1.5861526e-02	   1.0500845e-12	
   4.6000000e-01	   2.8489434e+00	   1.1243342e+02	   1.5594004e-02	   1.0503281e-12	
   4.7000000e-01	   2.8418087e+00	   1.1242762e+02	   1.5334620e-02	   1.0486040e-12	
   4.8000000e-01	   2.8275364e+00	   1.1240812e+02	   1.5082878e-02	   1.0451637e-12	
   4.9000000e-01	   2.8094071e+00	   1.1238120e+02	   1.4838326e-02	   1.0408098e-12	
   5.0000000e-01	   2.7930058e+00	   1.1235758e+02	   1.4600571e-02	   1.0368866e-12	
   5.1000000e-01	   2.7841948e+00	   1.1234858e+02	   1.4369271e-02	   1.0347850e-12	
   5.2000000e-01	   2.7830226e+00	   1.1235428e+02	   1.4144143e-02	   1.0345058e-12	
   5.3000000e-01	   2.7833135e+00	   1.1236277e+02	   1.3924960e-02	   1.0345751e-12	
   5.4000000e-01	   2.7800029e+00	   1.1236431e+02	   1.3711544e-02	   1.0337867e-12	
   5.5000000e-01	   2.7728556e+00	   1.1235849e+02	   1.3503763e-02	   1.0320868e-12	
   5.6000000e-01	   2.7640484e+00	   1.1234950e+02	   1.3301517e-02	   1.0299959e-12	
   5.7000000e-01	   2.7550231e+00	   1.1234009e+02	   1.3104732e-02	   1.0278576e-12	
   5.8000000e-01	   2.7446948e+00	   1.1232818e+02	   1.2913345e-02	   1.0254161e-12	
   5.9000000e-01	   2.7315950e+00	   1.1231096e+02	   1.2727299e-02	   1.0223278e-12	
   6.0000000e-01	   2.7175280e+00	   1.1229187e+02	   1.2546528e-02	   1.0190218e-12	
   6.1000000e-01	   2.7060474e+00	   1.1227775e+02	   1.2370958e-02	   1.0163315e-12	
   6.2000000e-01	   2.6987226e+00	   1.1227163e+02	   1.2200496e-02	   1.0146188e-12	
   6.3000000e-01	   2.6943781e+00	   1.1227125e+02	   1.2035038e-02	   1.0136044e-12	
   6.4000000e-01	   2.6897583e+00	   1.1227033e+02	   1.1874460e-02	   1.0125267e-12	
   6.5000000e-01	   2.6817408e+00	   1.1226289e+02	   1.1718627e-02	   1.0106592e-12	
   6.6000000e-01	   2.6704445e+00	   1.1224915e+02	   1.1567394e-02	   1.0080338e-12	
   6.7000000e-01	   2.6587931e+00	   1.1223472e+02	   1.1420608e-02	   1.0053331e-12	
   6.8000000e-01	   2.6492029e+00	   1.1222426e+02	   1.1278108e-02	   1.0031155e-12	
   6.9000000e-01	   2.6419846e+00	   1.1221835e+02	   1.1139732e-02	   1.0014497e-12	
   7.0000000e-01	   2.6357879e+00	   1.1221441e+02	   1.1005318e-02	   1.0000218e-12	
   7.1000000e-01	   2.6282345e+00	   1.1220786e+02	   1.0874701e-02	   9.9828399e-13	
   7.2000000e-01	   2.6179325e+00	   1.1219604e+02	   1.0747716e-02	   9.9591876e-13	
   7.3000000e-01	   2.6067512e+00	   1.1218254e+02	   1.0624201e-02	   9.9335796e-13	
   7.4000000e-01	   2.5976705e+00	   1.1217307e+02	   1.0503993e-02	   9.9128312e-13	
   7.5000000e-01	   2.5909136e+00	   1.1216807e+02	   1.0386933e-02	   9.8974204e-13	
   7.6000000e-01	   2.5842955e+00	   1.1216334e+02	   1.0272862e-02	   9.8823494e-13	
   7.7000000e-01	   2.5756680e+00	   1.1215474e+02	   1.0161623e-02	   9.8627373e-13	
   7.8000000e-01	   2.5647201e+00	   1.1214168e+02	   1.0053063e-02	   9.8379061e-13	
   7.9000000e-01	   2.5538694e+00	   1.1212881e+02	   9.9470309e-03	   9.8133571e-13	
   8.0000000e-01	   2.5456839e+00	   1.1212106e+02	   9.8433805e-03	   9.7948784e-13	
   8.1000000e-01	   2.5394295e+00	   1.1211702e+02	   9.7419688e-03	   9.7807826e-13	
   8.2000000e-01	   2.5324821e+00	   1.1211164e+02	   9.6426574e-03	   9.7651489e-13	
   8.3000000e-01	   2.5235533e+00	   1.1210245e+02	   9.5453131e-03	   9.7450931e-13	
   8.4000000e-01	   2.5131643e+00	   1.1209047e+02	   9.4498079e-03	   9.7218091e-13	
   8.5000000e-01	   2.5028831e+00	   1.1207869e+02	   9.3560199e-03	   9.6988215e-13	
   8.6000000e-01	   2.4941142e+00	   1.1206982e+02	   9.2638332e-03	   9.6792582e-13	
   8.7000000e-01	   2.4866347e+00	   1.1206342e+02	   9.1731388e-03	   9.6626028e-13	
   8.8000000e-01	   2.4790158e+00	   1.1205677e+02	   9.0838349e-03	   9.6456664e-13	
   8.9000000e-01	   2.4703918e+00	   1.1204818e+02	   8.9958270e-03	   9.6265317e-13	
   9.0000000e-01	   2.4610196e+00	   1.1203816e+02	   8.9090293e-03	   9.6057797e-13	
   9.1000000e-01	   2.4516950e+00	   1.1202824e+02	   8.8233645e-03	   9.5851776e-13	
   9.2000000e-01	   2.4431616e+00	   1.1201983e+02	   8.7387645e-03	   9.5663623e-13	
   9.3000000e-01	   2.4352912e+00	   1.1201270e+02	   8.6551714e-03	   9.5490415e-13	
   9.4000000e-01	   2.4269420e+00	   1.1200465e+02	   8.5725374e-03	   9.5307013e-13	
   9.5000000e-01	   2.4175194e+00	   1.1199454e+02	   8.4908258e-03	   9.5100457e-13	
   9.6000000e-01	   2.4078519e+00	   1.1198395e+02	   8.4100107e-03	   9.4888995e-13	
   9.7000000e-01	   2.3990226e+00	   1.1197497e+02	   8.3300777e-03	   9.4696281e-13	
   9.8000000e-01	   2.3913071e+00	   1.1196813e+02	   8.2510231e-03	   9.4528195e-13	
   9.9000000e-01	   2.3839149e+00	   1.1196191e+02	   8.1728541e-03	   9.4367435e-13	
   1.0000000e+00	   2.3755047e+00	   1.1195373e+02	   8.0955877e-03	   9.4184867e-13	
