   0.0000000e+00	   0.0000000e+00	   0.0000000e+00	   1.0494312e-01	   5.4504287e-13	
   1.0000000e-02	   2.2015656e-03	   8.3633928e+01	   8.8456638e-02	   5.4531923e-13	
   2.0000000e-02	   1.9647625e-02	   9.0515334e+01	   7.7158877e-02	   5.4751424e-13	
   3.0000000e-02	   2.9169732e-02	   9.2398619e+01	   6.8859543e-02	   5.4871601e-13	
   4.0000000e-02	   5.0380241e-02	   9.4547560e+01	   6.2395277e-02	   5.5140244e-13	
   5.0000000e-02	   6.7946208e-02	   9.5842980e+01	   5.7263884e-02	   5.5363722e-13	
   6.0000000e-02	   6.4834586e-02	   9.6036079e+01	   5.3080001e-02	   5.5324069e-13	
   7.0000000e-02	   6.8206652e-02	   9.6502879e+01	   4.9544675e-02	   5.5367042e-13	
   8.0000000e-02	   8.9528803e-02	   9.7538253e+01	   4.6493515e-02	   5.5639541e-13	
   9.0000000e-02	   9.5278369e-02	   9.7960848e+01	   4.3844159e-02	   5.5713250e-13	
   1.0000000e-01	   8.2802732e-02	   9.7847773e+01	   4.1536390e-02	   5.5553437e-13	
   1.1000000e-01	   7.8810653e-02	   9.7978716e+01	   3.9510630e-02	   5.5502395e-13	
   1.2000000e-01	   9.6346970e-02	   9.8656700e+01	   3.7711413e-02	   5.5726961e-13	
   1.3000000e-01	   1.2743313e-01	   9.9518119e+01	   3.6092767e-02	   5.6127277e-13	
   1.4000000e-01	   1.6373637e-01	   1.0032199e+02	   3.4619080e-02	   5.6598419e-13	
   1.5000000e-01	   2.1299491e-01	   1.0118246e+02	   3.3263979e-02	   5.7244023e-13	
   1.6000000e-01	   3.0310048e-01	   1.0236760e+02	   3.2009091e-02	   5.8444104e-13	
   1.7000000e-01	   4.6711577e-01	   1.0393047e+02	   3.0842765e-02	   6.0693508e-13	
   1.8000000e-01	   7.0888304e-01	   1.0557689e+02	   2.9758264e-02	   6.4168068e-13	
   1.9000000e-01	   9.9327600e-01	   1.0701550e+02	   2.8751426e-02	   6.8510677e-13	
   2.0000000e-01	   1.2904194e+00	   1.0820332e+02	   2.7818429e-02	   7.3362243e-13	
   2.1000000e-01	   1.6102848e+00	   1.0926183e+02	   2.6954462e-02	   7.8969454e-13	
   2.2000000e-01	   1.9669507e+00	   1.1026581e+02	   2.6153508e-02	   8.5728599e-13	
   2.3000000e-01	   2.3218407e+00	   1.1113908e+02	   2.5408888e-02	   9.3028224e-13	
   2.4000000e-01	   2.5962848e+00	   1.1175306e+02	   2.4713961e-02	   9.9096687e-13	
   2.5000000e-01	   2.7337213e+00	   1.1204775e+02	   2.4062645e-02	   1.0228284e-12	
   2.6000000e-01	   2.7348574e+00	   1.1205841e+02	   2.3449657e-02	   1.0230960e-12	
   2.7000000e-01	   2.6543744e+00	   1.1190112e+02	   2.2870540e-02	   1.0043107e-12	
   2.8000000e-01	   2.5723134e+00	   1.1173747e+02	   2.2321589e-02	   9.8551218e-13	
   2.9000000e-01	   2.5502899e+00	   1.1169894e+02	   2.1799731e-02	   9.8052721e-13	
   3.0000000e-01	   2.6010281e+00	   1.1181368e+02	   2.1302421e-02	   9.9204979e-13	
   3.1000000e-01	   2.6879413e+00	   1.1200082e+02	   2.0827541e-02	   1.0121032e-12	
   3.2000000e-01	   2.7587109e+00	   1.1215133e+02	   2.0373327e-02	   1.0287308e-12	
   3.3000000e-01	   2.7919211e+00	   1.1222483e+02	   1.9938304e-02	   1.0366276e-12	
   3.4000000e-01	   2.8006248e+00	   1.1224948e+02	   1.9521219e-02	   1.0387072e-12	
   3.5000000e-01	   2.7962900e+00	   1.1224858e+02	   1.9120992e-02	   1.0376710e-12	
   3.6000000e-01	   2.7775820e+00	   1.1221951e+02	   1.8736662e-02	   1.0332106e-12	
   3.7000000e-01	   2.7489558e+00	   1.1217083e+02	   1.8367356e-02	   1.0264227e-12	
   3.8000000e-01	   2.7214958e+00	   1.1212439e+02	   1.8012250e-02	   1.0199532e-12	
   3.9000000e-01	   2.6975763e+00	   1.1208493e+02	   1.7670562e-02	   1.0143511e-12	
   4.0000000e-01	   2.6721211e+00	   1.1204226e+02	   1.7341533e-02	   1.0084231e-12	
   4.1000000e-01	   2.6436171e+00	   1.1199329e+02	   1.7024431e-02	   1.0018262e-12	
   4.2000000e-01	   2.6172828e+00	   1.1194856e+02	   1.6718545e-02	   9.9576977e-13	
   4.3000000e-01	   2.6021680e+00	   1.1192662e+02	   1.6423195e-02	   9.9231022e-13	
   4.4000000e-01	   2.6013503e+00	   1.1193382e+02	   1.6137728e-02	   9.9212339e-13	
   4.5000000e-01	   2.6060337e+00	   1.1195218e+02	   1.5861526e-02	   9.9319387e-13	
   4.6000000e-01	   2.6055041e+00	   1.1195992e+02	   1.5594004e-02	   9.9307276e-13	
   4.7000000e-01	   2.5965303e+00	   1.1195055e+02	   1.5334620e-02	   9.9102290e-13	
   4.8000000e-01	   2.5811465e+00	   1.1192820e+02	   1.5082878e-02	   9.8751865e-13	
   4.9000000e-01	   2.5632123e+00	   1.1190065e+02	   1.4838326e-02	   9.8344909e-13	
   5.0000000e-01	   2.5485441e+00	   1.1187971e+02	   1.4600571e-02	   9.8013314e-13	
   5.1000000e-01	   2.5420870e+00	   1.1187547e+02	   1.4369271e-02	   9.7867694e-13	
   5.2000000e-01	   2.5420958e+00	   1.1188437e+02	   1.4144143e-02	   9.7867893e-13	
   5.3000000e-01	   2.5417453e+00	   1.1189249e+02	   1.3924960e-02	   9.7859996e-13	
   5.4000000e-01	   2.5369786e+00	   1.1189165e+02	   1.3711544e-02	   9.7752646e-13	
   5.5000000e-01	   2.5286482e+00	   1.1188359e+02	   1.3503763e-02	   9.7565321e-13	
   5.6000000e-01	   2.5192035e+00	   1.1187328e+02	   1.3301517e-02	   9.7353375e-13	
   5.7000000e-01	   2.5096813e+00	   1.1186282e+02	   1.3104732e-02	   9.7140153e-13	
   5.8000000e-01	   2.4986348e+00	   1.1184928e+02	   1.2913345e-02	   9.6893387e-13	
   5.9000000e-01	   2.4851523e+00	   1.1183080e+02	   1.2727299e-02	   9.6593051e-13	
   6.0000000e-01	   2.4718106e+00	   1.1181260e+02	   1.2546528e-02	   9.6296770e-13	
   6.1000000e-01	   2.4618578e+00	   1.1180128e+02	   1.2370958e-02	   9.6076337e-13	
   6.2000000e-01	   2.4558467e+00	   1.1179797e+02	   1.2200496e-02	   9.5943450e-13	
   6.3000000e-01	   2.4517569e+00	   1.1179856e+02	   1.2035038e-02	   9.5853141e-13	
   6.4000000e-01	   2.4461335e+00	   1.1179604e+02	   1.1874460e-02	   9.5729107e-13	
   6.5000000e-01	   2.4367136e+00	   1.1178582e+02	   1.1718627e-02	   9.5521694e-13	
   6.6000000e-01	   2.4248661e+00	   1.1177068e+02	   1.1567394e-02	   9.5261469e-13	
   6.7000000e-01	   2.4138192e+00	   1.1175715e+02	   1.1420608e-02	   9.5019465e-13	
   6.8000000e-01	   2.4052578e+00	   1.1174868e+02	   1.1278108e-02	   9.4832333e-13	
   6.9000000e-01	   2.3986427e+00	   1.1174415e+02	   1.1139732e-02	   9.4687996e-13	
   7.0000000e-01	   2.3921477e+00	   1.1173986e+02	   1.1005318e-02	   9.4546495e-13	
   7.1000000e-01	   2.3835663e+00	   1.1173135e+02	   1.0874701e-02	   9.4359860e-13	
   7.2000000e-01	   2.3725743e+00	   1.1171796e+02	   1.0747716e-02	   9.4121338e-13	
   7.3000000e-01	   2.3619128e+00	   1.1170523e+02	   1.0624201e-02	   9.3890562e-13	
   7.4000000e-01	   2.3539046e+00	   1.1169790e+02	   1.0503993e-02	   9.3717592e-13	
   7.5000000e-01	   2.3475235e+00	   1.1169386e+02	   1.0386933e-02	   9.3579994e-13	
   7.6000000e-01	   2.3402601e+00	   1.1168804e+02	   1.0272862e-02	   9.3423616e-13	
   7.7000000e-01	   2.3306007e+00	   1.1167735e+02	   1.0161623e-02	   9.3216058e-13	
   7.8000000e-01	   2.3193438e+00	   1.1166342e+02	   1.0053063e-02	   9.2974754e-13	
   7.9000000e-01	   2.3094222e+00	   1.1165220e+02	   9.9470309e-03	   9.2762592e-13	
   8.0000000e-01	   2.3023581e+00	   1.1164677e+02	   9.8433805e-03	   9.2611832e-13	
   8.1000000e-01	   2.2961383e+00	   1.1164306e+02	   9.7419688e-03	   9.2479290e-13	
   8.2000000e-01	   2.2882852e+00	   1.1163602e+02	   9.6426574e-03	   9.2312216e-13	
   8.3000000e-01	   2.2784696e+00	   1.1162501e+02	   9.5453131e-03	   9.2103814e-13	
   8.4000000e-01	   2.2679110e+00	   1.1161250e+02	   9.4498079e-03	   9.1880164e-13	
   8.5000000e-01	   2.2582793e+00	   1.1160186e+02	   9.3560199e-03	   9.1676619e-13	
   8.6000000e-01	   2.2503240e+00	   1.1159463e+02	   9.2638332e-03	   9.1508843e-13	
   8.7000000e-01	   2.2430199e+00	   1.1158872e+02	   9.1731388e-03	   9.1355069e-13	
   8.8000000e-01	   2.2349265e+00	   1.1158121e+02	   9.0838349e-03	   9.1184981e-13	
   8.9000000e-01	   2.2257867e+00	   1.1157159e+02	   8.9958270e-03	   9.0993281e-13	
   9.0000000e-01	   2.2163051e+00	   1.1156127e+02	   8.9090293e-03	   9.0794840e-13	
   9.1000000e-01	   2.2073126e+00	   1.1155195e+02	   8.8233645e-03	   9.0607035e-13	
   9.2000000e-01	   2.1991847e+00	   1.1154438e+02	   8.7387645e-03	   9.0437622e-13	
   9.3000000e-01	   2.1912350e+00	   1.1153718e+02	   8.6551714e-03	   9.0272227e-13	
   9.4000000e-01	   2.1823484e+00	   1.1152807e+02	   8.5725374e-03	   9.0087699e-13	
   9.5000000e-01	   2.1726573e+00	   1.1151733e+02	   8.4908258e-03	   8.9886897e-13	
   9.6000000e-01	   2.1633685e+00	   1.1150740e+02	   8.4100107e-03	   8.9694851e-13	
   9.7000000e-01	   2.1551842e+00	   1.1149971e+02	   8.3300777e-03	   8.9525979e-13	
   9.8000000e-01	   2.1477551e+00	   1.1149355e+02	   8.2510231e-03	   8.9372965e-13	
   9.9000000e-01	   2.1399067e+00	   1.1148654e+02	   8.1728541e-03	   8.9211599e-13	
   1.0000000e+00	   2.1306856e+00	   1.1147674e+02	   8.0955877e-03	   8.9022385e-13	
